0	2.5e-06
0.1	2.5e-06
0.2	2.5e-06
0.3	2.5e-06
0.4	2.5e-06
0.5	2.5e-06
0.6	2.5e-06
0.7	2.5e-06
0.8	2.5e-06
0.9	2.5e-06
1	2.5e-06
1.1	2.5e-06
1.2	2.45484e-06
1.3	2.25705e-06
1.4	2.08381e-06
1.5	1.94172e-06
1.6	1.83802e-06
1.7	1.77942e-06
1.8	1.77041e-06
1.9	1.81173e-06
2	1.9001e-06
2.1	2.02939e-06
2.2	2.19236e-06
2.3	2.38211e-06
2.4	2.59277e-06
2.5	2.81966e-06
2.6	3.05917e-06
2.7	3.30855e-06
2.8	3.56575e-06
2.9	3.82917e-06
3	4.09763e-06
3.1	4.3702e-06
3.2	4.64614e-06
3.3	4.9249e-06
3.4	5.20602e-06
3.5	5.48914e-06
3.6	5.22465e-06
3.7	4.66446e-06
3.8	4.11551e-06
3.9	3.58296e-06
4	3.07535e-06
4.1	2.6073e-06
4.2	2.20413e-06
4.3	1.90745e-06
4.4	1.7716e-06
4.5	1.83269e-06
4.6	2.07339e-06
4.7	2.44114e-06
4.8	2.88779e-06
4.9	3.38224e-06
5	3.90637e-06
5.1	4.44971e-06
5.2	5.00601e-06
5.3	5.57138e-06
5.4	6.14333e-06
5.5	6.72017e-06
5.6	7.30075e-06
5.7	7.88423e-06
5.8	8.47002e-06
5.9	8.9482e-06
6	8.06789e-06
6.1	7.19247e-06
6.2	6.32394e-06
6.3	5.46562e-06
6.4	4.62316e-06
6.5	3.80714e-06
6.6	3.03892e-06
6.7	2.36552e-06
6.8	1.89113e-06
6.9	1.78243e-06
7	2.09708e-06
7.1	2.69043e-06
7.2	3.4204e-06
7.3	4.21661e-06
7.4	5.04782e-06
7.5	5.89925e-06
7.6	6.76327e-06
7.7	7.63561e-06
7.8	8.51371e-06
7.9	9.39595e-06
8	1.02813e-05
8.1	1.11689e-05
8.2	1.20584e-05
8.3	1.19013e-05
8.4	1.07161e-05
8.5	9.53463e-06
8.6	8.35839e-06
8.7	7.19002e-06
8.8	6.03407e-06
8.9	4.89935e-06
9	3.8049e-06
9.1	2.79838e-06
9.2	2.01608e-06
9.3	1.78275e-06
9.4	2.27417e-06
9.5	3.16946e-06
9.6	4.2189e-06
9.7	5.33224e-06
9.8	6.4766e-06
9.9	7.63807e-06
10	8.80986e-06
10.1	9.98836e-06
10.2	1.11714e-05
10.3	1.23578e-05
10.4	1.35465e-05
10.5	1.47371e-05
10.6	1.59291e-05
10.7	1.46162e-05
10.8	1.31285e-05
10.9	1.16439e-05
11	1.01638e-05
11.1	8.69062e-06
11.2	7.22842e-06
11.3	5.78561e-06
11.4	4.38138e-06
11.5	3.06916e-06
11.6	2.03542e-06
11.7	1.83471e-06
11.8	2.66259e-06
11.9	3.91313e-06
12	5.29488e-06
12.1	6.72748e-06
12.2	8.18427e-06
12.3	9.6543e-06
12.4	1.11323e-05
12.5	1.26155e-05
12.6	1.41023e-05
12.7	1.55916e-05
12.8	1.70828e-05
12.9	1.85754e-05
13	1.88736e-05
13.1	1.70824e-05
13.2	1.52932e-05
13.3	1.35069e-05
13.4	1.17247e-05
13.5	9.94898e-06
13.6	8.18388e-06
13.7	6.43812e-06
13.8	4.73318e-06
13.9	3.13633e-06
14	1.93653e-06
14.1	2.03562e-06
14.2	3.31923e-06
14.3	4.93669e-06
14.4	6.64864e-06
14.5	8.3975e-06
14.6	1.01642e-05
14.7	1.19409e-05
14.8	1.37237e-05
14.9	1.55104e-05
15	1.72999e-05
15.1	1.90913e-05
15.2	2.08843e-05
15.3	2.26783e-05
15.4	2.13877e-05
15.5	1.92957e-05
15.6	1.72056e-05
15.7	1.51183e-05
15.8	1.3035e-05
15.9	1.09581e-05
16	8.89205e-06
16.1	6.8467e-06
16.2	4.84832e-06
16.3	2.9925e-06
16.4	1.79553e-06
16.5	2.51253e-06
16.6	4.26869e-06
16.7	6.24104e-06
16.8	8.27644e-06
16.9	1.03377e-05
17	1.2412e-05
17.1	1.44937e-05
17.2	1.658e-05
17.3	1.86693e-05
17.4	2.07608e-05
17.5	2.28539e-05
17.6	2.49482e-05
17.7	2.60406e-05
17.8	2.36467e-05
17.9	2.12542e-05
18	1.88636e-05
18.1	1.64757e-05
18.2	1.40919e-05
18.3	1.17147e-05
18.4	9.34922e-06
18.5	7.00722e-06
18.6	4.72381e-06
18.7	2.65474e-06
18.8	1.81684e-06
18.9	3.32779e-06
19	5.51066e-06
19.1	7.82181e-06
19.2	1.01742e-05
19.3	1.25446e-05
19.4	1.49245e-05
19.5	1.73099e-05
19.6	1.96989e-05
19.7	2.20903e-05
19.8	2.44833e-05
19.9	2.68776e-05
20	2.92729e-05
20.1	2.83439e-05
20.2	2.56497e-05
20.3	2.29569e-05
20.4	2.0266e-05
20.5	1.75778e-05
20.6	1.4894e-05
20.7	1.22173e-05
20.8	9.5537e-06
20.9	6.91838e-06
21	4.3629e-06
21.1	2.18765e-06
21.2	2.26201e-06
21.3	4.47522e-06
21.4	7.03694e-06
21.5	9.67416e-06
21.6	1.23386e-05
21.7	1.50157e-05
21.8	1.76998e-05
21.9	2.03881e-05
22	2.30791e-05
22.1	2.5772e-05
22.2	2.84662e-05
22.3	3.11615e-05
22.4	3.33858e-05
22.5	3.03905e-05
22.6	2.73961e-05
22.7	2.44031e-05
22.8	2.14121e-05
22.9	1.8424e-05
23	1.54405e-05
23.1	1.2465e-05
23.2	9.50485e-06
23.3	6.58089e-06
23.4	3.7781e-06
23.5	1.79998e-06
23.6	3.19466e-06
23.7	5.93058e-06
23.8	8.83955e-06
23.9	1.17942e-05
24	1.47672e-05
24.1	1.77492e-05
24.2	2.07365e-05
24.3	2.37269e-05
24.4	2.67195e-05
24.5	2.97136e-05
24.6	3.27088e-05
24.7	3.57048e-05
24.8	3.54755e-05
24.9	3.218e-05
25	2.88856e-05
25.1	2.55926e-05
25.2	2.23016e-05
25.3	1.90138e-05
25.4	1.57311e-05
25.5	1.24575e-05
25.6	9.20282e-06
25.7	5.99786e-06
25.8	3.00614e-06
25.9	1.96962e-06
26	4.5279e-06
26.1	7.67492e-06
26.2	1.09127e-05
26.3	1.41792e-05
26.4	1.74583e-05
26.5	2.0744e-05
26.6	2.40337e-05
26.7	2.73258e-05
26.8	3.06196e-05
26.9	3.39147e-05
27	3.72106e-05
27.1	4.05072e-05
27.2	3.73079e-05
27.3	3.37124e-05
27.4	3.01179e-05
27.5	2.6525e-05
27.6	2.29342e-05
27.7	1.93469e-05
27.8	1.57654e-05
27.9	1.21948e-05
28	8.64859e-06
28.1	5.17715e-06
28.2	2.17434e-06
28.3	2.9279e-06
28.4	6.19172e-06
28.5	9.69651e-06
28.6	1.32524e-05
28.7	1.68271e-05
28.8	2.04107e-05
28.9	2.39992e-05
29	2.75907e-05
29.1	3.11841e-05
29.2	3.4779e-05
29.3	3.83747e-05
29.4	4.19712e-05
29.5	4.27792e-05
29.6	3.88829e-05
29.7	3.49874e-05
29.8	3.1093e-05
29.9	2.72002e-05
30	2.33098e-05
30.1	1.94233e-05
30.2	1.55435e-05
30.3	1.16773e-05
30.4	7.84447e-06
30.5	4.13917e-06
30.6	1.77475e-06
30.7	4.42569e-06
30.8	8.1513e-06
30.9	1.19884e-05
31	1.58562e-05
31.1	1.97366e-05
31.2	2.36235e-05
31.3	2.75142e-05
31.4	3.14071e-05
31.5	3.53016e-05
31.6	3.91972e-05
31.7	4.30936e-05
31.8	4.69906e-05
31.9	4.43967e-05
32	4.02004e-05
32.1	3.60049e-05
32.2	3.18107e-05
32.3	2.76182e-05
32.4	2.34283e-05
32.5	1.92429e-05
32.6	1.50656e-05
32.7	1.09057e-05
32.8	6.79548e-06
32.9	2.94988e-06
33	2.55049e-06
33.1	6.29192e-06
33.2	1.039e-05
33.3	1.45463e-05
33.4	1.87221e-05
33.5	2.29068e-05
33.6	2.70962e-05
33.7	3.12885e-05
33.8	3.54825e-05
33.9	3.96779e-05
34	4.38741e-05
34.1	4.8071e-05
34.2	5.02536e-05
34.3	4.57566e-05
34.4	4.12604e-05
34.5	3.6765e-05
34.6	3.22709e-05
34.7	2.77788e-05
34.8	2.32897e-05
34.9	1.88058e-05
35	1.43319e-05
35.1	9.88189e-06
35.2	5.51356e-06
35.3	1.90971e-06
35.4	4.17068e-06
35.5	8.46417e-06
35.6	1.28992e-05
35.7	1.73677e-05
35.8	2.18491e-05
35.9	2.63369e-05
36	3.08282e-05
36.1	3.53218e-05
36.2	3.98168e-05
36.3	4.43128e-05
36.4	4.88095e-05
36.5	5.33068e-05
36.6	5.16558e-05
36.7	4.68589e-05
36.8	4.20628e-05
36.9	3.72675e-05
37	3.24737e-05
37.1	2.76821e-05
37.2	2.28939e-05
37.3	1.81121e-05
37.4	1.33432e-05
37.5	8.60904e-06
37.6	4.0336e-06
37.7	2.12232e-06
37.8	6.23045e-06
37.9	1.09185e-05
38	1.56744e-05
38.1	2.0451e-05
38.2	2.52364e-05
38.3	3.00265e-05
38.4	3.48193e-05
38.5	3.96139e-05
38.6	4.44096e-05
38.7	4.92062e-05
38.8	5.40034e-05
38.9	5.78978e-05
39	5.28004e-05
39.1	4.77036e-05
39.2	4.26075e-05
39.3	3.75125e-05
39.4	3.24191e-05
39.5	2.73281e-05
39.6	2.22412e-05
39.7	1.71621e-05
39.8	1.21007e-05
39.9	7.0946e-06
40	2.50217e-06
40.1	3.7694e-06
40.2	8.61254e-06
40.3	1.36442e-05
40.4	1.87129e-05
40.5	2.37949e-05
40.6	2.88833e-05
40.7	3.39752e-05
40.8	3.90692e-05
40.9	4.41646e-05
41	4.92609e-05
41.1	5.43579e-05
41.2	5.94555e-05
41.3	5.90847e-05
41.4	5.36873e-05
41.5	4.82906e-05
41.6	4.28946e-05
41.7	3.74999e-05
41.8	3.21069e-05
41.9	2.67167e-05
42	2.13316e-05
42.1	1.59564e-05
42.2	1.06066e-05
42.3	5.35821e-06
42.4	1.80051e-06
42.5	6.00777e-06
42.6	1.12812e-05
42.7	1.6636e-05
42.8	2.20129e-05
42.9	2.73989e-05
43	3.27895e-05
43.1	3.81827e-05
43.2	4.35777e-05
43.3	4.89737e-05
43.4	5.43705e-05
43.5	5.97679e-05
43.6	6.51658e-05
43.7	6.00138e-05
43.8	5.43165e-05
43.9	4.86199e-05
44	4.29241e-05
44.1	3.72297e-05
44.2	3.15373e-05
44.3	2.58482e-05
44.4	2.01653e-05
44.5	1.44959e-05
44.6	8.86574e-06
44.7	3.47151e-06
44.8	3.23752e-06
44.9	8.59602e-06
45	1.42226e-05
45.1	1.9891e-05
45.2	2.55735e-05
45.3	3.12623e-05
45.4	3.69546e-05
45.5	4.26489e-05
45.6	4.83446e-05
45.7	5.40412e-05
45.8	5.97385e-05
45.9	6.54362e-05
46	6.66828e-05
46.1	6.06851e-05
46.2	5.46879e-05
46.3	4.86915e-05
46.4	4.2696e-05
46.5	3.6702e-05
46.6	3.07103e-05
46.7	2.47226e-05
46.8	1.87429e-05
46.9	1.27822e-05
47	6.88999e-06
47.1	1.88673e-06
47.2	5.62561e-06
47.3	1.14776e-05
47.4	1.74305e-05
47.5	2.34075e-05
47.6	2.93939e-05
47.7	3.53848e-05
47.8	4.13784e-05
47.9	4.73736e-05
48	5.33699e-05
48.1	5.9367e-05
48.2	6.53646e-05
48.3	7.13625e-05
48.4	6.73963e-05
48.5	6.10987e-05
48.6	5.48017e-05
48.7	4.85054e-05
48.8	4.22102e-05
48.9	3.59167e-05
49	2.96259e-05
49.1	2.33402e-05
49.2	1.70649e-05
49.3	1.08185e-05
49.4	4.71692e-06
49.5	2.61492e-06
49.6	8.41465e-06
49.7	1.4634e-05
49.8	2.09018e-05
49.9	2.71844e-05
50	3.34736e-05
50.1	3.97662e-05
50.2	4.60608e-05
50.3	5.23567e-05
50.4	5.86535e-05
50.5	6.49509e-05
50.6	7.12488e-05
50.7	7.445e-05
50.8	6.78521e-05
50.9	6.12546e-05
51	5.46576e-05
51.1	4.80616e-05
51.2	4.14667e-05
51.3	3.48739e-05
51.4	2.82843e-05
51.5	2.17012e-05
51.6	1.51327e-05
51.7	8.61243e-06
51.8	2.5437e-06
51.9	5.08792e-06
52	1.15075e-05
52.1	1.80577e-05
52.2	2.46345e-05
52.3	3.1221e-05
52.4	3.78123e-05
52.5	4.44061e-05
52.6	5.10016e-05
52.7	5.75981e-05
52.8	6.41953e-05
52.9	7.0793e-05
53	7.73911e-05
53.1	7.4948e-05
53.2	6.80501e-05
53.3	6.11527e-05
53.4	5.42559e-05
53.5	4.73601e-05
53.6	4.04657e-05
53.7	3.35737e-05
53.8	2.66857e-05
53.9	1.98062e-05
54	1.29483e-05
54.1	6.18511e-06
54.2	2.0178e-06
54.3	8.06892e-06
54.4	1.48783e-05
54.5	2.17449e-05
54.6	2.86275e-05
54.7	3.55169e-05
54.8	4.24098e-05
54.9	4.93046e-05
55	5.62007e-05
55.1	6.30977e-05
55.2	6.99952e-05
55.3	7.68932e-05
55.4	8.23863e-05
55.5	7.51881e-05
55.6	6.79903e-05
55.7	6.0793e-05
55.8	5.35965e-05
55.9	4.6401e-05
56	3.92072e-05
56.1	3.20161e-05
56.2	2.48303e-05
56.3	1.7656e-05
56.4	1.05169e-05
56.5	3.62722e-06
56.6	4.40315e-06
56.7	1.1371e-05
56.8	1.85173e-05
56.9	2.56936e-05
57	3.28803e-05
57.1	4.00717e-05
57.2	4.72658e-05
57.3	5.44614e-05
57.4	6.16581e-05
57.5	6.88554e-05
57.6	7.60533e-05
57.7	8.32515e-05
57.8	8.26685e-05
57.9	7.51704e-05
58	6.76727e-05
58.1	6.01756e-05
58.2	5.26793e-05
58.3	4.51842e-05
58.4	3.76911e-05
58.5	3.02014e-05
58.6	2.27185e-05
58.7	1.52524e-05
58.8	7.85121e-06
58.9	1.77409e-06
59	7.55997e-06
59.1	1.49552e-05
59.2	2.24202e-05
59.3	2.99027e-05
59.4	3.73922e-05
59.5	4.48852e-05
59.6	5.23802e-05
59.7	5.98765e-05
59.8	6.73736e-05
59.9	7.48713e-05
60	8.23694e-05
60.1	8.98678e-05
60.2	8.2693e-05
60.3	7.48949e-05
60.4	6.70974e-05
60.5	5.93004e-05
60.6	5.15044e-05
60.7	4.37098e-05
60.8	3.59176e-05
60.9	2.81297e-05
61	2.0351e-05
61.1	1.25987e-05
61.2	4.99719e-06
61.3	3.59116e-06
61.4	1.1068e-05
61.5	1.88092e-05
61.6	2.65848e-05
61.7	3.43714e-05
61.8	4.2163e-05
61.9	4.99572e-05
62	5.7753e-05
62.1	6.55498e-05
62.2	7.33472e-05
62.3	8.11452e-05
62.4	8.89435e-05
62.5	9.05579e-05
62.6	8.24596e-05
62.7	7.43617e-05
62.8	6.62642e-05
62.9	5.81675e-05
63	5.00719e-05
63.1	4.19779e-05
63.2	3.38868e-05
63.3	2.58013e-05
63.4	1.7729e-05
63.5	9.70306e-06
63.6	2.28046e-06
63.7	6.88997e-06
63.8	1.48648e-05
63.9	2.29276e-05
64	3.10098e-05
64.1	3.90993e-05
64.2	4.71925e-05
64.3	5.52876e-05
64.4	6.3384e-05
64.5	7.14812e-05
64.6	7.9579e-05
64.7	8.76772e-05
64.8	9.57757e-05
64.9	9.03667e-05
65	8.19685e-05
65.1	7.35706e-05
65.2	6.51734e-05
65.3	5.67769e-05
65.4	4.83817e-05
65.5	3.99885e-05
65.6	3.15989e-05
65.7	2.32168e-05
65.8	1.4855e-05
65.9	6.59089e-06
66	2.70739e-06
66.1	1.05991e-05
66.2	1.89333e-05
66.3	2.73079e-05
66.4	3.56944e-05
66.5	4.40861e-05
66.6	5.24804e-05
66.7	6.08763e-05
66.8	6.92732e-05
66.9	7.76707e-05
67	8.60688e-05
67.1	9.44671e-05
67.2	9.86161e-05
67.3	8.99176e-05
67.4	8.12195e-05
67.5	7.25218e-05
67.6	6.38247e-05
67.7	5.51286e-05
67.8	4.64339e-05
67.9	3.77417e-05
68	2.90541e-05
68.1	2.03771e-05
68.2	1.17342e-05
68.3	3.39654e-06
68.4	6.06317e-06
68.5	1.46071e-05
68.6	2.3267e-05
68.7	3.19487e-05
68.8	4.06382e-05
68.9	4.93314e-05
69	5.80267e-05
69.1	6.67232e-05
69.2	7.54205e-05
69.3	8.41183e-05
69.4	9.28166e-05
69.5	0.000101515
69.6	9.82092e-05
69.7	8.92108e-05
69.8	8.02127e-05
69.9	7.12152e-05
70	6.22184e-05
70.1	5.32226e-05
70.2	4.42286e-05
70.3	3.52376e-05
70.4	2.62528e-05
70.5	1.72839e-05
70.6	8.3818e-06
70.7	1.94315e-06
70.8	9.9648e-06
70.9	1.88896e-05
71	2.78629e-05
71.1	3.68492e-05
71.2	4.58408e-05
71.3	5.48352e-05
71.4	6.38312e-05
71.5	7.28282e-05
71.6	8.18258e-05
71.7	9.08239e-05
71.8	9.98224e-05
71.9	0.000106843
72	9.75444e-05
72.1	8.82461e-05
72.2	7.89482e-05
72.3	6.96508e-05
72.4	6.03543e-05
72.5	5.1059e-05
72.6	4.17658e-05
72.7	3.24765e-05
72.8	2.31959e-05
72.9	1.39409e-05
73	4.86121e-06
73.1	5.08854e-06
73.2	1.41822e-05
73.3	2.34384e-05
73.4	3.27194e-05
73.5	4.20088e-05
73.6	5.13021e-05
73.7	6.05974e-05
73.8	6.9894e-05
73.9	7.91913e-05
74	8.84893e-05
74.1	9.77876e-05
74.2	0.000107086
74.3	0.00010622
74.4	9.66218e-05
74.5	8.70236e-05
74.6	7.74259e-05
74.7	6.78287e-05
74.8	5.82325e-05
74.9	4.86378e-05
75	3.90457e-05
75.1	2.94588e-05
75.2	1.98844e-05
75.3	1.03576e-05
75.4	1.86865e-06
75.5	9.16641e-06
75.6	1.86782e-05
75.7	2.82497e-05
75.8	3.78357e-05
75.9	4.74273e-05
76	5.70217e-05
76.1	6.66178e-05
76.2	7.62148e-05
76.3	8.58125e-05
76.4	9.54107e-05
76.5	0.000105009
76.6	0.000114608
76.7	0.00010534
76.8	9.54414e-05
76.9	8.55433e-05
77	7.56457e-05
77.1	6.57488e-05
77.2	5.58531e-05
77.3	4.59591e-05
77.4	3.60684e-05
77.5	2.61848e-05
77.6	1.63211e-05
77.7	6.56746e-06
77.8	3.98812e-06
77.9	1.35904e-05
78	2.34417e-05
78.1	3.33218e-05
78.2	4.32111e-05
78.3	5.31044e-05
78.4	6.29997e-05
78.5	7.28964e-05
78.6	8.27938e-05
78.7	9.26918e-05
78.8	0.00010259
78.9	0.000112489
79	0.0001144
79.1	0.000104202
79.2	9.40032e-05
79.3	8.38053e-05
79.4	7.36078e-05
79.5	6.34113e-05
79.6	5.3216e-05
79.7	4.3023e-05
79.8	3.28342e-05
79.9	2.26557e-05
80	1.25121e-05
80.1	2.81182e-06
80.2	8.20605e-06
80.3	1.8299e-05
80.4	2.84683e-05
80.5	3.86538e-05
80.6	4.88454e-05
80.7	5.90399e-05
80.8	6.9236e-05
80.9	7.94331e-05
81	8.96308e-05
81.1	9.9829e-05
81.2	0.000110028
81.3	0.000120226
81.4	0.000113304
81.5	0.000102805
81.6	9.23072e-05
81.7	8.18094e-05
81.8	7.13122e-05
81.9	6.0816e-05
82	5.03214e-05
82.1	3.98295e-05
82.2	2.93436e-05
82.3	1.88733e-05
82.4	8.47668e-06
82.5	2.8298e-06
82.6	1.28321e-05
82.7	2.32769e-05
82.8	3.3756e-05
82.9	4.4245e-05
83	5.47383e-05
83.1	6.52337e-05
83.2	7.57303e-05
83.3	8.62278e-05
83.4	9.67259e-05
83.5	0.000107224
83.6	0.000117723
83.7	0.000122749
83.8	0.00011195
83.9	0.000101152
84	9.03534e-05
84.1	7.95558e-05
84.2	6.87588e-05
84.3	5.79631e-05
84.4	4.71692e-05
84.5	3.63791e-05
84.6	2.55972e-05
84.7	1.48418e-05
84.8	4.31486e-06
84.9	7.08787e-06
85	1.77521e-05
85.1	2.85187e-05
85.2	3.93037e-05
85.3	5.00951e-05
85.4	6.08896e-05
85.5	7.16857e-05
85.6	8.24828e-05
85.7	9.32806e-05
85.8	0.000104079
85.9	0.000114877
86	0.000125676
86.1	0.000121437
86.2	0.000110338
86.3	9.92398e-05
86.4	8.81418e-05
86.5	7.70443e-05
86.6	6.59478e-05
86.7	5.48526e-05
86.8	4.37598e-05
86.9	3.26719e-05
87	2.15965e-05
87.1	1.05729e-05
87.2	1.89259e-06
87.3	1.19079e-05
87.4	2.29441e-05
87.5	3.40219e-05
87.6	4.51106e-05
87.7	5.62037e-05
87.8	6.72992e-05
87.9	7.83959e-05
88	8.94934e-05
88.1	0.000100591
88.2	0.00011169
88.3	0.000122789
88.4	0.000131266
88.5	0.000119867
88.6	0.000108469
88.7	9.70702e-05
88.8	8.56724e-05
88.9	7.42752e-05
89	6.2879e-05
89.1	5.14845e-05
89.2	4.00931e-05
89.3	2.87086e-05
89.4	1.73445e-05
89.5	6.11523e-06
89.6	5.82078e-06
89.7	1.70378e-05
89.8	2.84009e-05
89.9	3.97851e-05
90	5.11764e-05
90.1	6.25708e-05
90.2	7.3967e-05
90.3	8.53642e-05
90.4	9.6762e-05
90.5	0.00010816
90.6	0.000119559
90.7	0.000130958
90.8	0.000129738
90.9	0.00011804
91	0.000106341
91.1	9.46429e-05
91.2	8.29452e-05
91.3	7.12483e-05
91.4	5.95526e-05
91.5	4.7859e-05
91.6	3.61696e-05
91.7	2.44903e-05
91.8	1.28486e-05
91.9	2.04412e-06
92	1.0819e-05
92.1	2.24434e-05
92.2	3.41195e-05
92.3	4.58078e-05
92.4	5.75008e-05
92.5	6.91962e-05
92.6	8.08929e-05
92.7	9.25905e-05
92.8	0.000104289
92.9	0.000115987
93	0.000127686
93.1	0.000139385
93.2	0.000127953
93.3	0.000115954
93.4	0.000103956
93.5	9.19577e-05
93.6	7.99603e-05
93.7	6.79637e-05
93.8	5.59687e-05
93.9	4.39763e-05
94	3.19896e-05
94.1	2.00189e-05
94.2	8.13512e-06
94.3	4.42749e-06
94.4	1.61563e-05
94.5	2.81149e-05
94.6	4.00983e-05
94.7	5.20893e-05
94.8	6.40837e-05
94.9	7.60798e-05
95	8.8077e-05
95.1	0.000100075
95.2	0.000112073
95.3	0.000124072
95.4	0.000136071
95.5	0.000138209
95.6	0.00012591
95.7	0.000113611
95.8	0.000101313
95.9	8.90148e-05
96	7.67176e-05
96.1	6.44215e-05
96.2	5.21272e-05
96.3	3.98365e-05
96.4	2.7554e-05
96.5	1.52997e-05
96.6	3.39395e-06
96.7	9.56751e-06
96.8	2.17747e-05
96.9	3.40487e-05
97	4.63365e-05
97.1	5.86294e-05
97.2	7.09248e-05
97.3	8.32216e-05
97.4	9.55191e-05
97.5	0.000107817
97.6	0.000120116
97.7	0.000132415
97.8	0.000144714
97.9	0.000136207
98	0.000123608
98.1	0.00011101
98.2	9.84117e-05
98.3	8.58141e-05
98.4	7.32172e-05
98.5	6.06216e-05
98.6	4.80284e-05
98.7	3.544e-05
98.8	2.28643e-05
98.9	1.0348e-05
99	2.98412e-06
99.1	1.51079e-05
99.2	2.76607e-05
99.3	4.0243e-05
99.4	5.28337e-05
99.5	6.5428e-05
99.6	7.80242e-05
99.7	9.06214e-05
99.8	0.000103219
99.9	0.000115818
100	0.000128416
100.1	0.000141015
100.2	0.000146847
100.3	0.000133948
100.4	0.00012105
100.5	0.000108151
100.6	9.5253e-05
100.7	8.23556e-05
100.8	6.94591e-05
100.9	5.65642e-05
101	4.36724e-05
101.1	3.07874e-05
101.2	1.7924e-05
101.3	5.24358e-06
101.4	8.15724e-06
101.5	2.09381e-05
101.6	3.38096e-05
101.7	4.66969e-05
101.8	5.95896e-05
101.9	7.24849e-05
102	8.53817e-05
102.1	9.82793e-05
102.2	0.000111177
102.3	0.000124076
102.4	0.000136975
102.5	0.000149874
102.6	0.00014463
102.7	0.000131431
102.8	0.000118233
102.9	0.000105034
103	9.18365e-05
103.1	7.86394e-05
103.2	6.54434e-05
103.3	5.22494e-05
103.4	3.90595e-05
103.5	2.588e-05
103.6	1.27427e-05
103.7	1.86064e-06
103.8	1.38934e-05
103.9	2.70383e-05
104	4.02194e-05
104.1	5.34098e-05
104.2	6.6604e-05
104.3	7.98001e-05
104.4	9.29973e-05
104.5	0.000106195
104.6	0.000119394
104.7	0.000132592
104.8	0.000145791
104.9	0.000155655
105	0.000142156
105.1	0.000128657
105.2	0.000115158
105.3	0.00010166
105.4	8.81623e-05
105.5	7.46655e-05
105.6	6.11701e-05
105.7	4.76773e-05
105.8	3.41903e-05
105.9	2.07201e-05
106	7.36e-06
106.1	6.59673e-06
106.2	1.9934e-05
106.3	3.34023e-05
106.4	4.68888e-05
106.5	6.03813e-05
106.6	7.38766e-05
106.7	8.73733e-05
106.8	0.000100871
106.9	0.000114369
107	0.000127868
107.1	0.000141367
107.2	0.000154866
107.3	0.000153222
107.4	0.000139423
107.5	0.000125624
107.6	0.000111826
107.7	9.80277e-05
107.8	8.42303e-05
107.9	7.04339e-05
108	5.66393e-05
108.1	4.28482e-05
108.2	2.90655e-05
108.3	1.53141e-05
108.4	2.26229e-06
108.5	1.25138e-05
108.6	2.62479e-05
108.7	4.00273e-05
108.8	5.38173e-05
108.9	6.76114e-05
109	8.14075e-05
109.1	9.52047e-05
109.2	0.000109003
109.3	0.000122801
109.4	0.0001366
109.5	0.000150399
109.6	0.000164198
109.7	0.000150531
109.8	0.000136432
109.9	0.000122334
110	0.000108235
110.1	9.41376e-05
110.2	8.00405e-05
110.3	6.59447e-05
110.4	5.18512e-05
110.5	3.77624e-05
110.6	2.36871e-05
110.7	9.68374e-06
110.8	4.90836e-06
110.9	1.87624e-05
111	3.28266e-05
111.1	4.69123e-05
111.2	6.10046e-05
111.3	7.50998e-05
111.4	8.91965e-05
111.5	0.000103294
111.6	0.000117392
111.7	0.000131491
111.8	0.00014559
111.9	0.000159689
112	0.000161982
112.1	0.000147583
112.2	0.000133184
112.3	0.000118786
112.4	0.000104387
112.5	8.99898e-05
112.6	7.55931e-05
112.7	6.1198e-05
112.8	4.68059e-05
112.9	3.24207e-05
113	1.80592e-05
113.1	3.98591e-06
113.2	1.09709e-05
113.3	2.52894e-05
113.4	3.96669e-05
113.5	5.40564e-05
113.6	6.84504e-05
113.7	8.28464e-05
113.8	9.72436e-05
113.9	0.000111642
114	0.00012604
114.1	0.000140439
114.2	0.000154838
114.3	0.000169237
114.4	0.000159076
114.5	0.000144377
114.6	0.000129678
114.7	0.00011498
114.8	0.000100282
114.9	8.55843e-05
115	7.08881e-05
115.1	5.61939e-05
115.2	4.15037e-05
115.3	2.68244e-05
115.4	1.21949e-05
115.5	3.17218e-06
115.6	1.74239e-05
115.7	3.20827e-05
115.8	4.67674e-05
115.9	6.14594e-05
116	7.61545e-05
116.1	9.08512e-05
116.2	0.000105549
116.3	0.000120247
116.4	0.000134946
116.5	0.000149644
116.6	0.000164343
116.7	0.000170911
116.8	0.000155912
116.9	0.000140913
117	0.000125914
117.1	0.000110916
117.2	9.5918e-05
117.3	8.09211e-05
117.4	6.59255e-05
117.5	5.09324e-05
117.6	3.59453e-05
117.7	2.09764e-05
117.8	6.16082e-06
117.9	9.26839e-06
118	2.4163e-05
118.1	3.91382e-05
118.2	5.41271e-05
118.3	6.91209e-05
118.4	8.41168e-05
118.5	9.9114e-05
118.6	0.000114112
118.7	0.00012911
118.8	0.000144109
118.9	0.000159108
119	0.000174107
119.1	0.000167789
119.2	0.00015249
119.3	0.000137191
119.4	0.000121892
119.5	0.000106594
119.6	9.12967e-05
119.7	7.60002e-05
119.8	6.07053e-05
119.9	4.5414e-05
120	3.01315e-05
120.1	1.48849e-05
120.2	1.84277e-06
120.3	1.59189e-05
120.4	3.11706e-05
120.5	4.6454e-05
120.6	6.17457e-05
120.7	7.70407e-05
120.8	9.23373e-05
120.9	0.000107635
121	0.000122933
121.1	0.000138232
121.2	0.000153531
121.3	0.00016883
121.4	0.000180008
121.5	0.000164409
121.6	0.00014881
121.7	0.000133211
121.8	0.000117613
121.9	0.000102015
122	8.64177e-05
122.1	7.08217e-05
122.2	5.52279e-05
122.3	3.9639e-05
122.4	2.40646e-05
122.5	8.5836e-06
122.6	7.41424e-06
122.7	2.28688e-05
122.8	3.84411e-05
122.9	5.40293e-05
123	6.96229e-05
123.1	8.52187e-05
123.2	0.000100816
123.3	0.000116414
123.4	0.000132012
123.5	0.000147611
123.6	0.00016321
123.7	0.000178809
123.8	0.000176671
123.9	0.000160771
124	0.000144872
124.1	0.000128974
124.2	0.000113076
124.3	9.71778e-05
124.4	8.12809e-05
124.5	6.53856e-05
124.6	4.94933e-05
124.7	3.36082e-05
124.8	1.775e-05
124.9	2.49572e-06
125	1.42484e-05
125.1	3.00903e-05
125.2	4.59723e-05
125.3	6.18636e-05
125.4	7.77584e-05
125.5	9.3655e-05
125.6	0.000109553
125.7	0.000125451
125.8	0.000141349
125.9	0.000157248
126	0.000173147
126.1	0.000189047
126.2	0.000173075
126.3	0.000156876
126.4	0.000140677
126.5	0.000124479
126.6	0.00010828
126.7	9.20829e-05
126.8	7.58866e-05
126.9	5.96921e-05
127	4.35019e-05
127.1	2.73232e-05
127.2	1.12063e-05
127.3	5.42985e-06
127.4	2.14071e-05
127.5	3.75756e-05
127.6	5.37631e-05
127.7	6.99564e-05
127.8	8.61522e-05
127.9	0.000102349
128	0.000118547
128.1	0.000134746
128.2	0.000150944
128.3	0.000167143
128.4	0.000183343
128.5	0.000185721
128.6	0.000169222
128.7	0.000152723
128.8	0.000136224
128.9	0.000119725
129	0.000103227
129.1	8.67304e-05
129.2	7.02346e-05
129.3	5.37414e-05
129.4	3.72543e-05
129.5	2.07877e-05
129.6	4.56825e-06
129.7	1.24142e-05
129.8	2.88419e-05
129.9	4.53221e-05
130	6.18129e-05
130.1	7.83076e-05
130.2	9.48041e-05
130.3	0.000111302
130.4	0.0001278
130.5	0.000144298
130.6	0.000160797
130.7	0.000177296
130.8	0.000193796
130.9	0.000181909
131	0.00016511
131.1	0.000148311
131.2	0.000131513
131.3	0.000114715
131.4	9.79168e-05
131.5	8.11201e-05
131.6	6.43252e-05
131.7	4.75338e-05
131.8	3.07517e-05
131.9	1.40128e-05
132	3.39557e-06
132.1	1.97783e-05
132.2	3.65419e-05
132.3	5.33284e-05
132.4	7.01214e-05
132.5	8.69171e-05
132.6	0.000103714
132.7	0.000120512
132.8	0.00013731
132.9	0.000154109
133	0.000170908
133.1	0.000187707
133.2	0.00019494
133.3	0.00017784
133.4	0.000160741
133.5	0.000143642
133.6	0.000126544
133.7	0.000109446
133.8	9.23485e-05
133.9	7.52523e-05
134	5.81584e-05
134.1	4.10696e-05
134.2	2.39967e-05
134.3	7.05656e-06
134.4	1.04195e-05
134.5	2.74255e-05
134.6	4.45036e-05
134.7	6.15938e-05
134.8	7.86883e-05
134.9	9.57848e-05
135	0.000112882
135.1	0.00012998
135.2	0.000147079
135.3	0.000164178
135.4	0.000181277
135.5	0.000198376
135.6	0.000190913
135.7	0.000173513
135.8	0.000156114
135.9	0.000138716
136	0.000121317
136.1	0.000103919
136.2	8.65224e-05
136.3	6.9127e-05
136.4	5.17346e-05
136.5	3.43499e-05
136.6	1.69965e-05
136.7	1.83594e-06
136.8	1.79828e-05
136.9	3.53399e-05
137	5.27253e-05
137.1	7.01179e-05
137.2	8.75135e-05
137.3	0.000104911
137.4	0.000122308
137.5	0.000139707
137.6	0.000157106
137.7	0.000174505
137.8	0.000191904
137.9	0.000204327
138	0.000186628
138.1	0.000168929
138.2	0.00015123
138.3	0.000133531
138.4	0.000115833
138.5	9.81352e-05
138.6	8.04387e-05
138.7	6.27442e-05
138.8	4.5054e-05
138.9	2.73764e-05
139	9.78036e-06
139.1	8.27182e-06
139.2	2.58413e-05
139.3	4.35166e-05
139.4	6.12063e-05
139.5	7.89005e-05
139.6	9.65969e-05
139.7	0.000114294
139.8	0.000131993
139.9	0.000149691
140	0.00016739
140.1	0.000185089
140.2	0.000202788
140.3	0.000200084
140.4	0.000182085
140.5	0.000164086
140.6	0.000146087
140.7	0.000128089
140.8	0.000110091
140.9	9.20933e-05
141	7.40974e-05
141.1	5.61042e-05
141.2	3.81174e-05
141.3	2.0154e-05
141.4	2.72694e-06
141.5	1.60215e-05
141.6	3.39697e-05
141.7	5.19537e-05
141.8	6.9946e-05
141.9	8.79414e-05
142	0.000105938
142.1	0.000123936
142.2	0.000141935
142.3	0.000159933
142.4	0.000177932
142.5	0.000195932
142.6	0.000213883
142.7	0.000195584
142.8	0.000177284
142.9	0.000158985
143	0.000140687
143.1	0.000122388
143.2	0.000104091
143.3	8.57938e-05
143.4	6.74987e-05
143.5	4.92073e-05
143.6	3.09261e-05
143.7	1.26992e-05
143.8	5.99118e-06
143.9	2.40894e-05
144	4.23613e-05
144.1	6.06502e-05
144.2	7.89442e-05
144.3	9.72405e-05
144.4	0.000115538
144.5	0.000133836
144.6	0.000152135
144.7	0.000170434
144.8	0.000188733
144.9	0.000207032
145	0.000209424
145.1	0.000190825
145.2	0.000172226
145.3	0.000153627
145.4	0.000135028
145.5	0.00011643
145.6	9.78329e-05
145.7	7.92366e-05
145.8	6.06427e-05
145.9	4.20541e-05
146	2.34835e-05
146.1	5.13103e-06
146.2	1.3896e-05
146.3	3.24313e-05
146.4	5.10137e-05
146.5	6.96056e-05
146.6	8.82008e-05
146.7	0.000106798
146.8	0.000125396
146.9	0.000143994
147	0.000162593
147.1	0.000181192
147.2	0.000199791
147.3	0.00021839
147.4	0.000204708
147.5	0.000185809
147.6	0.00016691
147.7	0.000148011
147.8	0.000129112
147.9	0.000110215
148	9.13175e-05
148.1	7.24219e-05
148.2	5.35296e-05
148.3	3.46455e-05
148.4	1.57996e-05
148.5	3.65549e-06
148.6	2.21702e-05
148.7	4.10377e-05
148.8	5.99257e-05
148.9	7.88195e-05
149	9.77156e-05
149.1	0.000116613
149.2	0.000135511
149.3	0.00015441
149.4	0.000173309
149.5	0.000192208
149.6	0.000211107
149.7	0.000218933
149.8	0.000199734
149.9	0.000180535
150	0.000161336
150.1	0.000142137
150.2	0.000122939
150.3	0.000103741
150.4	8.45445e-05
150.5	6.53499e-05
150.6	4.61598e-05
150.7	2.69839e-05
150.8	7.92564e-06
150.9	1.16094e-05
151	3.07249e-05
151.1	4.99053e-05
151.2	6.90966e-05
151.3	8.82917e-05
151.4	0.000107489
151.5	0.000126686
151.6	0.000145885
151.7	0.000165083
151.8	0.000184282
151.9	0.000203482
152	0.000222681
152.1	0.000214001
152.2	0.000194502
152.3	0.000175003
152.4	0.000155504
152.5	0.000136005
152.6	0.000116507
152.7	9.70098e-05
152.8	7.75139e-05
152.9	5.80207e-05
153	3.85343e-05
153.1	1.90758e-05
153.2	1.83883e-06
153.3	2.00842e-05
153.4	3.95458e-05
153.5	5.90327e-05
153.6	7.85262e-05
153.7	9.80222e-05
153.8	0.00011752
153.9	0.000137018
154	0.000156516
154.1	0.000176015
154.2	0.000195514
154.3	0.000215014
154.4	0.00022861
154.5	0.000208811
154.6	0.000189012
154.7	0.000169213
154.8	0.000149414
154.9	0.000129616
155	0.000109818
155.1	9.0021e-05
155.2	7.02259e-05
155.3	5.04346e-05
155.4	3.06546e-05
155.5	1.09473e-05
155.6	9.16842e-06
155.7	2.88506e-05
155.8	4.86285e-05
155.9	6.84192e-05
156	8.82141e-05
156.1	0.000108011
156.2	0.000127809
156.3	0.000147607
156.4	0.000167406
156.5	0.000187205
156.6	0.000207004
156.7	0.000226803
156.8	0.000223463
156.9	0.000203363
157	0.000183264
157.1	0.000163165
157.2	0.000143067
157.3	0.000122968
157.4	0.000102871
157.5	8.27745e-05
157.6	6.26806e-05
157.7	4.25923e-05
157.8	2.25251e-05
157.9	2.94517e-06
158	1.78322e-05
158.1	3.78856e-05
158.2	5.79713e-05
158.3	7.80644e-05
158.4	9.81603e-05
158.5	0.000118258
158.6	0.000138356
158.7	0.000158454
158.8	0.000178553
158.9	0.000198652
159	0.000218752
159.1	0.000238456
159.2	0.000218057
159.3	0.000197658
159.4	0.000177259
159.5	0.00015686
159.6	0.000136461
159.7	0.000116063
159.8	9.56661e-05
159.9	7.52705e-05
160	5.48783e-05
160.1	3.44951e-05
160.2	1.41606e-05
160.3	6.59168e-06
160.4	2.68086e-05
160.5	4.71833e-05
160.6	6.75733e-05
160.7	8.7968e-05
160.8	0.000108365
160.9	0.000128762
161	0.000149161
161.1	0.000169559
161.2	0.000189958
161.3	0.000210358
161.4	0.000230757
161.5	0.000233093
161.6	0.000212393
161.7	0.000191694
161.8	0.000170995
161.9	0.000150296
162	0.000129598
162.1	0.0001089
162.2	8.82038e-05
162.3	6.75092e-05
162.4	4.68195e-05
162.5	2.61459e-05
162.6	5.66876e-06
162.7	1.54156e-05
162.8	3.60573e-05
162.9	5.67415e-05
163	7.74341e-05
163.1	9.81298e-05
163.2	0.000118827
163.3	0.000139525
163.4	0.000160224
163.5	0.000180923
163.6	0.000201622
163.7	0.000222321
163.8	0.00024302
163.9	0.000227471
164	0.000206472
164.1	0.000185473
164.2	0.000164474
164.3	0.000143475
164.4	0.000122477
164.5	0.00010148
164.6	8.04839e-05
164.7	5.94908e-05
164.8	3.85051e-05
164.9	1.75537e-05
165	3.95281e-06
165.1	2.45991e-05
165.2	4.55698e-05
165.3	6.6559e-05
165.4	8.75533e-05
165.5	0.00010855
165.6	0.000129548
165.7	0.000150546
165.8	0.000171545
165.9	0.000192544
166	0.000213543
166.1	0.000234542
166.2	0.000242891
166.3	0.000221592
166.4	0.000200293
166.5	0.000178994
166.6	0.000157695
166.7	0.000136397
166.8	0.000115099
166.9	9.38017e-05
167	7.25066e-05
167.1	5.12156e-05
167.2	2.99373e-05
167.3	8.76518e-06
167.4	1.28372e-05
167.5	3.40608e-05
167.6	5.53432e-05
167.7	7.66353e-05
167.8	9.79309e-05
167.9	0.000119228
168	0.000140526
168.1	0.000161825
168.2	0.000183123
168.3	0.000204423
168.4	0.000225722
168.5	0.000247021
168.6	0.000237054
168.7	0.000215455
168.8	0.000193856
168.9	0.000172257
169	0.000150658
169.1	0.00012906
169.2	0.000107462
169.3	8.5866e-05
169.4	6.42721e-05
169.5	4.26844e-05
169.6	2.11219e-05
169.7	1.85202e-06
169.8	2.22227e-05
169.9	4.37879e-05
170	6.53761e-05
170.1	8.69702e-05
170.2	0.000108567
170.3	0.000130164
170.4	0.000151763
170.5	0.000173361
170.6	0.00019496
170.7	0.000216559
170.8	0.000238159
170.9	0.000252859
171	0.000230959
171.1	0.00020906
171.2	0.000187161
171.3	0.000165262
171.4	0.000143363
171.5	0.000121465
171.6	9.95683e-05
171.7	7.76727e-05
171.8	5.57806e-05
171.9	3.38987e-05
172	1.20826e-05
172.1	1.01033e-05
172.2	3.18964e-05
172.3	5.37765e-05
172.4	7.56681e-05
172.5	9.75634e-05
172.6	0.00011946
172.7	0.000141358
172.8	0.000163257
172.9	0.000185156
173	0.000207055
173.1	0.000228954
173.2	0.000250854
173.3	0.000246806
173.4	0.000224607
173.5	0.000202407
173.6	0.000180208
173.7	0.000158009
173.8	0.000135811
173.9	0.000113613
174	9.14167e-05
174.1	6.92221e-05
174.2	4.70328e-05
174.3	2.48625e-05
174.4	3.14368e-06
174.5	1.968e-05
174.6	4.18378e-05
174.7	6.40248e-05
174.8	8.62186e-05
174.9	0.000108415
175	0.000130612
175.1	0.000152811
175.2	0.000175009
175.3	0.000197208
175.4	0.000219408
175.5	0.000241607
175.6	0.000262995
175.7	0.000240495
175.8	0.000217996
175.9	0.000195497
176	0.000172998
176.1	0.000150499
176.2	0.000128001
176.3	0.000105503
176.4	8.30075e-05
176.5	6.05145e-05
176.6	3.80298e-05
176.7	1.55892e-05
176.8	7.23075e-06
176.9	2.95642e-05
177	5.20414e-05
177.1	7.45323e-05
177.2	9.70274e-05
177.3	0.000119524
177.4	0.000142022
177.5	0.000164521
177.6	0.00018702
177.7	0.000209519
177.8	0.000232018
177.9	0.000254517
178	0.000256726
178.1	0.000233927
178.2	0.000211127
178.3	0.000188328
178.4	0.000165529
178.5	0.000142731
178.6	0.000119933
178.7	9.7136e-05
178.8	7.43409e-05
178.9	5.15502e-05
179	2.87743e-05
179.1	6.17821e-06
179.2	1.69724e-05
179.3	3.97195e-05
179.4	6.25051e-05
179.5	8.52984e-05
179.6	0.000108095
179.7	0.000130892
179.8	0.00015369
179.9	0.000176489
180	0.000199288
180.1	0.000222087
180.2	0.000244886
180.3	0.000267686
180.4	0.0002502
180.5	0.0002271
180.6	0.000204001
180.7	0.000180902
180.8	0.000157803
180.9	0.000134705
181	0.000111607
181.1	8.85109e-05
181.2	6.54172e-05
181.3	4.23302e-05
181.4	1.92745e-05
181.5	4.28806e-06
181.6	2.70645e-05
181.7	5.01379e-05
181.8	7.32281e-05
181.9	9.63229e-05
182	0.00011942
182.1	0.000142518
182.2	0.000165616
182.3	0.000188715
182.4	0.000211814
182.5	0.000234913
182.6	0.000258013
182.7	0.000266815
182.8	0.000243415
182.9	0.000220016
183	0.000196617
183.1	0.000173218
183.2	0.000149819
183.3	0.000126421
183.4	0.000103024
183.5	7.96284e-05
183.6	5.62366e-05
183.7	3.28564e-05
183.8	9.57342e-06
183.9	1.41024e-05
184	3.7433e-05
184.1	6.08169e-05
184.2	8.42098e-05
184.3	0.000107606
184.4	0.000131003
184.5	0.000154401
184.6	0.0001778
184.7	0.000201199
184.8	0.000224598
184.9	0.000247998
185	0.000271397
185.1	0.000260072
185.2	0.000236373
185.3	0.000212674
185.4	0.000188975
185.5	0.000165276
185.6	0.000141577
185.7	0.00011788
185.8	9.4183e-05
185.9	7.04886e-05
186	4.67998e-05
186.1	2.31341e-05
186.2	1.87787e-06
186.3	2.43977e-05
186.4	4.80661e-05
186.5	7.17553e-05
186.6	9.54499e-05
186.7	0.000119147
186.8	0.000142845
186.9	0.000166543
187	0.000190242
187.1	0.000213941
187.2	0.00023764
187.3	0.00026134
187.4	0.000277072
187.5	0.000253072
187.6	0.000229073
187.7	0.000205074
187.8	0.000181075
187.9	0.000157076
188	0.000133078
188.1	0.000109081
188.2	8.50846e-05
188.3	6.10918e-05
188.4	3.71083e-05
188.5	1.31853e-05
188.6	1.10758e-05
188.7	3.49785e-05
188.8	5.89603e-05
188.9	8.29526e-05
189	0.000106948
189.1	0.000130946
189.2	0.000154944
189.3	0.000178943
189.4	0.000202941
189.5	0.000226941
189.6	0.00025094
189.7	0.000274939
189.8	0.000270114
189.9	0.000245814
190	0.000221515
190.1	0.000197216
190.2	0.000172917
190.3	0.000148619
190.4	0.000124321
190.5	0.000100024
190.6	7.57288e-05
190.7	5.14385e-05
190.8	2.71657e-05
190.9	3.31823e-06
191	2.15644e-05
191.1	4.5826e-05
191.2	7.01142e-05
191.3	9.44084e-05
191.4	0.000118705
191.5	0.000143003
191.6	0.000167301
191.7	0.0001916
191.8	0.000215899
191.9	0.000240198
192	0.000264498
192.1	0.000287498
192.2	0.000262898
192.3	0.000238299
192.4	0.0002137
192.5	0.0001891
192.6	0.000164502
192.7	0.000139903
192.8	0.000115306
192.9	9.07094e-05
193	6.61158e-05
193.1	4.15298e-05
193.2	1.69844e-05
193.3	7.90793e-06
193.4	3.23561e-05
193.5	5.69353e-05
193.6	8.1527e-05
193.7	0.000106123
193.8	0.00013072
193.9	0.000155318
194	0.000179916
194.1	0.000204515
194.2	0.000229115
194.3	0.000253714
194.4	0.000278313
194.5	0.000280324
194.6	0.000255424
194.7	0.000230525
194.8	0.000205626
194.9	0.000180727
195	0.000155828
195.1	0.00013093
195.2	0.000106033
195.3	8.11376e-05
195.4	5.62462e-05
195.5	3.13682e-05
195.6	6.65737e-06
195.7	1.8566e-05
195.8	4.34176e-05
195.9	6.83045e-05
196	9.31984e-05
196.1	0.000118095
196.2	0.000142993
196.3	0.000167891
196.4	0.00019279
196.5	0.000217689
196.6	0.000242588
196.7	0.000267487
196.8	0.000292387
196.9	0.000272892
197	0.000247693
197.1	0.000222494
197.2	0.000197295
197.3	0.000172096
197.4	0.000146897
197.5	0.0001217
197.6	9.65029e-05
197.7	7.13086e-05
197.8	4.61206e-05
197.9	2.09614e-05
198	4.66149e-06
198.1	2.95662e-05
198.2	5.47418e-05
198.3	7.99328e-05
198.4	0.000105128
198.5	0.000130325
198.6	0.000155523
198.7	0.000180722
198.8	0.000205921
198.9	0.00023112
199	0.000256319
199.1	0.000281519
199.2	0.000290703
199.3	0.000265203
199.4	0.000239704
199.5	0.000214204
199.6	0.000188705
199.7	0.000163207
199.8	0.000137709
199.9	0.000112211
200	8.67152e-05
200.1	6.12227e-05
200.2	3.57409e-05
200.3	1.03493e-05
200.4	1.54046e-05
200.5	4.08411e-05
200.6	6.63264e-05
200.7	9.18199e-05
200.8	0.000117316
200.9	0.000142814
201	0.000168312
201.1	0.000193811
201.2	0.00021931
201.3	0.000244809
201.4	0.000270309
201.5	0.000295808
201.6	0.000283055
201.7	0.000257256
201.8	0.000231457
201.9	0.000205657
202	0.000179858
202.1	0.00015406
202.2	0.000128262
202.3	0.000102465
202.4	7.66701e-05
202.5	5.08805e-05
202.6	2.51121e-05
202.7	1.92038e-06
202.8	2.6609e-05
202.9	5.23801e-05
203	7.81702e-05
203.1	0.000103965
203.2	0.000129762
203.3	0.00015556
203.4	0.000181359
203.5	0.000207158
203.6	0.000232957
203.7	0.000258756
203.8	0.000284556
203.9	0.00030125
204	0.00027515
204.1	0.000249051
204.2	0.000222951
204.3	0.000196852
204.4	0.000170754
204.5	0.000144655
204.6	0.000118558
204.7	9.24614e-05
204.8	6.6368e-05
204.9	4.02833e-05
205	1.42545e-05
205.1	1.20855e-05
205.2	3.80965e-05
205.3	6.41799e-05
205.4	9.02728e-05
205.5	0.000116369
205.6	0.000142466
205.7	0.000168565
205.8	0.000194664
205.9	0.000220763
206	0.000246862
206.1	0.000272961
206.2	0.000299061
206.3	0.000293387
206.4	0.000266987
206.5	0.000240588
206.6	0.000214189
206.7	0.00018779
206.8	0.000161391
206.9	0.000134993
207	0.000108596
207.1	8.22004e-05
207.2	5.58094e-05
207.3	2.94345e-05
207.4	3.46605e-06
207.5	2.34853e-05
207.6	4.985e-05
207.7	7.62391e-05
207.8	0.000102634
207.9	0.000129031
208	0.000155429
208.1	0.000181827
208.2	0.000208226
208.3	0.000234625
208.4	0.000261025
208.5	0.000287424
208.6	0.000311965
208.7	0.000285266
208.8	0.000258566
208.9	0.000231867
209	0.000205168
209.1	0.000178469
209.2	0.000151771
209.3	0.000125073
209.4	9.83762e-05
209.5	7.16822e-05
209.6	4.49951e-05
209.7	1.83457e-05
209.8	8.62279e-06
209.9	3.51841e-05
210	6.18649e-05
210.1	8.85573e-05
210.2	0.000115253
210.3	0.000141951
210.4	0.000168649
210.5	0.000195348
210.6	0.000222047
210.7	0.000248746
210.8	0.000275445
210.9	0.000302145
211	0.000303887
211.1	0.000276887
211.2	0.000249888
211.3	0.000222889
211.4	0.000195889
211.5	0.000168891
211.6	0.000141893
211.7	0.000114895
211.8	8.78993e-05
211.9	6.09072e-05
212	3.39276e-05
212.1	7.10493e-06
212.2	2.0196e-05
212.3	4.71517e-05
212.4	7.41396e-05
212.5	0.000101134
212.6	0.000128131
212.7	0.000155129
212.8	0.000182127
212.9	0.000209126
213	0.000236125
213.1	0.000263124
213.2	0.000290124
213.3	0.000317123
213.4	0.00029555
213.5	0.000268251
213.6	0.000240951
213.7	0.000213652
213.8	0.000186353
213.9	0.000159055
214	0.000131757
214.1	0.00010446
214.2	7.7165e-05
214.3	4.98761e-05
214.4	2.2614e-05
214.5	5.07318e-06
214.6	3.21039e-05
214.7	5.93815e-05
214.8	8.66733e-05
214.9	0.000113969
215	0.000141266
215.1	0.000168564
215.2	0.000195863
215.3	0.000223162
215.4	0.000250461
215.5	0.000277761
215.6	0.00030506
215.7	0.000314555
215.8	0.000286956
215.9	0.000259356
216	0.000231757
216.1	0.000204158
216.2	0.000176559
216.3	0.000148961
216.4	0.000121363
216.5	9.37668e-05
216.6	6.61738e-05
216.7	3.85907e-05
216.8	1.1092e-05
216.9	1.67434e-05
217	4.42851e-05
217.1	7.18716e-05
217.2	9.94655e-05
217.3	0.000127062
217.4	0.00015466
217.5	0.000182258
217.6	0.000209857
217.7	0.000237456
217.8	0.000265056
217.9	0.000292655
218	0.000320255
218.1	0.000306003
218.2	0.000278103
218.3	0.000250204
218.4	0.000222305
218.5	0.000194406
218.6	0.000166507
218.7	0.000138609
218.8	0.000110712
218.9	8.28166e-05
219	5.49262e-05
219.1	2.70555e-05
219.2	1.98472e-06
219.3	2.88565e-05
219.4	5.67298e-05
219.5	8.46207e-05
219.6	0.000112516
219.7	0.000140413
219.8	0.000168312
219.9	0.00019621
220	0.000224109
220.1	0.000252008
220.2	0.000279908
220.3	0.000307807
220.4	0.000325392
220.5	0.000297193
220.6	0.000268993
220.7	0.000240794
220.8	0.000212595
220.9	0.000184396
221	0.000156197
221.1	0.000128
221.2	9.98031e-05
221.3	7.16092e-05
221.4	4.34234e-05
221.5	1.52899e-05
221.6	1.31321e-05
221.7	4.12505e-05
221.8	6.94351e-05
221.9	9.76286e-05
222	0.000125825
222.1	0.000154023
222.2	0.000182221
222.3	0.00021042
222.4	0.000238619
222.5	0.000266818
222.6	0.000295018
222.7	0.000323217
222.8	0.000316624
222.9	0.000288125
223	0.000259625
223.1	0.000231126
223.2	0.000202627
223.3	0.000174128
223.4	0.00014563
223.5	0.000117133
223.6	8.86369e-05
223.7	6.01452e-05
223.8	3.16686e-05
223.9	3.58532e-06
224	2.54423e-05
224.1	5.39098e-05
224.2	8.23997e-05
224.3	0.000110895
224.4	0.000139392
224.5	0.00016789
224.6	0.000196389
224.7	0.000224888
224.8	0.000253387
224.9	0.000281886
225	0.000310386
225.1	0.000336398
225.2	0.000307598
225.3	0.000278799
225.4	0.000249999
225.5	0.0002212
225.6	0.000192401
225.7	0.000163603
225.8	0.000134805
225.9	0.000106008
226	7.72134e-05
226.1	4.84255e-05
226.2	1.96728e-05
226.3	9.375e-06
226.4	3.80479e-05
226.5	6.68302e-05
226.6	9.56232e-05
226.7	0.000124419
226.8	0.000153217
226.9	0.000182015
227	0.000210814
227.1	0.000239613
227.2	0.000268413
227.3	0.000297212
227.4	0.000326012
227.5	0.000327414
227.6	0.000298314
227.7	0.000269215
227.8	0.000240116
227.9	0.000211017
228	0.000181918
228.1	0.000152819
228.2	0.000123722
228.3	9.46258e-05
228.4	6.55331e-05
228.5	3.64522e-05
228.6	7.51999e-06
228.7	2.18623e-05
228.8	5.09214e-05
228.9	8.00103e-05
229	0.000109105
229.1	0.000138202
229.2	0.0001673
229.3	0.000196399
229.4	0.000225498
229.5	0.000254597
229.6	0.000283696
229.7	0.000312796
229.8	0.000341895
229.9	0.000318172
230	0.000288773
230.1	0.000259374
230.2	0.000229974
230.3	0.000200575
230.4	0.000171177
230.5	0.000141779
230.6	0.000112381
230.7	8.29863e-05
230.8	5.35966e-05
230.9	2.42321e-05
231	5.52306e-06
231.1	3.46776e-05
231.2	6.40569e-05
231.3	9.34492e-05
231.4	0.000122845
231.5	0.000152243
231.6	0.000181641
231.7	0.00021104
231.8	0.000240439
231.9	0.000269838
232	0.000299238
232.1	0.000328637
232.2	0.000338372
232.3	0.000308673
232.4	0.000278973
232.5	0.000249274
232.6	0.000219575
232.7	0.000189876
232.8	0.000160178
232.9	0.00013048
233	0.000100783
233.1	7.10898e-05
233.2	4.14056e-05
233.3	1.1801e-05
233.4	1.81186e-05
233.5	4.77649e-05
233.6	7.74523e-05
233.7	0.000107147
233.8	0.000136844
233.9	0.000166542
234	0.00019624
234.1	0.000225939
234.2	0.000255638
234.3	0.000285338
234.4	0.000315037
234.5	0.000344737
234.6	0.000328915
234.7	0.000298916
234.8	0.000268916
234.9	0.000238917
235	0.000208918
235.1	0.000178919
235.2	0.000148921
235.3	0.000118923
235.4	8.89279e-05
235.5	5.89369e-05
235.6	2.89643e-05
235.7	2.07662e-06
235.8	3.11399e-05
235.9	6.11152e-05
236	9.11068e-05
236.1	0.000121103
236.2	0.0001511
236.3	0.000181098
236.4	0.000211097
236.5	0.000241096
236.6	0.000271095
236.7	0.000301095
236.8	0.000331094
236.9	0.000349499
237	0.0003192
237.1	0.0002889
237.2	0.000258601
237.3	0.000228302
237.4	0.000198003
237.5	0.000167704
237.6	0.000137406
237.7	0.00010711
237.8	7.68153e-05
237.9	4.65286e-05
238	1.62912e-05
238.1	1.42154e-05
238.2	4.44402e-05
238.3	7.47259e-05
238.4	0.00010502
238.5	0.000135317
238.6	0.000165614
238.7	0.000195913
238.8	0.000226212
238.9	0.000256511
239	0.00028681
239.1	0.00031711
239.2	0.00034741
239.3	0.000339826
239.4	0.000309227
239.5	0.000278627
239.6	0.000248028
239.7	0.000217429
239.8	0.00018683
239.9	0.000156232
240	0.000125634
240.1	9.50382e-05
240.2	6.4446e-05
240.3	3.38679e-05
240.4	3.67486e-06
240.5	2.74353e-05
240.6	5.80052e-05
240.7	8.85959e-05
240.8	0.000119191
240.9	0.000149789
241	0.000180387
241.1	0.000210986
241.2	0.000241585
241.3	0.000272184
241.4	0.000302783
241.5	0.000333383
241.6	0.000360795
241.7	0.000329895
241.8	0.000298996
241.9	0.000268096
242	0.000237197
242.1	0.000206298
242.2	0.0001754
242.3	0.000144501
242.4	0.000113604
242.5	8.27095e-05
242.6	5.18208e-05
242.7	2.09653e-05
242.8	1.01643e-05
242.9	4.09475e-05
243	7.18311e-05
243.1	0.000102725
243.2	0.000133621
243.3	0.000164519
243.4	0.000195417
243.5	0.000226316
243.6	0.000257215
243.7	0.000288115
243.8	0.000319014
243.9	0.000349914
244	0.000350906
244.1	0.000319707
244.2	0.000288507
244.3	0.000257308
244.4	0.000226109
244.5	0.00019491
244.6	0.000163711
244.7	0.000132513
244.8	0.000101317
244.9	7.0124e-05
245	3.89418e-05
245.1	7.90195e-06
245.2	2.35647e-05
245.3	5.47269e-05
245.4	8.59165e-05
245.5	0.000117112
245.6	0.000148309
245.7	0.000179507
245.8	0.000210706
245.9	0.000241905
246	0.000273104
246.1	0.000304303
246.2	0.000335503
246.3	0.000366703
246.4	0.000340759
246.5	0.00030926
246.6	0.00027776
246.7	0.000246261
246.8	0.000214762
246.9	0.000183263
247	0.000151765
247.1	0.000120268
247.2	8.87724e-05
247.3	5.72821e-05
247.4	2.58154e-05
247.5	6.01097e-06
247.6	3.72871e-05
247.7	6.87679e-05
247.8	0.000100261
247.9	0.000131757
248	0.000163255
248.1	0.000194753
248.2	0.000226252
248.3	0.000257751
248.4	0.000289251
248.5	0.00032075
248.6	0.00035225
248.7	0.000362154
248.8	0.000330355
248.9	0.000298555
249	0.000266756
249.1	0.000234957
249.2	0.000203158
249.3	0.000171359
249.4	0.000139561
249.5	0.000107765
249.6	7.59707e-05
249.7	4.41855e-05
249.8	1.2476e-05
249.9	1.953e-05
250	5.12803e-05
250.1	8.30687e-05
250.2	0.000114863
250.3	0.00014666
250.4	0.000178459
250.5	0.000210257
250.6	0.000242056
250.7	0.000273856
250.8	0.000305655
250.9	0.000337454
251	0.000369254
251.1	0.000351792
251.2	0.000319692
251.3	0.000287593
251.4	0.000255494
251.5	0.000223395
251.6	0.000191296
251.7	0.000159197
251.8	0.0001271
251.9	9.5004e-05
252	6.29124e-05
252.1	3.08383e-05
252.2	2.20168e-06
252.3	3.34591e-05
252.4	6.55362e-05
252.5	9.76284e-05
252.6	0.000129724
252.7	0.000161822
252.8	0.00019392
252.9	0.000226019
253	0.000258118
253.1	0.000290218
253.2	0.000322317
253.3	0.000354417
253.4	0.000373571
253.5	0.000341172
253.6	0.000308772
253.7	0.000276373
253.8	0.000243974
253.9	0.000211575
254	0.000179176
254.1	0.000146778
254.2	0.000114381
254.3	8.19862e-05
254.4	4.95987e-05
254.5	1.7258e-05
254.6	1.53351e-05
254.7	4.76656e-05
254.8	8.00523e-05
254.9	0.000112447
255	0.000144844
255.1	0.000177242
255.2	0.00020964
255.3	0.000242039
255.4	0.000274439
255.5	0.000306838
255.6	0.000339237
255.7	0.000371637
255.8	0.000362993
255.9	0.000330294
256	0.000297594
256.1	0.000264895
256.2	0.000232196
256.3	0.000199497
256.4	0.000166798
256.5	0.000134101
256.6	0.000101404
256.7	6.87116e-05
256.8	3.60323e-05
256.9	3.73387e-06
257	2.94642e-05
257.1	6.21363e-05
257.2	9.48276e-05
257.3	0.000127523
257.4	0.000160221
257.5	0.000192919
257.6	0.000225618
257.7	0.000258317
257.8	0.000291016
257.9	0.000323716
258	0.000356415
258.1	0.000385157
258.2	0.000352157
258.3	0.000319158
258.4	0.000286158
258.5	0.000253159
258.6	0.00022016
258.7	0.000187161
258.8	0.000154163
258.9	0.000121166
259	8.81705e-05
259.1	5.51811e-05
259.2	2.22232e-05
259.3	1.09904e-05
259.4	4.38829e-05
259.5	7.68676e-05
259.6	0.000109861
259.7	0.000142858
259.8	0.000175856
259.9	0.000208855
260	0.000241854
260.1	0.000274853
260.2	0.000307852
260.3	0.000340852
260.4	0.000373851
260.5	0.000374363
260.6	0.000341063
260.7	0.000307764
260.8	0.000274464
260.9	0.000241165
261	0.000207866
261.1	0.000174568
261.2	0.00014127
261.3	0.000107973
261.4	7.46797e-05
261.5	4.13965e-05
261.6	8.25034e-06
261.7	2.53031e-05
261.8	5.8568e-05
261.9	9.18583e-05
262	0.000125154
262.1	0.000158451
262.2	0.000191749
262.3	0.000225048
262.4	0.000258347
262.5	0.000291647
262.6	0.000324946
262.7	0.000358246
262.8	0.000391545
262.9	0.000363311
263	0.000329712
263.1	0.000296112
263.2	0.000262513
263.3	0.000228914
263.4	0.000195315
263.5	0.000161717
263.6	0.000128119
263.7	9.45234e-05
263.8	6.09325e-05
263.9	2.7364e-05
264	6.53672e-06
264.1	3.99323e-05
264.2	7.35144e-05
264.3	0.000107108
264.4	0.000140704
264.5	0.000174302
264.6	0.000207901
264.7	0.0002415
264.8	0.000275099
264.9	0.000308698
265	0.000342298
265.1	0.000375897
265.2	0.000385901
265.3	0.000352002
265.4	0.000318102
265.5	0.000284203
265.6	0.000250303
265.7	0.000216404
265.8	0.000182506
265.9	0.000148608
266	0.000114711
266.1	8.08164e-05
266.2	4.69304e-05
266.3	1.31168e-05
266.4	2.09775e-05
266.5	5.48314e-05
266.6	8.87205e-05
266.7	0.000122616
266.8	0.000156513
266.9	0.000190411
267	0.00022431
267.1	0.000258209
267.2	0.000292108
267.3	0.000326008
267.4	0.000359907
267.5	0.000393807
267.6	0.000374634
267.7	0.000340434
267.8	0.000306235
267.9	0.000272035
268	0.000237836
268.1	0.000203637
268.2	0.000169439
268.3	0.000135241
268.4	0.000101045
268.5	6.68529e-05
268.6	3.26774e-05
268.7	2.36463e-06
268.8	3.58142e-05
268.9	6.99928e-05
269	0.000104185
269.1	0.000138382
269.2	0.00017258
269.3	0.000206778
269.4	0.000240977
269.5	0.000275176
269.6	0.000309376
269.7	0.000343575
269.8	0.000377775
269.9	0.000397608
270	0.000363108
270.1	0.000328609
270.2	0.000294109
270.3	0.00025961
270.4	0.000225111
270.5	0.000190612
270.6	0.000156114
270.7	0.000121617
270.8	8.7122e-05
270.9	5.26337e-05
271	1.81901e-05
271.1	1.6491e-05
271.2	5.09267e-05
271.3	8.54143e-05
271.4	0.000119909
271.5	0.000154406
271.6	0.000188904
271.7	0.000223403
271.8	0.000257902
271.9	0.000292401
272	0.000326901
272.1	0.0003614
272.2	0.0003959
272.3	0.000386125
272.4	0.000351325
272.5	0.000316526
272.6	0.000281726
272.7	0.000246927
272.8	0.000212128
272.9	0.00017733
273	0.000142532
273.1	0.000107735
273.2	7.29421e-05
273.3	3.81617e-05
273.4	3.76192e-06
273.5	3.15289e-05
273.6	6.63029e-05
273.7	0.000101095
273.8	0.000135891
273.9	0.000170688
274	0.000205487
274.1	0.000240286
274.2	0.000275085
274.3	0.000309884
274.4	0.000344684
274.5	0.000379483
274.6	0.000409483
274.7	0.000374384
274.8	0.000339284
274.9	0.000304185
275	0.000269085
275.1	0.000233986
275.2	0.000198887
275.3	0.000163789
275.4	0.000128692
275.5	9.35962e-05
275.6	5.85062e-05
275.7	2.34462e-05
275.8	1.18531e-05
275.9	4.68539e-05
276	8.19396e-05
276.1	0.000117034
276.2	0.000152131
276.3	0.000187229
276.4	0.000222328
276.5	0.000257427
276.6	0.000292526
276.7	0.000327625
276.8	0.000362725
276.9	0.000397824
277	0.000397784
277.1	0.000362385
277.2	0.000326985
277.3	0.000291586
277.4	0.000256187
277.5	0.000220788
277.6	0.000185389
277.7	0.000149991
277.8	0.000114594
277.9	7.92002e-05
278	4.38161e-05
278.1	8.56485e-06
278.2	2.70773e-05
278.3	6.24446e-05
278.4	9.78355e-05
278.5	0.000133231
278.6	0.000168629
278.7	0.000204027
278.8	0.000239426
278.9	0.000274825
279	0.000310225
279.1	0.000345624
279.2	0.000381024
279.3	0.000416423
279.4	0.000385828
279.5	0.000350128
279.6	0.000314428
279.7	0.000278729
279.8	0.00024303
279.9	0.000207331
280	0.000171633
280.1	0.000135935
280.2	0.000100239
280.3	6.45477e-05
280.4	2.88777e-05
280.5	7.10009e-06
280.6	4.26132e-05
280.7	7.82965e-05
280.8	0.00011399
280.9	0.000149687
281	0.000185385
281.1	0.000221084
281.2	0.000256783
281.3	0.000292482
281.4	0.000328181
281.5	0.000363881
281.6	0.00039958
281.7	0.000409613
281.8	0.000373613
281.9	0.000337613
282	0.000301614
282.1	0.000265615
282.2	0.000229616
282.3	0.000193617
282.4	0.000157619
282.5	0.000121622
282.6	8.5627e-05
282.7	4.96402e-05
282.8	1.3723e-05
282.9	2.2461e-05
283	5.8418e-05
283.1	9.44078e-05
283.2	0.000130403
283.3	0.000166401
283.4	0.000202399
283.5	0.000238398
283.6	0.000274397
283.7	0.000310396
283.8	0.000346396
283.9	0.000382395
284	0.000418395
284.1	0.00039744
284.2	0.00036114
284.3	0.000324841
284.4	0.000288541
284.5	0.000252242
284.6	0.000215943
284.7	0.000179645
284.8	0.000143347
284.9	0.000107051
285	7.07581e-05
285.1	3.44814e-05
285.2	2.56891e-06
285.3	3.82049e-05
285.4	7.44849e-05
285.5	0.000110778
285.6	0.000147075
285.7	0.000183372
285.8	0.000219671
285.9	0.00025597
286	0.000292269
286.1	0.000328569
286.2	0.000364868
286.3	0.000401168
286.4	0.000421609
286.5	0.00038501
286.6	0.00034841
286.7	0.000311811
286.8	0.000275211
286.9	0.000238612
287	0.000202013
287.1	0.000165415
287.2	0.000128818
287.3	9.22225e-05
287.4	5.56336e-05
287.5	1.90876e-05
287.6	1.76831e-05
287.7	5.42233e-05
287.8	9.08117e-05
287.9	0.000127407
288	0.000164004
288.1	0.000200602
288.2	0.000237201
288.3	0.0002738
288.4	0.000310399
288.5	0.000346999
288.6	0.000383599
288.7	0.000420198
288.8	0.000409221
288.9	0.000372321
289	0.000335422
289.1	0.000298522
289.2	0.000261623
289.3	0.000224724
289.4	0.000187825
289.5	0.000150927
289.6	0.000114031
289.7	7.71374e-05
289.8	4.0256e-05
289.9	3.75878e-06
290	3.36294e-05
290.1	7.0505e-05
290.2	0.000107397
290.3	0.000144294
290.4	0.000181191
290.5	0.00021809
290.6	0.000254989
290.7	0.000291888
290.8	0.000328788
290.9	0.000365687
291	0.000402587
291.1	0.000433774
291.2	0.000396575
291.3	0.000359375
291.4	0.000322176
291.5	0.000284976
291.6	0.000247777
291.7	0.000210578
291.8	0.00017338
291.9	0.000136182
292	9.89867e-05
292.1	6.17962e-05
292.2	2.46344e-05
292.3	1.27522e-05
292.4	4.98605e-05
292.5	8.70471e-05
292.6	0.000124242
292.7	0.000161439
292.8	0.000198637
292.9	0.000235836
293	0.000273035
293.1	0.000310234
293.2	0.000347434
293.3	0.000384633
293.4	0.000421833
293.5	0.00042117
293.6	0.000383671
293.7	0.000346171
293.8	0.000308672
293.9	0.000271173
294	0.000233673
294.1	0.000196175
294.2	0.000158677
294.3	0.00012118
294.4	8.36854e-05
294.5	4.62006e-05
294.6	8.84523e-06
294.7	2.88874e-05
294.8	6.63568e-05
294.9	0.000103848
295	0.000141344
295.1	0.000178842
295.2	0.00021634
295.3	0.000253839
295.4	0.000291339
295.5	0.000328838
295.6	0.000366337
295.7	0.000403837
295.8	0.000441337
295.9	0.000408309
296	0.000370509
296.1	0.000332709
296.2	0.00029491
296.3	0.000257111
296.4	0.000219312
296.5	0.000181513
296.6	0.000143716
296.7	0.00010592
296.8	6.81277e-05
296.9	3.03563e-05
297	7.70085e-06
297.1	4.53297e-05
297.2	8.3114e-05
297.3	0.000120908
297.4	0.000158705
297.5	0.000196503
297.6	0.000234302
297.7	0.000272101
297.8	0.0003099
297.9	0.0003477
298	0.000385499
298.1	0.000423299
298.2	0.000433289
298.3	0.000395189
298.4	0.000357089
298.5	0.00031899
298.6	0.000280891
298.7	0.000242791
298.8	0.000204693
298.9	0.000166594
299	0.000128497
299.1	9.04022e-05
299.2	5.23148e-05
299.3	1.42947e-05
299.4	2.39803e-05
299.5	6.20402e-05
299.6	0.000100131
299.7	0.000138226
299.8	0.000176324
299.9	0.000214422
300	0.000252521
300.1	0.00029062
300.2	0.00032872
300.3	0.000366819
300.4	0.000404919
300.5	0.000443019
300.6	0.000420211
300.7	0.000381811
300.8	0.000343412
300.9	0.000305012
301	0.000266613
301.1	0.000228214
301.2	0.000189815
301.3	0.000151418
301.4	0.000113021
301.5	7.46282e-05
301.6	3.62504e-05
301.7	2.81659e-06
301.8	4.06312e-05
301.9	7.90125e-05
302	0.000117406
302.1	0.000155803
302.2	0.000194201
302.3	0.000232599
302.4	0.000270999
302.5	0.000309398
302.6	0.000347797
302.7	0.000386197
302.8	0.000424596
302.9	0.000445575
303	0.000406876
303.1	0.000368176
303.2	0.000329476
303.3	0.000290777
303.4	0.000252078
303.5	0.000213379
303.6	0.000174681
303.7	0.000135983
303.8	9.72877e-05
303.9	5.85983e-05
304	1.99501e-05
304.1	1.89111e-05
304.2	5.75555e-05
304.3	9.62446e-05
304.4	0.00013494
304.5	0.000173637
304.6	0.000212336
304.7	0.000251035
304.8	0.000289734
304.9	0.000328433
305	0.000367133
305.1	0.000405832
305.2	0.000444532
305.3	0.000432282
305.4	0.000393282
305.5	0.000354283
305.6	0.000315283
305.7	0.000276284
305.8	0.000237285
305.9	0.000198286
306	0.000159288
306.1	0.000120291
306.2	8.12975e-05
306.3	4.23152e-05
306.4	3.72449e-06
306.5	3.57655e-05
306.6	7.47427e-05
306.7	0.000113735
306.8	0.000152732
306.9	0.00019173
307	0.000230729
307.1	0.000269728
307.2	0.000308727
307.3	0.000347726
307.4	0.000386726
307.5	0.000425725
307.6	0.00045803
307.7	0.000418731
307.8	0.000379431
307.9	0.000340132
308	0.000300832
308.1	0.000261533
308.2	0.000222234
308.3	0.000182935
308.4	0.000143638
308.5	0.000104342
308.6	6.5051e-05
308.7	2.57876e-05
308.8	1.36877e-05
308.9	5.29026e-05
309	9.219e-05
309.1	0.000131485
309.2	0.000170782
309.3	0.00021008
309.4	0.000249379
309.5	0.000288678
309.6	0.000327978
309.7	0.000367277
309.8	0.000406577
309.9	0.000445877
310	0.000444521
310.1	0.000404922
310.2	0.000365322
310.3	0.000325723
310.4	0.000286123
310.5	0.000246524
310.6	0.000206925
310.7	0.000167327
310.8	0.00012773
310.9	8.81355e-05
311	4.855e-05
311.1	9.09129e-06
311.2	3.07331e-05
311.3	7.03045e-05
311.4	0.000109896
311.5	0.000149493
311.6	0.00018909
311.7	0.000228689
311.8	0.000268288
311.9	0.000307887
312	0.000347487
312.1	0.000387086
312.2	0.000426686
312.3	0.000466286
312.4	0.000430754
312.5	0.000390855
312.6	0.000350955
312.7	0.000311056
312.8	0.000271156
312.9	0.000231257
313	0.000191359
313.1	0.000151461
313.2	0.000111565
313.3	7.16725e-05
313.4	3.17999e-05
313.5	8.33879e-06
313.6	4.80818e-05
313.7	8.7967e-05
313.8	0.000127861
313.9	0.000167759
314	0.000207657
314.1	0.000247556
314.2	0.000287455
314.3	0.000327354
314.4	0.000367254
314.5	0.000407153
314.6	0.000447053
314.7	0.000456929
314.8	0.00041673
314.9	0.00037653
315	0.00033633
315.1	0.000296131
315.2	0.000255932
315.3	0.000215733
315.4	0.000175535
315.5	0.000135337
315.6	9.51423e-05
315.7	5.49543e-05
315.8	1.48316e-05
315.9	2.55354e-05
316	6.56979e-05
316.1	0.000105889
316.2	0.000146085
316.3	0.000186283
316.4	0.000226481
316.5	0.00026668
316.6	0.000306879
316.7	0.000347079
316.8	0.000387278
316.9	0.000427478
317	0.000467677
317.1	0.000442947
317.2	0.000402447
317.3	0.000361947
317.4	0.000321448
317.5	0.000280949
317.6	0.00024045
317.7	0.000199951
317.8	0.000159453
317.9	0.000118956
318	7.8463e-05
318.1	3.79842e-05
318.2	3.1085e-06
318.3	4.30932e-05
318.4	8.35756e-05
318.5	0.00012407
318.6	0.000164566
318.7	0.000205065
318.8	0.000245563
318.9	0.000286062
319	0.000326562
319.1	0.000367061
319.2	0.000407561
319.3	0.00044806
319.4	0.000469506
319.5	0.000428706
319.6	0.000387906
319.7	0.000347107
319.8	0.000306308
319.9	0.000265508
320	0.000224709
320.1	0.000183911
320.2	0.000143113
320.3	0.000102318
320.4	6.15279e-05
320.5	2.07778e-05
320.6	2.01751e-05
320.7	6.09232e-05
320.8	0.000101713
320.9	0.000142508
321	0.000183306
321.1	0.000224105
321.2	0.000264903
321.3	0.000305703
321.4	0.000346502
321.5	0.000387302
321.6	0.000428101
321.7	0.000468901
321.8	0.000455307
321.9	0.000414208
322	0.000373108
322.1	0.000332009
322.2	0.000290909
322.3	0.00024981
322.4	0.000208711
322.5	0.000167613
322.6	0.000126516
322.7	8.54223e-05
322.8	4.43392e-05
322.9	3.6593e-06
323	3.79372e-05
323.1	7.90158e-05
323.2	0.000120109
323.3	0.000161206
323.4	0.000202304
323.5	0.000243402
323.6	0.000284502
323.7	0.000325601
323.8	0.0003667
323.9	0.0004078
324	0.000448899
324.1	0.000482251
324.2	0.000440851
324.3	0.000399452
324.4	0.000358052
324.5	0.000316653
324.6	0.000275253
324.7	0.000233854
324.8	0.000192456
324.9	0.000151058
325	0.000109662
325.1	6.82705e-05
325.2	2.69058e-05
325.3	1.46594e-05
325.4	5.59803e-05
325.5	9.73684e-05
325.6	0.000138764
325.7	0.000180161
325.8	0.000221559
325.9	0.000262958
326	0.000304358
326.1	0.000345757
326.2	0.000387156
326.3	0.000428556
326.4	0.000469956
326.5	0.000467837
326.6	0.000426137
326.7	0.000384437
326.8	0.000342738
326.9	0.000301039
327	0.000259339
327.1	0.000217641
327.2	0.000175942
327.3	0.000134245
327.4	9.25503e-05
327.5	5.08641e-05
327.6	9.30291e-06
327.7	3.26145e-05
327.8	7.42876e-05
327.9	0.00011598
328	0.000157676
328.1	0.000199374
328.2	0.000241073
328.3	0.000282772
328.4	0.000324471
328.5	0.000366171
328.6	0.00040787
328.7	0.00044957
328.8	0.00049127
328.9	0.000453165
329	0.000411165
329.1	0.000369166
329.2	0.000327166
329.3	0.000285167
329.4	0.000243168
329.5	0.000201169
329.6	0.000159171
329.7	0.000117175
329.8	7.51821e-05
329.9	3.32084e-05
330	9.01372e-06
330.1	5.08694e-05
330.2	9.28555e-05
330.3	0.00013485
330.4	0.000176848
330.5	0.000218846
330.6	0.000260845
330.7	0.000302844
330.8	0.000344843
330.9	0.000386843
331	0.000428842
331.1	0.000470842
331.2	0.000480535
331.3	0.000438235
331.4	0.000395935
331.5	0.000353636
331.6	0.000311336
331.7	0.000269037
331.8	0.000226738
331.9	0.00018444
332	0.000142142
332.1	9.9847e-05
332.2	5.75585e-05
332.3	1.53336e-05
332.4	2.71263e-05
332.5	6.93911e-05
332.6	0.000111683
332.7	0.000153979
332.8	0.000196277
332.9	0.000238575
333	0.000280874
333.1	0.000323173
333.2	0.000365473
333.3	0.000407772
333.4	0.000450072
333.5	0.000492372
333.6	0.000465647
333.7	0.000423047
333.8	0.000380448
333.9	0.000337848
334	0.000295249
334.1	0.00025265
334.2	0.000210051
334.3	0.000167453
334.4	0.000124856
334.5	8.22626e-05
334.6	3.9683e-05
334.7	3.44463e-06
334.8	4.55907e-05
334.9	8.81741e-05
335	0.000130768
335.1	0.000173365
335.2	0.000215964
335.3	0.000258562
335.4	0.000301162
335.5	0.000343761
335.6	0.00038636
335.7	0.00042896
335.8	0.00047156
335.9	0.000493401
336	0.000450501
336.1	0.000407602
336.2	0.000364702
336.3	0.000321803
336.4	0.000278903
336.5	0.000236005
336.6	0.000193106
336.7	0.000150208
336.8	0.000107312
336.9	6.44222e-05
337	2.15705e-05
337.1	2.1475e-05
337.2	6.43264e-05
337.3	0.000107217
337.4	0.000150113
337.5	0.00019301
337.6	0.000235909
337.7	0.000278808
337.8	0.000321707
337.9	0.000364606
338	0.000407506
338.1	0.000450406
338.2	0.000493305
338.3	0.000478298
338.4	0.000435098
338.5	0.000391898
338.6	0.000348699
338.7	0.000305499
338.8	0.0002623
338.9	0.000219101
339	0.000175903
339.1	0.000132706
339.2	8.95118e-05
339.3	4.63281e-05
339.4	3.56372e-06
339.5	4.01446e-05
339.6	8.33244e-05
339.7	0.000126518
339.8	0.000169715
339.9	0.000212913
340	0.000256112
340.1	0.000299311
340.2	0.00034251
340.3	0.00038571
340.4	0.000428909
340.5	0.000472109
340.6	0.000506436
340.7	0.000462936
340.8	0.000419437
340.9	0.000375937
341	0.000332438
341.1	0.000288938
341.2	0.000245439
341.3	0.000201941
341.4	0.000158443
341.5	0.000114947
341.6	7.14548e-05
341.7	2.79888e-05
341.8	1.56671e-05
341.9	5.90935e-05
342	0.000102582
342.1	0.000146078
342.2	0.000189575
342.3	0.000233074
342.4	0.000276573
342.5	0.000320072
342.6	0.000363571
342.7	0.000407071
342.8	0.00045057
342.9	0.00049407
343	0.000491117
343.1	0.000447317
343.2	0.000403518
343.3	0.000359718
343.4	0.000315919
343.5	0.000272119
343.6	0.000228321
343.7	0.000184522
343.8	0.000140725
343.9	9.69298e-05
344	5.31431e-05
344.1	9.47997e-06
344.2	3.45316e-05
344.3	7.83063e-05
344.4	0.000122099
344.5	0.000165896
344.6	0.000209694
344.7	0.000253492
344.8	0.000297292
344.9	0.000341091
345	0.00038489
345.1	0.00042869
345.2	0.00047249
345.3	0.000516289
345.4	0.00047554
345.5	0.00043144
345.6	0.000387341
345.7	0.000343241
345.8	0.000299142
345.9	0.000255043
346	0.000210944
346.1	0.000166846
346.2	0.000122749
346.3	7.86564e-05
346.4	3.45818e-05
346.5	9.72545e-06
346.6	5.36925e-05
346.7	9.77794e-05
346.8	0.000141874
346.9	0.000185972
347	0.00023007
347.1	0.000274169
347.2	0.000318268
347.3	0.000362368
347.4	0.000406467
347.5	0.000450567
347.6	0.000494667
347.7	0.000504105
347.8	0.000459705
347.9	0.000415305
348	0.000370906
348.1	0.000326506
348.2	0.000282107
348.3	0.000237708
348.4	0.00019331
348.5	0.000148912
348.6	0.000104517
348.7	6.01276e-05
348.8	1.58008e-05
348.9	2.87528e-05
349	7.31198e-05
349.1	0.000117512
349.2	0.000161908
349.3	0.000206306
349.4	0.000250705
349.5	0.000295104
349.6	0.000339503
349.7	0.000383902
349.8	0.000428302
349.9	0.000472702
350	0.000517101
350.1	0.000488312
350.2	0.000443612
350.3	0.000398913
350.4	0.000354213
350.5	0.000309514
350.6	0.000264815
350.7	0.000220116
350.8	0.000175418
350.9	0.000130721
351	8.60269e-05
351.1	4.13465e-05
351.2	3.82438e-06
351.3	4.81238e-05
351.4	9.28081e-05
351.5	0.000137503
351.6	0.0001822
351.7	0.000226898
351.8	0.000271597
351.9	0.000316296
352	0.000360996
352.1	0.000405695
352.2	0.000450395
352.3	0.000495094
352.4	0.000517261
352.5	0.000472261
352.6	0.000427262
352.7	0.000382262
352.8	0.000337263
352.9	0.000292263
353	0.000247264
353.1	0.000202266
353.2	0.000157268
353.3	0.000112272
353.4	6.72812e-05
353.5	2.23281e-05
353.6	2.28106e-05
353.7	6.77651e-05
353.8	0.000112756
353.9	0.000157752
354	0.00020275
354.1	0.000247748
354.2	0.000292747
354.3	0.000337747
354.4	0.000382746
354.5	0.000427746
354.6	0.000472745
354.7	0.000517745
354.8	0.000501252
354.9	0.000455953
355	0.000410653
355.1	0.000365354
355.2	0.000320054
355.3	0.000274755
355.4	0.000229456
355.5	0.000184158
355.6	0.000138861
355.7	9.35661e-05
355.8	4.82818e-05
355.9	3.43859e-06
356	4.23875e-05
356.1	8.76684e-05
356.2	0.000132962
356.3	0.000178259
356.4	0.000223558
356.5	0.000268856
356.6	0.000314156
356.7	0.000359455
356.8	0.000404754
356.9	0.000450054
357	0.000495354
357.1	0.000530586
357.2	0.000484986
357.3	0.000439386
357.4	0.000393787
357.5	0.000348187
357.6	0.000302588
357.7	0.000256989
357.8	0.00021139
357.9	0.000165792
358	0.000120196
358.1	7.46039e-05
358.2	2.90368e-05
358.3	1.67108e-05
358.4	6.22422e-05
358.5	0.000107832
358.6	0.000153427
358.7	0.000199025
358.8	0.000244623
358.9	0.000290222
359	0.000335822
359.1	0.000381421
359.2	0.000427021
359.3	0.00047262
359.4	0.00051822
359.5	0.000514362
359.6	0.000468462
359.7	0.000422562
359.8	0.000376663
359.9	0.000330763
360	0.000284864
360.1	0.000238965
360.2	0.000193067
360.3	0.000147169
360.4	0.000101274
360.5	5.53868e-05
360.6	9.6224e-06
360.7	3.64842e-05
360.8	8.23603e-05
360.9	0.000128254
361	0.00017415
361.1	0.000220048
361.2	0.000265947
361.3	0.000311846
361.4	0.000357746
361.5	0.000403645
361.6	0.000449545
361.7	0.000495445
361.8	0.000541344
361.9	0.00049788
362	0.00045168
362.1	0.00040548
362.2	0.000359281
362.3	0.000313081
362.4	0.000266882
362.5	0.000220684
362.6	0.000174485
362.7	0.000128289
362.8	8.20955e-05
362.9	3.592e-05
363	1.04738e-05
363.1	5.65512e-05
363.2	0.000102739
363.3	0.000148934
363.4	0.000195132
363.5	0.00024133
363.6	0.000287529
363.7	0.000333728
363.8	0.000379928
363.9	0.000426127
364	0.000472327
364.1	0.000518527
364.2	0.000527639
364.3	0.00048114
364.4	0.00043464
364.5	0.00038814
364.6	0.000341641
364.7	0.000295142
364.8	0.000248643
364.9	0.000202144
365	0.000155646
365.1	0.000109151
365.2	6.26613e-05
365.3	1.62329e-05
365.4	3.0415e-05
365.5	7.68839e-05
365.6	0.000123376
365.7	0.000169873
365.8	0.000216371
365.9	0.00026287
366	0.000309369
366.1	0.000355868
366.2	0.000402367
366.3	0.000448867
366.4	0.000495367
366.5	0.000541866
366.6	0.000510942
366.7	0.000464142
366.8	0.000417342
366.9	0.000370543
367	0.000323743
367.1	0.000276944
367.2	0.000230145
367.3	0.000183347
367.4	0.00013655
367.5	8.97559e-05
367.6	4.29749e-05
367.7	4.24692e-06
367.8	5.06923e-05
367.9	9.74775e-05
368	0.000144272
368.1	0.00019107
368.2	0.000237868
368.3	0.000284667
368.4	0.000331466
368.5	0.000378266
368.6	0.000425065
368.7	0.000471865
368.8	0.000518665
368.9	0.000541086
369	0.000493986
369.1	0.000446886
369.2	0.000399787
369.3	0.000352687
369.4	0.000305588
369.5	0.000258489
369.6	0.00021139
369.7	0.000164292
369.8	0.000117196
369.9	7.0105e-05
370	2.30506e-05
370.1	2.4182e-05
370.2	7.12392e-05
370.3	0.00011833
370.4	0.000165427
370.5	0.000212525
370.6	0.000259623
370.7	0.000306722
370.8	0.000353822
370.9	0.000400921
371	0.000448021
371.1	0.00049512
371.2	0.00054222
371.3	0.000524172
371.4	0.000476772
371.5	0.000429373
371.6	0.000381973
371.7	0.000334574
371.8	0.000287175
371.9	0.000239776
372	0.000192377
372.1	0.00014498
372.2	9.75851e-05
372.3	5.02002e-05
372.4	3.28523e-06
372.5	4.46659e-05
372.6	9.20479e-05
372.7	0.000139442
372.8	0.000186839
372.9	0.000234238
373	0.000281636
373.1	0.000329036
373.2	0.000376435
373.3	0.000423835
373.4	0.000471234
373.5	0.000518634
373.6	0.0005547
373.7	0.000507001
373.8	0.000459301
373.9	0.000411601
374	0.000363902
374.1	0.000316202
374.2	0.000268503
374.3	0.000220805
374.4	0.000173107
374.5	0.00012541
374.6	7.77177e-05
374.7	3.00496e-05
374.8	1.77905e-05
374.9	6.54263e-05
375	0.000113116
375.1	0.000160812
375.2	0.00020851
375.3	0.000256209
375.4	0.000303908
375.5	0.000351607
375.6	0.000399306
375.7	0.000447006
375.8	0.000494706
375.9	0.000542405
376	0.000537571
376.1	0.000489571
376.2	0.000441572
376.3	0.000393572
376.4	0.000345573
376.5	0.000297573
376.6	0.000249574
376.7	0.000201576
376.8	0.000153578
376.9	0.000105583
377	5.75953e-05
377.1	9.73013e-06
377.2	3.84724e-05
377.3	8.64499e-05
377.4	0.000134443
377.5	0.00018244
377.6	0.000230439
377.7	0.000278437
377.8	0.000326437
377.9	0.000374436
378	0.000422435
378.1	0.000470435
378.2	0.000518435
378.3	0.000566435
378.4	0.000520184
378.5	0.000471884
378.6	0.000423585
378.7	0.000375285
378.8	0.000326986
378.9	0.000278687
379	0.000230388
379.1	0.00018209
379.2	0.000133793
379.3	8.54992e-05
379.4	3.7223e-05
379.5	1.12587e-05
379.6	5.94453e-05
379.7	0.000107734
379.8	0.000156029
379.9	0.000204327
380	0.000252625
380.1	0.000300924
380.2	0.000349224
380.3	0.000397523
380.4	0.000445823
380.5	0.000494122
380.6	0.000542422
380.7	0.000551139
380.8	0.000502539
380.9	0.000453939
381	0.00040534
381.1	0.00035674
381.2	0.000308141
381.3	0.000259542
381.4	0.000210943
381.5	0.000162345
381.6	0.00011375
381.7	6.51598e-05
381.8	1.66301e-05
381.9	3.21128e-05
382	8.06835e-05
382.1	0.000129276
382.2	0.000177873
382.3	0.000226471
382.4	0.00027507
382.5	0.000323669
382.6	0.000372268
382.7	0.000420868
382.8	0.000469467
382.9	0.000518067
383	0.000566667
383.1	0.000533536
383.2	0.000484636
383.3	0.000435736
383.4	0.000386837
383.5	0.000337938
383.6	0.000289038
383.7	0.000240139
383.8	0.000191241
383.9	0.000142344
384	9.34496e-05
384.1	4.4568e-05
384.2	4.71132e-06
384.3	5.32964e-05
384.4	0.000102182
384.5	0.000151077
384.6	0.000199975
384.7	0.000248873
384.8	0.000297772
384.9	0.000346672
385	0.000395571
385.1	0.000444471
385.2	0.00049337
385.3	0.00054227
385.4	0.000564875
385.5	0.000515675
385.6	0.000466475
385.7	0.000417276
385.8	0.000368076
385.9	0.000318877
386	0.000269678
386.1	0.000220479
386.2	0.000171281
386.3	0.000122085
386.4	7.28935e-05
386.5	2.3738e-05
386.6	2.55891e-05
386.7	7.47488e-05
386.8	0.000123941
386.9	0.000173137
387	0.000222335
387.1	0.000271534
387.2	0.000320733
387.3	0.000369932
387.4	0.000419132
387.5	0.000468331
387.6	0.000517531
387.7	0.000566731
387.8	0.000547056
387.9	0.000497557
388	0.000448057
388.1	0.000398557
388.2	0.000349058
388.3	0.000299559
388.4	0.00025006
388.5	0.000200561
388.6	0.000151064
388.7	0.000101569
388.8	5.20834e-05
388.9	3.10561e-06
389	4.69799e-05
389.1	9.64628e-05
389.2	0.000145957
389.3	0.000195455
389.4	0.000244953
389.5	0.000294452
389.6	0.000343951
389.7	0.000393451
389.8	0.00044295
389.9	0.00049245
390	0.000541949
390.1	0.00057878
390.2	0.00052898
390.3	0.00047918
390.4	0.00042938
390.5	0.000379581
390.6	0.000329782
390.7	0.000279982
390.8	0.000230184
390.9	0.000180385
391	0.000130589
391.1	8.07962e-05
391.2	3.10272e-05
391.3	1.8906e-05
391.4	6.86459e-05
391.5	0.000118436
391.6	0.000168232
391.7	0.00021803
391.8	0.000267829
391.9	0.000317628
392	0.000367427
392.1	0.000417227
392.2	0.000467026
392.3	0.000516826
392.4	0.000566626
392.5	0.000560745
392.6	0.000510645
392.7	0.000460546
392.8	0.000410446
392.9	0.000360347
393	0.000310247
393.1	0.000260148
393.2	0.00021005
393.3	0.000159952
393.4	0.000109857
393.5	5.97686e-05
393.6	9.80312e-06
393.7	4.04962e-05
393.8	9.05748e-05
393.9	0.000140669
394	0.000190766
394.1	0.000240864
394.2	0.000290963
394.3	0.000341062
394.4	0.000391162
394.5	0.000441261
394.6	0.000491361
394.7	0.00054146
394.8	0.00059156
394.9	0.000542453
395	0.000492053
395.1	0.000441654
395.2	0.000391254
395.3	0.000340855
395.4	0.000290456
395.5	0.000240057
395.6	0.000189658
395.7	0.000139261
395.8	8.88677e-05
395.9	3.84907e-05
396	1.20799e-05
396.1	6.23749e-05
396.2	0.000112764
396.3	0.000163159
396.4	0.000213557
396.5	0.000263956
396.6	0.000314355
396.7	0.000364754
396.8	0.000415154
396.9	0.000465553
397	0.000515953
397.1	0.000566353
397.2	0.000574603
397.3	0.000523903
397.4	0.000473203
397.5	0.000422504
397.6	0.000371804
397.7	0.000321105
397.8	0.000270406
397.9	0.000219707
398	0.000169009
398.1	0.000118313
398.2	6.76231e-05
398.3	1.69922e-05
398.4	3.38462e-05
398.5	8.45185e-05
398.6	0.000135212
398.7	0.000185908
398.8	0.000236607
398.9	0.000287305
399	0.000338005
399.1	0.000388704
399.2	0.000439404
399.3	0.000490103
399.4	0.000540803
399.5	0.000591503
399.6	0.000556095
399.7	0.000505095
399.8	0.000454095
399.9	0.000403096
400	0.000352096
400.1	0.000301097
400.2	0.000250098
400.3	0.0001991
400.4	0.000148103
400.5	9.71081e-05
400.6	4.61259e-05
400.7	5.21668e-06
400.8	5.5936e-05
400.9	0.000106923
401	0.000157918
401.1	0.000208915
401.2	0.000259914
401.3	0.000310913
401.4	0.000361912
401.5	0.000412912
401.6	0.000463911
401.7	0.000514911
401.8	0.000565911
401.9	0.000588629
402	0.000537329
402.1	0.000486029
402.2	0.00043473
402.3	0.00038343
402.4	0.000332131
402.5	0.000280832
402.6	0.000229533
402.7	0.000178235
402.8	0.000126938
402.9	7.56468e-05
403	2.43902e-05
403.1	2.70318e-05
403.2	7.82939e-05
403.3	0.000129586
403.4	0.000180883
403.5	0.000232181
403.6	0.000283479
403.7	0.000334779
403.8	0.000386078
403.9	0.000437377
404	0.000488677
404.1	0.000539977
404.2	0.000591277
404.3	0.000569905
404.4	0.000518305
404.5	0.000466706
404.6	0.000415106
404.7	0.000363507
404.8	0.000311907
404.9	0.000260308
405	0.00020871
405.1	0.000157112
405.2	0.000105517
405.3	5.39313e-05
405.4	2.90273e-06
405.5	4.93293e-05
405.6	0.000100913
405.7	0.000152508
405.8	0.000204105
405.9	0.000255704
406	0.000307303
406.1	0.000358902
406.2	0.000410501
406.3	0.000462101
406.4	0.000513701
406.5	0.0005653
406.6	0.000602823
406.7	0.000550924
406.8	0.000499024
406.9	0.000447124
407	0.000395225
407.1	0.000343325
407.2	0.000291426
407.3	0.000239527
407.4	0.000187629
407.5	0.000135732
407.6	8.38394e-05
407.7	3.19697e-05
407.8	2.00573e-05
407.9	7.1901e-05
408	0.000123792
408.1	0.000175688
408.2	0.000227586
408.3	0.000279485
408.4	0.000331384
408.5	0.000383283
408.6	0.000435183
408.7	0.000487082
408.8	0.000538982
408.9	0.000590882
409	0.000583884
409.1	0.000531684
409.2	0.000479485
409.3	0.000427285
409.4	0.000375085
409.5	0.000322886
409.6	0.000270687
409.7	0.000218488
409.8	0.000166291
409.9	0.000114095
410	6.19065e-05
410.1	9.84135e-06
410.2	4.25554e-05
410.3	9.47352e-05
410.4	0.000146929
410.5	0.000199127
410.6	0.000251325
410.7	0.000303524
410.8	0.000355723
410.9	0.000407923
411	0.000460122
411.1	0.000512322
411.2	0.000564521
411.3	0.000616721
411.4	0.000564687
411.5	0.000512187
411.6	0.000459687
411.7	0.000407188
411.8	0.000354688
411.9	0.000302189
412	0.00024969
412.1	0.000197192
412.2	0.000144695
412.3	9.22009e-05
412.4	3.97233e-05
412.5	1.29374e-05
412.6	6.534e-05
412.7	0.000117829
412.8	0.000170325
412.9	0.000222823
413	0.000275322
413.1	0.000327821
413.2	0.00038032
413.3	0.00043282
413.4	0.000485319
413.5	0.000537819
413.6	0.000590319
413.7	0.000598031
413.8	0.000545232
413.9	0.000492432
414	0.000439632
414.1	0.000386833
414.2	0.000334033
414.3	0.000281234
414.4	0.000228436
414.5	0.000175638
414.6	0.000122841
414.7	7.00511e-05
414.8	1.73192e-05
414.9	3.56151e-05
415	8.83889e-05
415.1	0.000141182
415.2	0.000193979
415.3	0.000246778
415.4	0.000299576
415.5	0.000352376
415.6	0.000405175
415.7	0.000457975
415.8	0.000510774
415.9	0.000563574
416	0.000616374
416.1	0.000578618
416.2	0.000525519
416.3	0.000472419
416.4	0.000419319
416.5	0.00036622
416.6	0.000313121
416.7	0.000260022
416.8	0.000206923
416.9	0.000153826
417	0.000100731
417.1	4.76485e-05
417.2	5.76218e-06
417.3	5.8611e-05
417.4	0.000111698
417.5	0.000164794
417.6	0.000217891
417.7	0.00027099
417.8	0.000324089
417.9	0.000377188
418	0.000430288
418.1	0.000483388
418.2	0.000536487
418.3	0.000589587
418.4	0.000612347
418.5	0.000558948
418.6	0.000505548
418.7	0.000452148
418.8	0.000398749
418.9	0.000345349
419	0.00029195
419.1	0.000238551
419.2	0.000185153
419.3	0.000131757
419.4	7.83647e-05
419.5	2.50073e-05
419.6	2.85101e-05
419.7	8.18743e-05
419.8	0.000135267
419.9	0.000188664
420	0.000242062
420.1	0.000295461
420.2	0.00034886
420.3	0.000402259
420.4	0.000455659
420.5	0.000509058
420.6	0.000562458
420.7	0.000615858
420.8	0.000592719
420.9	0.000539019
421	0.000485319
421.1	0.00043162
421.2	0.00037792
421.3	0.000324221
421.4	0.000270522
421.5	0.000216823
421.6	0.000163126
421.7	0.00010943
421.8	5.5744e-05
421.9	2.68126e-06
422	5.17143e-05
422.1	0.000105399
422.2	0.000159094
422.3	0.000212791
422.4	0.00026649
422.5	0.000320189
422.6	0.000373888
422.7	0.000427588
422.8	0.000481287
422.9	0.000534987
423	0.000588687
423.1	0.000626832
423.2	0.000572832
423.3	0.000518832
423.4	0.000464833
423.5	0.000410833
423.6	0.000356834
423.7	0.000302834
423.8	0.000248836
423.9	0.000194837
424	0.00014084
424.1	8.68473e-05
424.2	3.28769e-05
424.3	2.12444e-05
424.4	7.51915e-05
424.5	0.000129183
424.6	0.000183179
424.7	0.000237177
424.8	0.000291176
424.9	0.000345175
425	0.000399175
425.1	0.000453174
425.2	0.000507174
425.3	0.000561173
425.4	0.000615173
425.5	0.000606987
425.6	0.000552688
425.7	0.000498388
425.8	0.000444088
425.9	0.000389789
426	0.000335489
426.1	0.00028119
426.2	0.000226892
426.3	0.000172594
426.4	0.000118298
426.5	6.40092e-05
426.6	9.84481e-06
426.7	4.46502e-05
426.8	9.8931e-05
426.9	0.000153225
427	0.000207523
427.1	0.000261821
427.2	0.00031612
427.3	0.000370419
427.4	0.000424719
427.5	0.000479018
427.6	0.000533318
427.7	0.000587618
427.8	0.000641485
427.9	0.000586885
428	0.000532285
428.1	0.000477686
428.2	0.000423086
428.3	0.000368487
428.4	0.000313887
428.5	0.000259288
428.6	0.00020469
428.7	0.000150093
428.8	9.54988e-05
428.9	4.09206e-05
429	1.3831e-05
429.1	6.83405e-05
429.2	0.00012293
429.3	0.000177526
429.4	0.000232124
429.5	0.000286723
429.6	0.000341322
429.7	0.000395922
429.8	0.000450521
429.9	0.000505121
430	0.00055972
430.1	0.00061432
430.2	0.000621425
430.3	0.000566525
430.4	0.000511625
430.5	0.000456726
430.6	0.000401826
430.7	0.000346927
430.8	0.000292028
430.9	0.000237129
431	0.000182231
431.1	0.000127334
431.2	7.24437e-05
431.3	1.76111e-05
431.4	3.74196e-05
431.5	9.22948e-05
431.6	0.000147188
431.7	0.000202086
431.8	0.000256984
431.9	0.000311883
432	0.000366782
432.1	0.000421682
432.2	0.000476581
432.3	0.000531481
432.4	0.00058638
432.5	0.00064128
432.6	0.000601107
432.7	0.000545907
432.8	0.000490707
432.9	0.000435508
433	0.000380308
433.1	0.000325109
433.2	0.00026991
433.3	0.000214711
433.4	0.000159514
433.5	0.000104319
433.6	4.91359e-05
433.7	6.3471e-06
433.8	6.13214e-05
433.9	0.000116509
434	0.000171705
434.1	0.000226903
434.2	0.000282101
434.3	0.000337301
434.4	0.0003925
434.5	0.000447699
434.6	0.000502899
434.7	0.000558099
434.8	0.000613298
434.9	0.000636031
435	0.000580531
435.1	0.000525031
435.2	0.000469531
435.3	0.000414032
435.4	0.000358532
435.5	0.000303033
435.6	0.000247534
435.7	0.000192036
435.8	0.00013654
435.9	8.10473e-05
436	2.55892e-05
436.1	3.0024e-05
436.2	8.54902e-05
436.3	0.000140983
436.4	0.00019648
436.5	0.000251978
436.6	0.000307477
436.7	0.000362976
436.8	0.000418476
436.9	0.000473975
437	0.000529475
437.1	0.000584975
437.2	0.000640474
437.3	0.000615497
437.4	0.000559697
437.5	0.000503897
437.6	0.000448098
437.7	0.000392298
437.8	0.000336499
437.9	0.0002807
438	0.000224901
438.1	0.000169103
438.2	0.000113308
438.3	5.75214e-05
438.4	2.44855e-06
438.5	5.41346e-05
438.6	0.00010992
438.7	0.000165715
438.8	0.000221513
438.9	0.000277311
439	0.00033311
439.1	0.00038891
439.2	0.000444709
439.3	0.000500509
439.4	0.000556309
439.5	0.000612108
439.6	0.000650805
439.7	0.000594705
439.8	0.000538605
439.9	0.000482506
440	0.000426406
440.1	0.000370307
440.2	0.000314207
440.3	0.000258109
440.4	0.00020201
440.5	0.000145913
440.6	8.98199e-05
440.7	3.37489e-05
440.8	2.24671e-05
440.9	7.85174e-05
441	0.000134609
441.1	0.000190706
441.2	0.000246804
441.3	0.000302903
441.4	0.000359002
441.5	0.000415101
441.6	0.000471201
441.7	0.0005273
441.8	0.0005834
441.9	0.0006395
442	0.000630055
442.1	0.000573656
442.2	0.000517256
442.3	0.000460856
442.4	0.000404457
442.5	0.000348057
442.6	0.000291658
442.7	0.00023526
442.8	0.000178862
442.9	0.000122466
443	6.60766e-05
443.1	9.81348e-06
443.2	4.67805e-05
443.3	0.000103162
443.4	0.000159557
443.5	0.000215954
443.6	0.000272353
443.7	0.000328752
443.8	0.000385151
443.9	0.000441551
444	0.00049795
444.1	0.00055435
444.2	0.00061075
444.3	0.000665748
444.4	0.000609048
444.5	0.000552348
444.6	0.000495649
444.7	0.000438949
444.8	0.00038225
444.9	0.00032555
445	0.000268851
445.1	0.000212153
445.2	0.000155456
445.3	9.87613e-05
445.4	4.20827e-05
445.5	1.47607e-05
445.6	7.13764e-05
445.7	0.000128067
445.8	0.000184763
445.9	0.000241461
446	0.00029816
446.1	0.000354859
446.2	0.000411558
446.3	0.000468258
446.4	0.000524957
446.5	0.000581657
446.6	0.000638357
446.7	0.000644783
446.8	0.000587783
446.9	0.000530783
447	0.000473783
447.1	0.000416784
447.2	0.000359785
447.3	0.000302785
447.4	0.000245787
447.5	0.000188788
447.6	0.000131792
447.7	7.48011e-05
447.8	1.78679e-05
447.9	3.92596e-05
448	9.6236e-05
448.1	0.00015323
448.2	0.000210227
448.3	0.000267226
448.4	0.000324225
448.5	0.000381224
448.6	0.000438223
448.7	0.000495223
448.8	0.000552223
448.9	0.000609222
449	0.000666222
449.1	0.00062356
449.2	0.00056626
449.3	0.00050896
449.4	0.00045166
449.5	0.000394361
449.6	0.000337062
449.7	0.000279763
449.8	0.000222464
449.9	0.000165167
450	0.000107872
450.1	5.05879e-05
450.2	6.97082e-06
450.3	6.40673e-05
450.4	0.000121356
450.5	0.000178652
450.6	0.00023595
450.7	0.000293248
450.8	0.000350547
450.9	0.000407847
451	0.000465146
451.1	0.000522446
451.2	0.000579746
451.3	0.000637045
451.4	0.000659678
451.5	0.000602079
451.6	0.000544479
451.7	0.000486879
451.8	0.00042928
451.9	0.00037168
452	0.000314081
452.1	0.000256482
452.2	0.000198884
452.3	0.000141287
452.4	8.36947e-05
452.5	2.61359e-05
452.6	3.15735e-05
452.7	8.91415e-05
452.8	0.000146735
452.9	0.000204332
453	0.00026193
453.1	0.000319529
453.2	0.000377128
453.3	0.000434728
453.4	0.000492327
453.5	0.000549927
453.6	0.000607527
453.7	0.000665126
453.8	0.00063824
453.9	0.00058034
454	0.00052244
454.1	0.00046454
454.2	0.000406641
454.3	0.000348742
454.4	0.000290842
454.5	0.000232944
454.6	0.000175046
454.7	0.00011715
454.8	5.92635e-05
454.9	2.21651e-06
455	5.65905e-05
455.1	0.000114477
455.2	0.000172372
455.3	0.00023027
455.4	0.000288168
455.5	0.000346067
455.6	0.000403967
455.7	0.000461866
455.8	0.000519766
455.9	0.000577666
456	0.000635565
456.1	0.000674743
456.2	0.000616543
456.3	0.000558343
456.4	0.000500143
456.5	0.000441944
456.6	0.000383744
456.7	0.000325545
456.8	0.000267346
456.9	0.000209148
457	0.000150951
457.1	9.27572e-05
457.2	3.45856e-05
457.3	2.37256e-05
457.4	8.18787e-05
457.5	0.000140071
457.6	0.000198267
457.7	0.000256466
457.8	0.000314665
457.9	0.000372864
458	0.000431063
458.1	0.000489263
458.2	0.000547462
458.3	0.000605662
458.4	0.000663862
458.5	0.000653088
458.6	0.000594588
458.7	0.000536089
458.8	0.000477589
458.9	0.000419089
459	0.00036059
459.1	0.000302091
459.2	0.000243592
459.3	0.000185094
459.4	0.000126598
459.5	6.81087e-05
459.6	9.74739e-06
459.7	4.89462e-05
459.8	0.000107429
459.9	0.000165924
460	0.000224421
460.1	0.00028292
460.2	0.000341419
460.3	0.000399918
460.4	0.000458418
460.5	0.000516917
460.6	0.000575417
460.7	0.000633917
460.8	0.000689976
460.9	0.000631176
461	0.000572376
461.1	0.000513576
461.2	0.000454777
461.3	0.000395977
461.4	0.000337178
461.5	0.000278379
461.6	0.00021958
461.7	0.000160783
461.8	0.000101989
461.9	4.32094e-05
462	1.57264e-05
462.1	7.44477e-05
462.2	0.000133238
462.3	0.000192035
462.4	0.000250833
462.5	0.000309632
462.6	0.000368431
462.7	0.00042723
462.8	0.00048603
462.9	0.00054483
463	0.000603629
463.1	0.000662429
463.2	0.000668105
463.3	0.000609005
463.4	0.000549906
463.5	0.000490806
463.6	0.000431707
463.7	0.000372607
463.8	0.000313508
463.9	0.000254409
464	0.000195311
464.1	0.000136214
464.2	7.71232e-05
464.3	1.80895e-05
464.4	4.11351e-05
464.5	0.000100213
464.6	0.000159307
464.7	0.000218404
464.8	0.000277503
464.9	0.000336602
465	0.000395701
465.1	0.0004548
465.2	0.0005139
465.3	0.000573
465.4	0.0006321
465.5	0.000691199
465.6	0.000645977
465.7	0.000586577
465.8	0.000527178
465.9	0.000467778
466	0.000408379
466.1	0.000348979
466.2	0.00028958
466.3	0.000230181
466.4	0.000170784
466.5	0.000111389
466.6	5.20048e-05
466.7	7.63282e-06
466.8	6.68487e-05
466.9	0.000126238
467	0.000185634
467.1	0.000245032
467.2	0.00030443
467.3	0.00036383
467.4	0.000423229
467.5	0.000482629
467.6	0.000542028
467.7	0.000601428
467.8	0.000660828
467.9	0.000683291
468	0.000623591
468.1	0.000563891
468.2	0.000504192
468.3	0.000444492
468.4	0.000384793
468.5	0.000325093
468.6	0.000265395
468.7	0.000205696
468.8	0.000145999
468.9	8.63067e-05
469	2.66473e-05
469.1	3.31585e-05
469.2	9.28282e-05
469.3	0.000152522
469.4	0.000212219
469.5	0.000271917
469.6	0.000331616
469.7	0.000391315
469.8	0.000451015
469.9	0.000510714
470	0.000570414
470.1	0.000630114
470.2	0.000689814
470.3	0.000660947
470.4	0.000600947
470.5	0.000540948
470.6	0.000480948
470.7	0.000420948
470.8	0.000360949
470.9	0.00030095
471	0.000240951
471.1	0.000180953
471.2	0.000120958
471.3	6.09703e-05
471.4	2.00435e-06
471.5	5.90818e-05
471.6	0.000119068
471.7	0.000179064
471.8	0.000239062
471.9	0.000299061
472	0.00035906
472.1	0.000419059
472.2	0.000479059
472.3	0.000539058
472.4	0.000599058
472.5	0.000659058
472.6	0.000698645
472.7	0.000638345
472.8	0.000578046
472.9	0.000517746
473	0.000457446
473.1	0.000397147
473.2	0.000336847
473.3	0.000276549
473.4	0.00021625
473.5	0.000155953
473.6	9.56592e-05
473.7	3.53871e-05
473.8	2.50197e-05
473.9	8.52754e-05
474	0.000145568
474.1	0.000205865
474.2	0.000266163
474.3	0.000326462
474.4	0.000386761
474.5	0.000447061
474.6	0.00050736
474.7	0.00056766
474.8	0.00062796
474.9	0.000688259
475	0.000676085
475.1	0.000615486
475.2	0.000554886
475.3	0.000494286
475.4	0.000433687
475.5	0.000373087
475.6	0.000312488
475.7	0.000251889
475.8	0.000191291
475.9	0.000130695
476	7.01055e-05
476.1	9.64656e-06
476.2	5.11474e-05
476.3	0.000111731
476.4	0.000172326
476.5	0.000232923
476.6	0.000293522
476.7	0.000354121
476.8	0.000414721
476.9	0.00047532
477	0.00053592
477.1	0.000596519
477.2	0.000657119
477.3	0.000714168
477.4	0.000653268
477.5	0.000592368
477.6	0.000531469
477.7	0.000470569
477.8	0.000409669
477.9	0.00034877
478	0.000287871
478.1	0.000226973
478.2	0.000166075
478.3	0.000105181
478.4	4.43009e-05
478.5	1.6728e-05
478.6	7.75545e-05
478.7	0.000138446
478.8	0.000199342
478.9	0.00026024
479	0.000321139
479.1	0.000382038
479.2	0.000442938
479.3	0.000503837
479.4	0.000564737
479.5	0.000625637
479.6	0.000686537
479.7	0.000691392
479.8	0.000630193
479.9	0.000568993
480	0.000507793
480.1	0.000446594
480.2	0.000385394
480.3	0.000324195
480.4	0.000262996
480.5	0.000201798
480.6	0.000140601
480.7	7.94099e-05
480.8	1.8276e-05
480.9	4.3046e-05
481	0.000104225
481.1	0.000165419
481.2	0.000226617
481.3	0.000287815
481.4	0.000349014
481.5	0.000410214
481.6	0.000471413
481.7	0.000532613
481.8	0.000593812
481.9	0.000655012
482	0.000716212
482.1	0.000668359
482.2	0.00060686
482.3	0.00054536
482.4	0.00048386
482.5	0.000422361
482.6	0.000360861
482.7	0.000299362
482.8	0.000237864
482.9	0.000176366
483	0.000114871
483.1	5.33863e-05
483.2	8.33267e-06
483.3	6.96654e-05
483.4	0.000131155
483.5	0.000192651
483.6	0.000254149
483.7	0.000315648
483.8	0.000377147
483.9	0.000438647
484	0.000500146
484.1	0.000561646
484.2	0.000623145
484.3	0.000684645
484.4	0.000706868
484.5	0.000645068
484.6	0.000583269
484.7	0.000521469
484.8	0.000459669
484.9	0.00039787
485	0.000336071
485.1	0.000274272
485.2	0.000212473
485.3	0.000150676
485.4	8.88834e-05
485.5	2.71235e-05
485.6	3.47791e-05
485.7	9.65503e-05
485.8	0.000158344
485.9	0.000220141
486	0.00028194
486.1	0.000343739
486.2	0.000405538
486.3	0.000467337
486.4	0.000529137
486.5	0.000590937
486.6	0.000652736
486.7	0.000714536
486.8	0.000683619
486.9	0.000621519
487	0.00055942
487.1	0.00049732
487.2	0.00043522
487.3	0.000373121
487.4	0.000311022
487.5	0.000248923
487.6	0.000186825
487.7	0.000124729
487.8	6.26418e-05
487.9	1.84178e-06
488	6.16085e-05
488.1	0.000123696
488.2	0.000185792
488.3	0.000247889
488.4	0.000309988
488.5	0.000372087
488.6	0.000434187
488.7	0.000496286
488.8	0.000558386
488.9	0.000620486
489	0.000682585
489.1	0.000722512
489.2	0.000660112
489.3	0.000597713
489.4	0.000535313
489.5	0.000472913
489.6	0.000410514
489.7	0.000348114
489.8	0.000285715
489.9	0.000223317
490	0.00016092
490.1	9.85259e-05
490.2	3.61533e-05
490.3	2.63493e-05
490.4	8.87076e-05
490.5	0.0001511
490.6	0.000213497
490.7	0.000275896
490.8	0.000338295
490.9	0.000400694
491	0.000463093
491.1	0.000525493
491.2	0.000587893
491.3	0.000650292
491.4	0.000712692
491.5	0.000699048
491.6	0.000636348
491.7	0.000573648
491.8	0.000510948
491.9	0.000448249
492	0.000385549
492.1	0.00032285
492.2	0.000260151
492.3	0.000197453
492.4	0.000134757
492.5	7.2067e-05
492.6	9.51102e-06
492.7	5.3384e-05
492.8	0.000116068
492.9	0.000178763
493	0.000241461
493.1	0.00030416
493.2	0.000366859
493.3	0.000429558
493.4	0.000492258
493.5	0.000554957
493.6	0.000617657
493.7	0.000680357
493.8	0.000738325
493.9	0.000675325
494	0.000612325
494.1	0.000549326
494.2	0.000486326
494.3	0.000423326
494.4	0.000360327
494.5	0.000297328
494.6	0.000234329
494.7	0.000171332
494.8	0.000108337
494.9	4.53572e-05
495	1.77655e-05
495.1	8.06967e-05
495.2	0.000143688
495.3	0.000206685
495.4	0.000269683
495.5	0.000332682
495.6	0.000395681
495.7	0.000458681
495.8	0.00052168
495.9	0.00058468
496	0.00064768
496.1	0.000710679
496.2	0.000714644
496.3	0.000651345
496.4	0.000588045
496.5	0.000524745
496.6	0.000461446
496.7	0.000398146
496.8	0.000334847
496.9	0.000271548
497	0.00020825
497.1	0.000144953
497.2	8.16614e-05
497.3	1.84272e-05
497.4	4.49925e-05
497.5	0.000108272
497.6	0.000171567
497.7	0.000234864
497.8	0.000298163
497.9	0.000361462
498	0.000424761
498.1	0.000488061
498.2	0.000551361
498.3	0.00061466
498.4	0.00067796
498.5	0.00074126
498.6	0.000690706
498.7	0.000627106
498.8	0.000563507
498.9	0.000499907
499	0.000436308
499.1	0.000372708
499.2	0.000309109
499.3	0.00024551
499.4	0.000181913
499.5	0.000118317
499.6	5.47325e-05
499.7	9.07e-06
499.8	7.25176e-05
499.9	0.000136108
