0	2.5e-06
0.1	2.5e-06
0.2	2.5e-06
0.3	2.5e-06
0.4	2.5e-06
0.5	2.5e-06
0.6	2.5e-06
0.7	2.5e-06
0.8	2.5e-06
0.9	2.5e-06
1	2.5e-06
1.1	2.5e-06
1.2	2.5e-06
1.3	2.5e-06
1.4	2.48233e-06
1.5	2.35334e-06
1.6	2.23295e-06
1.7	2.12263e-06
1.8	2.02402e-06
1.9	1.93891e-06
2	1.86916e-06
2.1	1.81651e-06
2.2	1.78251e-06
2.3	1.76821e-06
2.4	1.7741e-06
2.5	1.79997e-06
2.6	1.84499e-06
2.7	1.90781e-06
2.8	1.98673e-06
2.9	2.07992e-06
3	2.18556e-06
3.1	2.30194e-06
3.2	2.4275e-06
3.3	2.56091e-06
3.4	2.68955e-06
3.5	2.67497e-06
3.6	2.66045e-06
3.7	2.64599e-06
3.8	2.6316e-06
3.9	2.61727e-06
4	2.603e-06
4.1	2.5888e-06
4.2	2.57467e-06
4.3	2.56061e-06
4.4	2.54662e-06
4.5	2.5327e-06
4.6	2.51885e-06
4.7	2.50507e-06
4.8	2.49137e-06
4.9	2.47775e-06
5	2.4642e-06
5.1	2.45073e-06
5.2	2.43735e-06
5.3	2.42404e-06
5.4	2.41081e-06
5.5	2.39767e-06
5.6	2.38462e-06
5.7	2.37165e-06
5.8	2.35877e-06
5.9	2.34597e-06
6	2.33327e-06
6.1	2.32066e-06
6.2	2.26101e-06
6.3	2.15035e-06
6.4	2.05049e-06
6.5	1.9631e-06
6.6	1.88989e-06
6.7	1.83257e-06
6.8	1.79266e-06
6.9	1.77133e-06
7	1.76927e-06
7.1	1.78654e-06
7.2	1.82258e-06
7.3	1.87633e-06
7.4	1.9463e-06
7.5	2.03083e-06
7.6	2.12817e-06
7.7	2.23667e-06
7.8	2.35477e-06
7.9	2.48111e-06
8	2.61449e-06
8.1	2.75389e-06
8.2	2.87028e-06
8.3	2.83984e-06
8.4	2.8096e-06
8.5	2.77957e-06
8.6	2.74976e-06
8.7	2.72018e-06
8.8	2.69083e-06
8.9	2.66172e-06
9	2.63286e-06
9.1	2.60425e-06
9.2	2.57592e-06
9.3	2.54786e-06
9.4	2.52008e-06
9.5	2.4926e-06
9.6	2.46541e-06
9.7	2.43855e-06
9.8	2.412e-06
9.9	2.3858e-06
10	2.35993e-06
10.1	2.33443e-06
10.2	2.30929e-06
10.3	2.28454e-06
10.4	2.26018e-06
10.5	2.23623e-06
10.6	2.21269e-06
10.7	2.18959e-06
10.8	2.16694e-06
10.9	2.14475e-06
11	2.05909e-06
11.1	1.97385e-06
11.2	1.90145e-06
11.3	1.84341e-06
11.4	1.8011e-06
11.5	1.77565e-06
11.6	1.7678e-06
11.7	1.77777e-06
11.8	1.80527e-06
11.9	1.84952e-06
12	1.90936e-06
12.1	1.98337e-06
12.2	2.07003e-06
12.3	2.16783e-06
12.4	2.27533e-06
12.5	2.39123e-06
12.6	2.51435e-06
12.7	2.64371e-06
12.8	2.77841e-06
12.9	2.91773e-06
13	3.03676e-06
13.1	2.9897e-06
13.2	2.94303e-06
13.3	2.89678e-06
13.4	2.85096e-06
13.5	2.80559e-06
13.6	2.76071e-06
13.7	2.71632e-06
13.8	2.67247e-06
13.9	2.62916e-06
14	2.58644e-06
14.1	2.54433e-06
14.2	2.50285e-06
14.3	2.46205e-06
14.4	2.42196e-06
14.5	2.38261e-06
14.6	2.34405e-06
14.7	2.3063e-06
14.8	2.26941e-06
14.9	2.23343e-06
15	2.19839e-06
15.1	2.16434e-06
15.2	2.13134e-06
15.3	2.09943e-06
15.4	2.06866e-06
15.5	2.03908e-06
15.6	2.01075e-06
15.7	1.96638e-06
15.8	1.89922e-06
15.9	1.84476e-06
16	1.80415e-06
16.1	1.77833e-06
16.2	1.76797e-06
16.3	1.77332e-06
16.4	1.79425e-06
16.5	1.83023e-06
16.6	1.88038e-06
16.7	1.94362e-06
16.8	2.01871e-06
16.9	2.10438e-06
17	2.19941e-06
17.1	2.30263e-06
17.2	2.41298e-06
17.3	2.52954e-06
17.4	2.65149e-06
17.5	2.77812e-06
17.6	2.90882e-06
17.7	3.04306e-06
17.8	3.18039e-06
17.9	3.1197e-06
18	3.05629e-06
18.1	2.99354e-06
18.2	2.93148e-06
18.3	2.87016e-06
18.4	2.80963e-06
18.5	2.74995e-06
18.6	2.69117e-06
18.7	2.63334e-06
18.8	2.57654e-06
18.9	2.52083e-06
19	2.46629e-06
19.1	2.413e-06
19.2	2.36104e-06
19.3	2.3105e-06
19.4	2.26147e-06
19.5	2.21406e-06
19.6	2.16837e-06
19.7	2.12452e-06
19.8	2.08262e-06
19.9	2.04278e-06
20	2.00514e-06
20.1	1.96982e-06
20.2	1.93695e-06
20.3	1.90664e-06
20.4	1.87903e-06
20.5	1.83445e-06
20.6	1.79956e-06
20.7	1.77725e-06
20.8	1.76802e-06
20.9	1.77207e-06
21	1.7893e-06
21.1	1.81935e-06
21.2	1.86158e-06
21.3	1.9152e-06
21.4	1.97929e-06
21.5	2.05285e-06
21.6	2.13492e-06
21.7	2.22454e-06
21.8	2.32085e-06
21.9	2.42305e-06
22	2.53042e-06
22.1	2.64234e-06
22.2	2.75824e-06
22.3	2.87766e-06
22.4	3.00016e-06
22.5	3.12539e-06
22.6	3.25303e-06
22.7	3.22464e-06
22.8	3.14455e-06
22.9	3.06539e-06
23	2.98724e-06
23.1	2.91018e-06
23.2	2.8343e-06
23.3	2.75969e-06
23.4	2.68646e-06
23.5	2.61472e-06
23.6	2.5446e-06
23.7	2.47625e-06
23.8	2.4098e-06
23.9	2.34543e-06
24	2.2833e-06
24.1	2.2236e-06
24.2	2.16655e-06
24.3	2.11234e-06
24.4	2.06121e-06
24.5	2.01339e-06
24.6	1.96911e-06
24.7	1.92864e-06
24.8	1.8922e-06
24.9	1.86003e-06
25	1.83237e-06
25.1	1.80941e-06
25.2	1.78802e-06
25.3	1.77258e-06
25.4	1.76778e-06
25.5	1.7737e-06
25.6	1.79022e-06
25.7	1.81707e-06
25.8	1.8538e-06
25.9	1.89982e-06
26	1.95449e-06
26.1	2.0171e-06
26.2	2.08693e-06
26.3	2.16329e-06
26.4	2.24552e-06
26.5	2.33298e-06
26.6	2.42512e-06
26.7	2.52143e-06
26.8	2.62143e-06
26.9	2.72473e-06
27	2.83097e-06
27.1	2.93982e-06
27.2	3.05101e-06
27.3	3.16429e-06
27.4	3.27945e-06
27.5	3.2988e-06
27.6	3.20255e-06
27.7	3.10754e-06
27.8	3.0139e-06
27.9	2.92177e-06
28	2.83129e-06
28.1	2.74262e-06
28.2	2.65595e-06
28.3	2.57147e-06
28.4	2.48942e-06
28.5	2.41003e-06
28.6	2.33358e-06
28.7	2.26037e-06
28.8	2.19072e-06
28.9	2.12498e-06
29	2.06354e-06
29.1	2.00677e-06
29.2	1.95509e-06
29.3	1.90891e-06
29.4	1.86865e-06
29.5	1.83468e-06
29.6	1.80736e-06
29.7	1.78701e-06
29.8	1.77385e-06
29.9	1.76804e-06
30	1.77002e-06
30.1	1.78019e-06
30.2	1.7984e-06
30.3	1.82442e-06
30.4	1.85792e-06
30.5	1.8985e-06
30.6	1.94572e-06
30.7	1.99912e-06
30.8	2.0582e-06
30.9	2.1225e-06
31	2.19155e-06
31.1	2.26493e-06
31.2	2.34221e-06
31.3	2.42304e-06
31.4	2.50707e-06
31.5	2.59398e-06
31.6	2.6835e-06
31.7	2.77538e-06
31.8	2.86938e-06
31.9	2.96531e-06
32	3.06298e-06
32.1	3.16224e-06
32.2	3.26294e-06
32.3	3.33628e-06
32.4	3.22489e-06
32.5	3.11512e-06
32.6	3.00717e-06
32.7	2.90123e-06
32.8	2.79753e-06
32.9	2.69633e-06
33	2.59792e-06
33.1	2.50263e-06
33.2	2.41083e-06
33.3	2.32293e-06
33.4	2.2394e-06
33.5	2.16074e-06
33.6	2.0875e-06
33.7	2.02027e-06
33.8	1.95967e-06
33.9	1.90633e-06
34	1.86088e-06
34.1	1.8239e-06
34.2	1.79592e-06
34.3	1.77737e-06
34.4	1.76854e-06
34.5	1.76957e-06
34.6	1.78046e-06
34.7	1.79679e-06
34.8	1.81792e-06
34.9	1.84451e-06
35	1.87632e-06
35.1	1.91309e-06
35.2	1.95454e-06
35.3	2.00038e-06
35.4	2.05032e-06
35.5	2.10407e-06
35.6	2.16133e-06
35.7	2.22184e-06
35.8	2.28535e-06
35.9	2.3516e-06
36	2.42037e-06
36.1	2.49146e-06
36.2	2.56467e-06
36.3	2.63982e-06
36.4	2.71676e-06
36.5	2.79533e-06
36.6	2.87541e-06
36.7	2.95686e-06
36.8	3.03959e-06
36.9	3.12348e-06
37	3.20845e-06
37.1	3.29441e-06
37.2	3.20663e-06
37.3	3.08388e-06
37.4	2.96347e-06
37.5	2.84572e-06
37.6	2.73096e-06
37.7	2.61958e-06
37.8	2.51204e-06
37.9	2.40884e-06
38	2.31058e-06
38.1	2.21791e-06
38.2	2.13155e-06
38.3	2.05231e-06
38.4	1.98104e-06
38.5	1.91862e-06
38.6	1.86594e-06
38.7	1.82386e-06
38.8	1.79311e-06
38.9	1.77429e-06
39	1.76777e-06
39.1	1.77369e-06
39.2	1.79194e-06
39.3	1.82213e-06
39.4	1.85613e-06
39.5	1.88331e-06
39.6	1.91376e-06
39.7	1.94733e-06
39.8	1.98385e-06
39.9	2.02318e-06
40	2.06514e-06
40.1	2.10959e-06
40.2	2.15636e-06
40.3	2.20531e-06
40.4	2.2563e-06
40.5	2.3092e-06
40.6	2.36387e-06
40.7	2.42019e-06
40.8	2.47806e-06
40.9	2.53736e-06
41	2.598e-06
41.1	2.65989e-06
41.2	2.72294e-06
41.3	2.78707e-06
41.4	2.85221e-06
41.5	2.91829e-06
41.6	2.98526e-06
41.7	3.05304e-06
41.8	3.1216e-06
41.9	3.19087e-06
42	3.14418e-06
42.1	3.01101e-06
42.2	2.88087e-06
42.3	2.7542e-06
42.4	2.63149e-06
42.5	2.51333e-06
42.6	2.4004e-06
42.7	2.29345e-06
42.8	2.19337e-06
42.9	2.10114e-06
43	2.01784e-06
43.1	1.94461e-06
43.2	1.88263e-06
43.3	1.83304e-06
43.4	1.79687e-06
43.5	1.77494e-06
43.6	1.76777e-06
43.7	1.77555e-06
43.8	1.79808e-06
43.9	1.83482e-06
44	1.88494e-06
44.1	1.9474e-06
44.2	1.97758e-06
44.3	2.0073e-06
44.4	2.03863e-06
44.5	2.07149e-06
44.6	2.10582e-06
44.7	2.14154e-06
44.8	2.17857e-06
44.9	2.21687e-06
45	2.25636e-06
45.1	2.29697e-06
45.2	2.33866e-06
45.3	2.38137e-06
45.4	2.42503e-06
45.5	2.46961e-06
45.6	2.51505e-06
45.7	2.56131e-06
45.8	2.60834e-06
45.9	2.6561e-06
46	2.70456e-06
46.1	2.75367e-06
46.2	2.8034e-06
46.3	2.85373e-06
46.4	2.90461e-06
46.5	2.95602e-06
46.6	3.00794e-06
46.7	3.06033e-06
46.8	3.03642e-06
46.9	2.89632e-06
47	2.76014e-06
47.1	2.6285e-06
47.2	2.50211e-06
47.3	2.3818e-06
47.4	2.26855e-06
47.5	2.16346e-06
47.6	2.06778e-06
47.7	1.98287e-06
47.8	1.91017e-06
47.9	1.85111e-06
48	1.80704e-06
48.1	1.77907e-06
48.2	1.76795e-06
48.3	1.77402e-06
48.4	1.79709e-06
48.5	1.83653e-06
48.6	1.89131e-06
48.7	1.96014e-06
48.8	2.04161e-06
48.9	2.10109e-06
49	2.12583e-06
49.1	2.15123e-06
49.2	2.17728e-06
49.3	2.20394e-06
49.4	2.2312e-06
49.5	2.25903e-06
49.6	2.28741e-06
49.7	2.31632e-06
49.8	2.34575e-06
49.9	2.37567e-06
50	2.40607e-06
50.1	2.43693e-06
50.2	2.46822e-06
50.3	2.49994e-06
50.4	2.53207e-06
50.5	2.56458e-06
50.6	2.59748e-06
50.7	2.63074e-06
50.8	2.66435e-06
50.9	2.6983e-06
51	2.73257e-06
51.1	2.76715e-06
51.2	2.80203e-06
51.3	2.83721e-06
51.4	2.87266e-06
51.5	2.90838e-06
51.6	2.88586e-06
51.7	2.74334e-06
51.8	2.6059e-06
51.9	2.47441e-06
52	2.34986e-06
52.1	2.23341e-06
52.2	2.12638e-06
52.3	2.03028e-06
52.4	1.94672e-06
52.5	1.87737e-06
52.6	1.82386e-06
52.7	1.78761e-06
52.8	1.76969e-06
52.9	1.77064e-06
53	1.79044e-06
53.1	1.82847e-06
53.2	1.88364e-06
53.3	1.95449e-06
53.4	2.03938e-06
53.5	2.13665e-06
53.6	2.24469e-06
53.7	2.26967e-06
53.8	2.28593e-06
53.9	2.30235e-06
54	2.31895e-06
54.1	2.33572e-06
54.2	2.35264e-06
54.3	2.36973e-06
54.4	2.38697e-06
54.5	2.40437e-06
54.6	2.42191e-06
54.7	2.4396e-06
54.8	2.45743e-06
54.9	2.47541e-06
55	2.49352e-06
55.1	2.51176e-06
55.2	2.53014e-06
55.3	2.54864e-06
55.4	2.56727e-06
55.5	2.58602e-06
55.6	2.60489e-06
55.7	2.62388e-06
55.8	2.64298e-06
55.9	2.6622e-06
56	2.68152e-06
56.1	2.70096e-06
56.2	2.7205e-06
56.3	2.74014e-06
56.4	2.69969e-06
56.5	2.56028e-06
56.6	2.4275e-06
56.7	2.30249e-06
56.8	2.18658e-06
56.9	2.08129e-06
57	1.98831e-06
57.1	1.90944e-06
57.2	1.84648e-06
57.3	1.80112e-06
57.4	1.77469e-06
57.5	1.76805e-06
57.6	1.78142e-06
57.7	1.81435e-06
57.8	1.86582e-06
57.9	1.93433e-06
58	2.01816e-06
58.1	2.11549e-06
58.2	2.22454e-06
58.3	2.34368e-06
58.4	2.43882e-06
58.5	2.44322e-06
58.6	2.44764e-06
58.7	2.45206e-06
58.8	2.45649e-06
58.9	2.46092e-06
59	2.46537e-06
59.1	2.46983e-06
59.2	2.47429e-06
59.3	2.47876e-06
59.4	2.48324e-06
59.5	2.48773e-06
59.6	2.49223e-06
59.7	2.49673e-06
59.8	2.50125e-06
59.9	2.50577e-06
60	2.5103e-06
60.1	2.51484e-06
60.2	2.51938e-06
60.3	2.52394e-06
60.4	2.5285e-06
60.5	2.53307e-06
60.6	2.53765e-06
60.7	2.54223e-06
60.8	2.54682e-06
60.9	2.55143e-06
61	2.55603e-06
61.1	2.56065e-06
61.2	2.49025e-06
61.3	2.36049e-06
61.4	2.23931e-06
61.5	2.12815e-06
61.6	2.02866e-06
61.7	1.94266e-06
61.8	1.87198e-06
61.9	1.81842e-06
62	1.78352e-06
62.1	1.76839e-06
62.2	1.77353e-06
62.3	1.79877e-06
62.4	1.84328e-06
62.5	1.90572e-06
62.6	1.98439e-06
62.7	2.07745e-06
62.8	2.18306e-06
62.9	2.29949e-06
63	2.42519e-06
63.1	2.55878e-06
63.2	2.62317e-06
63.3	2.61358e-06
63.4	2.60401e-06
63.5	2.59448e-06
63.6	2.58498e-06
63.7	2.5755e-06
63.8	2.56606e-06
63.9	2.55665e-06
64	2.54728e-06
64.1	2.53793e-06
64.2	2.52862e-06
64.3	2.51933e-06
64.4	2.51009e-06
64.5	2.50087e-06
64.6	2.49169e-06
64.7	2.48254e-06
64.8	2.47343e-06
64.9	2.46435e-06
65	2.45531e-06
65.1	2.4463e-06
65.2	2.43733e-06
65.3	2.4284e-06
65.4	2.4195e-06
65.5	2.41064e-06
65.6	2.40182e-06
65.7	2.39304e-06
65.8	2.38429e-06
65.9	2.37559e-06
66	2.27493e-06
66.1	2.16209e-06
66.2	2.06009e-06
66.3	1.97059e-06
66.4	1.89538e-06
66.5	1.83622e-06
66.6	1.79468e-06
66.7	1.77201e-06
66.8	1.76894e-06
66.9	1.78556e-06
67	1.82135e-06
67.1	1.87519e-06
67.2	1.94559e-06
67.3	2.03083e-06
67.4	2.12913e-06
67.5	2.23877e-06
67.6	2.35817e-06
67.7	2.48592e-06
67.8	2.62081e-06
67.9	2.76177e-06
68	2.79992e-06
68.1	2.77488e-06
68.2	2.74999e-06
68.3	2.72526e-06
68.4	2.70069e-06
68.5	2.67629e-06
68.6	2.65206e-06
68.7	2.628e-06
68.8	2.60412e-06
68.9	2.58043e-06
69	2.55693e-06
69.1	2.53363e-06
69.2	2.51053e-06
69.3	2.48764e-06
69.4	2.46495e-06
69.5	2.44249e-06
69.6	2.42025e-06
69.7	2.39825e-06
69.8	2.37648e-06
69.9	2.35496e-06
70	2.33368e-06
70.1	2.31267e-06
70.2	2.29192e-06
70.3	2.27144e-06
70.4	2.25124e-06
70.5	2.23133e-06
70.6	2.21172e-06
70.7	2.17504e-06
70.8	2.075e-06
70.9	1.98639e-06
71	1.91078e-06
71.1	1.84978e-06
71.2	1.80487e-06
71.3	1.77726e-06
71.4	1.76777e-06
71.5	1.77669e-06
71.6	1.80374e-06
71.7	1.84813e-06
71.8	1.90864e-06
71.9	1.98382e-06
72	2.07205e-06
72.1	2.17175e-06
72.2	2.28141e-06
72.3	2.39968e-06
72.4	2.52533e-06
72.5	2.65733e-06
72.6	2.79477e-06
72.7	2.9369e-06
72.8	2.96371e-06
72.9	2.92234e-06
73	2.8813e-06
73.1	2.84061e-06
73.2	2.80028e-06
73.3	2.76034e-06
73.4	2.72079e-06
73.5	2.68166e-06
73.6	2.64297e-06
73.7	2.60472e-06
73.8	2.56695e-06
73.9	2.52968e-06
74	2.49292e-06
74.1	2.45671e-06
74.2	2.42105e-06
74.3	2.38599e-06
74.4	2.35155e-06
74.5	2.31774e-06
74.6	2.28461e-06
74.7	2.25219e-06
74.8	2.22049e-06
74.9	2.18956e-06
75	2.15943e-06
75.1	2.13013e-06
75.2	2.10169e-06
75.3	2.07416e-06
75.4	2.04756e-06
75.5	1.98446e-06
75.6	1.91291e-06
75.7	1.85438e-06
75.8	1.81013e-06
75.9	1.78122e-06
76	1.76841e-06
76.1	1.77205e-06
76.2	1.79203e-06
76.3	1.82782e-06
76.4	1.87852e-06
76.5	1.94296e-06
76.6	2.01983e-06
76.7	2.10776e-06
76.8	2.20544e-06
76.9	2.31163e-06
77	2.4252e-06
77.1	2.54518e-06
77.2	2.6707e-06
77.3	2.80101e-06
77.4	2.93548e-06
77.5	3.07356e-06
77.6	3.10951e-06
77.7	3.05135e-06
77.8	2.99373e-06
77.9	2.93671e-06
78	2.88031e-06
78.1	2.82456e-06
78.2	2.76952e-06
78.3	2.71522e-06
78.4	2.66171e-06
78.5	2.60903e-06
78.6	2.55725e-06
78.7	2.5064e-06
78.8	2.45656e-06
78.9	2.40778e-06
79	2.36013e-06
79.1	2.31368e-06
79.2	2.2685e-06
79.3	2.22468e-06
79.4	2.18228e-06
79.5	2.14141e-06
79.6	2.10214e-06
79.7	2.06457e-06
79.8	2.02878e-06
79.9	1.99489e-06
80	1.96299e-06
80.1	1.93316e-06
80.2	1.89882e-06
80.3	1.84698e-06
80.4	1.80752e-06
80.5	1.78127e-06
80.6	1.76881e-06
80.7	1.77044e-06
80.8	1.78612e-06
80.9	1.81548e-06
81	1.85787e-06
81.1	1.91243e-06
81.2	1.97815e-06
81.3	2.05397e-06
81.4	2.1388e-06
81.5	2.23162e-06
81.6	2.33147e-06
81.7	2.4375e-06
81.8	2.54892e-06
81.9	2.66508e-06
82	2.78536e-06
82.1	2.90926e-06
82.2	3.03634e-06
82.3	3.16622e-06
82.4	3.23206e-06
82.5	3.15702e-06
82.6	3.08279e-06
82.7	3.00942e-06
82.8	2.93699e-06
82.9	2.86556e-06
83	2.7952e-06
83.1	2.72601e-06
83.2	2.65807e-06
83.3	2.59149e-06
83.4	2.52636e-06
83.5	2.4628e-06
83.6	2.40094e-06
83.7	2.34092e-06
83.8	2.28288e-06
83.9	2.22696e-06
84	2.17335e-06
84.1	2.12221e-06
84.2	2.07372e-06
84.3	2.02807e-06
84.4	1.98547e-06
84.5	1.94611e-06
84.6	1.91018e-06
84.7	1.8779e-06
84.8	1.84945e-06
84.9	1.825e-06
85	1.7967e-06
85.1	1.77671e-06
85.2	1.76811e-06
85.3	1.77107e-06
85.4	1.78553e-06
85.5	1.81121e-06
85.6	1.84765e-06
85.7	1.89423e-06
85.8	1.95021e-06
85.9	2.01482e-06
86	2.08725e-06
86.1	2.16673e-06
86.2	2.2525e-06
86.3	2.34387e-06
86.4	2.44022e-06
86.5	2.54098e-06
86.6	2.64564e-06
86.7	2.75376e-06
86.8	2.86495e-06
86.9	2.97886e-06
87	3.0952e-06
87.1	3.2137e-06
87.2	3.32559e-06
87.3	3.23401e-06
87.4	3.14353e-06
87.5	3.05425e-06
87.6	2.96625e-06
87.7	2.87968e-06
87.8	2.79465e-06
87.9	2.71132e-06
88	2.62984e-06
88.1	2.55039e-06
88.2	2.47317e-06
88.3	2.3984e-06
88.4	2.3263e-06
88.5	2.25714e-06
88.6	2.1912e-06
88.7	2.12876e-06
88.8	2.07016e-06
88.9	2.01572e-06
89	1.96579e-06
89.1	1.92073e-06
89.2	1.88087e-06
89.3	1.84657e-06
89.4	1.81813e-06
89.5	1.79583e-06
89.6	1.77991e-06
89.7	1.77013e-06
89.8	1.76811e-06
89.9	1.77511e-06
90	1.79102e-06
90.1	1.81562e-06
90.2	1.84854e-06
90.3	1.88936e-06
90.4	1.93758e-06
90.5	1.99266e-06
90.6	2.05405e-06
90.7	2.12121e-06
90.8	2.19359e-06
90.9	2.27071e-06
91	2.35209e-06
91.1	2.43732e-06
91.2	2.52599e-06
91.3	2.61776e-06
91.4	2.71232e-06
91.5	2.80939e-06
91.6	2.9087e-06
91.7	3.01005e-06
91.8	3.11323e-06
91.9	3.21807e-06
92	3.3244e-06
92.1	3.27667e-06
92.2	3.17082e-06
92.3	3.06653e-06
92.4	2.96399e-06
92.5	2.86337e-06
92.6	2.76489e-06
92.7	2.66877e-06
92.8	2.5753e-06
92.9	2.48476e-06
93	2.39749e-06
93.1	2.31385e-06
93.2	2.23427e-06
93.3	2.15917e-06
93.4	2.08906e-06
93.5	2.02443e-06
93.6	1.96585e-06
93.7	1.91386e-06
93.8	1.86901e-06
93.9	1.83183e-06
94	1.80279e-06
94.1	1.78228e-06
94.2	1.77062e-06
94.3	1.76796e-06
94.4	1.77429e-06
94.5	1.78686e-06
94.6	1.80587e-06
94.7	1.83113e-06
94.8	1.86237e-06
94.9	1.8993e-06
95	1.94161e-06
95.1	1.98894e-06
95.2	2.04094e-06
95.3	2.09728e-06
95.4	2.1576e-06
95.5	2.22159e-06
95.6	2.28893e-06
95.7	2.35934e-06
95.8	2.43256e-06
95.9	2.50834e-06
96	2.58644e-06
96.1	2.66668e-06
96.2	2.74885e-06
96.3	2.8328e-06
96.4	2.91837e-06
96.5	3.00542e-06
96.6	3.09383e-06
96.7	3.18348e-06
96.8	3.27427e-06
96.9	3.2795e-06
97	3.15976e-06
97.1	3.04205e-06
97.2	2.92663e-06
97.3	2.81377e-06
97.4	2.70379e-06
97.5	2.59707e-06
97.6	2.49401e-06
97.7	2.39509e-06
97.8	2.30084e-06
97.9	2.21187e-06
98	2.12883e-06
98.1	2.05245e-06
98.2	1.98349e-06
98.3	1.92275e-06
98.4	1.87104e-06
98.5	1.82911e-06
98.6	1.79766e-06
98.7	1.77723e-06
98.8	1.76822e-06
98.9	1.77079e-06
99	1.7849e-06
99.1	1.81027e-06
99.2	1.83657e-06
99.3	1.86295e-06
99.4	1.89323e-06
99.5	1.92722e-06
99.6	1.96475e-06
99.7	2.0056e-06
99.8	2.04957e-06
99.9	2.09648e-06
100	2.14613e-06
100.1	2.19834e-06
100.2	2.25292e-06
100.3	2.3097e-06
100.4	2.36854e-06
100.5	2.42928e-06
100.6	2.49177e-06
100.7	2.5559e-06
100.8	2.62155e-06
100.9	2.68859e-06
101	2.75693e-06
101.1	2.82648e-06
101.2	2.89715e-06
101.3	2.96885e-06
101.4	3.04152e-06
101.5	3.11509e-06
101.6	3.18949e-06
101.7	3.23796e-06
101.8	3.10657e-06
101.9	2.97779e-06
102	2.85198e-06
102.1	2.72955e-06
102.2	2.61098e-06
102.3	2.49681e-06
102.4	2.38768e-06
102.5	2.2843e-06
102.6	2.1875e-06
102.7	2.09819e-06
102.8	2.01735e-06
102.9	1.94605e-06
103	1.88536e-06
103.1	1.83635e-06
103.2	1.79996e-06
103.3	1.77697e-06
103.4	1.76791e-06
103.5	1.77298e-06
103.6	1.79207e-06
103.7	1.82474e-06
103.8	1.87027e-06
103.9	1.9192e-06
104	1.94786e-06
104.1	1.97863e-06
104.2	2.01143e-06
104.3	2.04616e-06
104.4	2.08271e-06
104.5	2.121e-06
104.6	2.16092e-06
104.7	2.20241e-06
104.8	2.24535e-06
104.9	2.28969e-06
105	2.33532e-06
105.1	2.38219e-06
105.2	2.43022e-06
105.3	2.47934e-06
105.4	2.52948e-06
105.5	2.5806e-06
105.6	2.63262e-06
105.7	2.68551e-06
105.8	2.7392e-06
105.9	2.79366e-06
106	2.84884e-06
106.1	2.90469e-06
106.2	2.96118e-06
106.3	3.01828e-06
106.4	3.07594e-06
106.5	3.13415e-06
106.6	3.0096e-06
106.7	2.87301e-06
106.8	2.74029e-06
106.9	2.612e-06
107	2.48885e-06
107.1	2.37163e-06
107.2	2.26127e-06
107.3	2.15882e-06
107.4	2.06545e-06
107.5	1.98245e-06
107.6	1.91117e-06
107.7	1.85296e-06
107.8	1.80909e-06
107.9	1.78062e-06
108	1.76828e-06
108.1	1.77242e-06
108.2	1.79292e-06
108.3	1.82924e-06
108.4	1.88045e-06
108.5	1.94538e-06
108.6	2.02271e-06
108.7	2.06125e-06
108.8	2.08822e-06
108.9	2.11609e-06
109	2.14484e-06
109.1	2.17443e-06
109.2	2.20483e-06
109.3	2.23601e-06
109.4	2.26792e-06
109.5	2.30055e-06
109.6	2.33385e-06
109.7	2.36781e-06
109.8	2.4024e-06
109.9	2.43758e-06
110	2.47334e-06
110.1	2.50964e-06
110.2	2.54647e-06
110.3	2.5838e-06
110.4	2.62162e-06
110.5	2.65989e-06
110.6	2.6986e-06
110.7	2.73774e-06
110.8	2.77728e-06
110.9	2.81721e-06
111	2.85751e-06
111.1	2.89816e-06
111.2	2.93916e-06
111.3	2.98048e-06
111.4	2.87053e-06
111.5	2.73041e-06
111.6	2.59532e-06
111.7	2.46607e-06
111.8	2.34365e-06
111.9	2.22917e-06
112	2.12391e-06
112.1	2.02932e-06
112.2	1.94695e-06
112.3	1.8784e-06
112.4	1.82523e-06
112.5	1.78883e-06
112.6	1.77021e-06
112.7	1.76994e-06
112.8	1.78804e-06
112.9	1.82395e-06
113	1.87665e-06
113.1	1.94478e-06
113.2	2.02678e-06
113.3	2.12104e-06
113.4	2.20315e-06
113.5	2.22249e-06
113.6	2.24213e-06
113.7	2.26205e-06
113.8	2.28226e-06
113.9	2.30273e-06
114	2.32347e-06
114.1	2.34447e-06
114.2	2.36571e-06
114.3	2.3872e-06
114.4	2.40893e-06
114.5	2.43089e-06
114.6	2.45308e-06
114.7	2.47548e-06
114.8	2.4981e-06
114.9	2.52092e-06
115	2.54395e-06
115.1	2.56717e-06
115.2	2.59059e-06
115.3	2.61419e-06
115.4	2.63797e-06
115.5	2.66192e-06
115.6	2.68605e-06
115.7	2.71035e-06
115.8	2.7348e-06
115.9	2.75942e-06
116	2.78419e-06
116.1	2.8091e-06
116.2	2.69539e-06
116.3	2.5571e-06
116.4	2.42536e-06
116.5	2.30131e-06
116.6	2.18625e-06
116.7	2.08167e-06
116.8	1.98923e-06
116.9	1.91068e-06
117	1.84781e-06
117.1	1.80225e-06
117.2	1.77534e-06
117.3	1.76792e-06
117.4	1.78025e-06
117.5	1.81191e-06
117.6	1.86192e-06
117.7	1.92887e-06
117.8	2.01104e-06
117.9	2.10667e-06
118	2.21401e-06
118.1	2.33145e-06
118.2	2.38165e-06
118.3	2.39023e-06
118.4	2.39885e-06
118.5	2.4075e-06
118.6	2.41619e-06
118.7	2.42491e-06
118.8	2.43367e-06
118.9	2.44247e-06
119	2.4513e-06
119.1	2.46016e-06
119.2	2.46906e-06
119.3	2.47799e-06
119.4	2.48696e-06
119.5	2.49596e-06
119.6	2.50499e-06
119.7	2.51406e-06
119.8	2.52315e-06
119.9	2.53228e-06
120	2.54144e-06
120.1	2.55063e-06
120.2	2.55986e-06
120.3	2.56911e-06
120.4	2.57839e-06
120.5	2.5877e-06
120.6	2.59704e-06
120.7	2.60641e-06
120.8	2.61581e-06
120.9	2.62524e-06
121	2.49529e-06
121.1	2.36524e-06
121.2	2.2437e-06
121.3	2.13213e-06
121.4	2.03217e-06
121.5	1.94562e-06
121.6	1.87433e-06
121.7	1.82009e-06
121.8	1.78447e-06
121.9	1.76859e-06
122	1.77297e-06
122.1	1.79748e-06
122.2	1.8413e-06
122.3	1.9031e-06
122.4	1.9812e-06
122.5	2.07376e-06
122.6	2.17894e-06
122.7	2.29501e-06
122.8	2.42039e-06
122.9	2.55371e-06
123	2.56069e-06
123.1	2.55591e-06
123.2	2.55113e-06
123.3	2.54636e-06
123.4	2.5416e-06
123.5	2.53685e-06
123.6	2.53211e-06
123.7	2.52738e-06
123.8	2.52265e-06
123.9	2.51793e-06
124	2.51323e-06
124.1	2.50853e-06
124.2	2.50384e-06
124.3	2.49915e-06
124.4	2.49448e-06
124.5	2.48982e-06
124.6	2.48516e-06
124.7	2.48051e-06
124.8	2.47587e-06
124.9	2.47125e-06
125	2.46663e-06
125.1	2.46202e-06
125.2	2.45741e-06
125.3	2.45282e-06
125.4	2.44824e-06
125.5	2.44366e-06
125.6	2.4391e-06
125.7	2.41031e-06
125.8	2.28646e-06
125.9	2.17189e-06
126	2.06816e-06
126.1	1.97697e-06
126.2	1.90013e-06
126.3	1.83943e-06
126.4	1.79651e-06
126.5	1.77267e-06
126.6	1.76867e-06
126.7	1.78465e-06
126.8	1.82009e-06
126.9	1.87387e-06
127	1.94448e-06
127.1	2.03017e-06
127.2	2.1291e-06
127.3	2.23954e-06
127.4	2.35985e-06
127.5	2.48862e-06
127.6	2.6246e-06
127.7	2.75318e-06
127.8	2.7333e-06
127.9	2.71351e-06
128	2.69384e-06
128.1	2.67427e-06
128.2	2.65481e-06
128.3	2.63546e-06
128.4	2.61623e-06
128.5	2.59712e-06
128.6	2.57813e-06
128.7	2.55926e-06
128.8	2.54052e-06
128.9	2.52191e-06
129	2.50343e-06
129.1	2.48508e-06
129.2	2.46687e-06
129.3	2.44881e-06
129.4	2.43088e-06
129.5	2.4131e-06
129.6	2.39548e-06
129.7	2.37801e-06
129.8	2.36069e-06
129.9	2.34354e-06
130	2.32655e-06
130.1	2.30972e-06
130.2	2.29307e-06
130.3	2.2766e-06
130.4	2.2603e-06
130.5	2.19235e-06
130.6	2.08926e-06
130.7	1.99767e-06
130.8	1.91923e-06
130.9	1.8556e-06
131	1.80836e-06
131.1	1.77881e-06
131.2	1.76783e-06
131.3	1.77577e-06
131.4	1.80238e-06
131.5	1.84685e-06
131.6	1.90794e-06
131.7	1.98411e-06
131.8	2.07369e-06
131.9	2.17504e-06
132	2.28659e-06
132.1	2.40691e-06
132.2	2.53477e-06
132.3	2.66908e-06
132.4	2.80891e-06
132.5	2.93018e-06
132.6	2.89411e-06
132.7	2.85832e-06
132.8	2.82279e-06
132.9	2.78756e-06
133	2.75262e-06
133.1	2.71799e-06
133.2	2.68368e-06
133.3	2.64971e-06
133.4	2.61608e-06
133.5	2.58281e-06
133.6	2.54991e-06
133.7	2.5174e-06
133.8	2.48529e-06
133.9	2.45361e-06
134	2.42236e-06
134.1	2.39156e-06
134.2	2.36123e-06
134.3	2.3314e-06
134.4	2.30207e-06
134.5	2.27326e-06
134.6	2.24501e-06
134.7	2.21732e-06
134.8	2.19023e-06
134.9	2.16374e-06
135	2.1379e-06
135.1	2.11271e-06
135.2	2.0882e-06
135.3	2.00145e-06
135.4	1.92585e-06
135.5	1.86355e-06
135.6	1.81591e-06
135.7	1.78412e-06
135.8	1.76902e-06
135.9	1.77105e-06
136	1.79014e-06
136.1	1.82577e-06
136.2	1.87698e-06
136.3	1.94256e-06
136.4	2.02109e-06
136.5	2.11113e-06
136.6	2.21129e-06
136.7	2.32024e-06
136.8	2.43682e-06
136.9	2.55997e-06
137	2.6888e-06
137.1	2.82252e-06
137.2	2.96048e-06
137.3	3.09116e-06
137.4	3.03831e-06
137.5	2.98593e-06
137.6	2.93404e-06
137.7	2.88267e-06
137.8	2.83184e-06
137.9	2.78159e-06
138	2.73195e-06
138.1	2.68295e-06
138.2	2.63463e-06
138.3	2.58702e-06
138.4	2.54017e-06
138.5	2.49411e-06
138.6	2.4489e-06
138.7	2.40458e-06
138.8	2.36121e-06
138.9	2.31882e-06
139	2.27749e-06
139.1	2.23726e-06
139.2	2.1982e-06
139.3	2.16037e-06
139.4	2.12384e-06
139.5	2.08868e-06
139.6	2.05495e-06
139.7	2.02272e-06
139.8	1.99208e-06
139.9	1.9631e-06
140	1.91612e-06
140.1	1.85946e-06
140.2	1.81563e-06
140.3	1.78558e-06
140.4	1.77001e-06
140.5	1.7693e-06
140.6	1.78347e-06
140.7	1.81216e-06
140.8	1.85472e-06
140.9	1.9102e-06
141	1.97753e-06
141.1	2.05554e-06
141.2	2.14306e-06
141.3	2.23897e-06
141.4	2.34225e-06
141.5	2.45197e-06
141.6	2.5673e-06
141.7	2.68752e-06
141.8	2.812e-06
141.9	2.94019e-06
142	3.07165e-06
142.1	3.20596e-06
142.2	3.16094e-06
142.3	3.09178e-06
142.4	3.02337e-06
142.5	2.95575e-06
142.6	2.88899e-06
142.7	2.82314e-06
142.8	2.75826e-06
142.9	2.69443e-06
143	2.63173e-06
143.1	2.57023e-06
143.2	2.51002e-06
143.3	2.45121e-06
143.4	2.39388e-06
143.5	2.33816e-06
143.6	2.28416e-06
143.7	2.23201e-06
143.8	2.18183e-06
143.9	2.13376e-06
144	2.08796e-06
144.1	2.04457e-06
144.2	2.00375e-06
144.3	1.96567e-06
144.4	1.93048e-06
144.5	1.89834e-06
144.6	1.86941e-06
144.7	1.84235e-06
144.8	1.8062e-06
144.9	1.7817e-06
145	1.76932e-06
145.1	1.76932e-06
145.2	1.7817e-06
145.3	1.8062e-06
145.4	1.84234e-06
145.5	1.88946e-06
145.6	1.94675e-06
145.7	2.01335e-06
145.8	2.08836e-06
145.9	2.17092e-06
146	2.2602e-06
146.1	2.35543e-06
146.2	2.45593e-06
146.3	2.56106e-06
146.4	2.67029e-06
146.5	2.78314e-06
146.6	2.89917e-06
146.7	3.01803e-06
146.8	3.13939e-06
146.9	3.26297e-06
147	3.25659e-06
147.1	3.17086e-06
147.2	3.08618e-06
147.3	3.00261e-06
147.4	2.92026e-06
147.5	2.83923e-06
147.6	2.75965e-06
147.7	2.68163e-06
147.8	2.60532e-06
147.9	2.53087e-06
148	2.45846e-06
148.1	2.38826e-06
148.2	2.32048e-06
148.3	2.25534e-06
148.4	2.19307e-06
148.5	2.13393e-06
148.6	2.07817e-06
148.7	2.02608e-06
148.8	1.97795e-06
148.9	1.93408e-06
149	1.89476e-06
149.1	1.86028e-06
149.2	1.83091e-06
149.3	1.80691e-06
149.4	1.78848e-06
149.5	1.77398e-06
149.6	1.76784e-06
149.7	1.77155e-06
149.8	1.78504e-06
149.9	1.8081e-06
150	1.84037e-06
150.1	1.88137e-06
150.2	1.93056e-06
150.3	1.98731e-06
150.4	2.051e-06
150.5	2.12101e-06
150.6	2.19674e-06
150.7	2.2776e-06
150.8	2.36309e-06
150.9	2.4527e-06
151	2.54601e-06
151.1	2.64263e-06
151.2	2.7422e-06
151.3	2.84442e-06
151.4	2.94901e-06
151.5	3.05573e-06
151.6	3.16435e-06
151.7	3.2747e-06
151.8	3.31943e-06
151.9	3.21782e-06
152	3.11757e-06
152.1	3.01883e-06
152.2	2.92176e-06
152.3	2.82651e-06
152.4	2.73328e-06
152.5	2.64229e-06
152.6	2.55377e-06
152.7	2.468e-06
152.8	2.38526e-06
152.9	2.30589e-06
153	2.23024e-06
153.1	2.1587e-06
153.2	2.0917e-06
153.3	2.02969e-06
153.4	1.97313e-06
153.5	1.92251e-06
153.6	1.87831e-06
153.7	1.84099e-06
153.8	1.81098e-06
153.9	1.78863e-06
154	1.77426e-06
154.1	1.76804e-06
154.2	1.76996e-06
154.3	1.77933e-06
154.4	1.79596e-06
154.5	1.81967e-06
154.6	1.85016e-06
154.7	1.88712e-06
154.8	1.93018e-06
154.9	1.97893e-06
155	2.03296e-06
155.1	2.09187e-06
155.2	2.15526e-06
155.3	2.22275e-06
155.4	2.29396e-06
155.5	2.36857e-06
155.6	2.44627e-06
155.7	2.52676e-06
155.8	2.6098e-06
155.9	2.69515e-06
156	2.78258e-06
156.1	2.87193e-06
156.2	2.963e-06
156.3	3.05565e-06
156.4	3.14973e-06
156.5	3.24513e-06
156.6	3.34173e-06
156.7	3.22729e-06
156.8	3.1128e-06
156.9	3.00028e-06
157	2.88996e-06
157.1	2.78211e-06
157.2	2.67702e-06
157.3	2.57504e-06
157.4	2.47654e-06
157.5	2.38197e-06
157.6	2.2918e-06
157.7	2.20657e-06
157.8	2.12688e-06
157.9	2.05338e-06
158	1.98675e-06
158.1	1.9277e-06
158.2	1.87696e-06
158.3	1.8352e-06
158.4	1.80305e-06
158.5	1.78104e-06
158.6	1.76953e-06
158.7	1.76875e-06
158.8	1.77869e-06
158.9	1.79919e-06
159	1.82009e-06
159.1	1.84532e-06
159.2	1.87513e-06
159.3	1.90932e-06
159.4	1.94766e-06
159.5	1.98989e-06
159.6	2.03578e-06
159.7	2.0851e-06
159.8	2.13759e-06
159.9	2.19304e-06
160	2.25123e-06
160.1	2.31194e-06
160.2	2.37499e-06
160.3	2.44019e-06
160.4	2.50737e-06
160.5	2.57639e-06
160.6	2.6471e-06
160.7	2.71936e-06
160.8	2.79305e-06
160.9	2.86807e-06
161	2.94431e-06
161.1	3.02169e-06
161.2	3.10011e-06
161.3	3.17949e-06
161.4	3.25978e-06
161.5	3.19468e-06
161.6	3.06795e-06
161.7	2.94378e-06
161.8	2.8225e-06
161.9	2.70451e-06
162	2.59025e-06
162.1	2.48023e-06
162.2	2.37504e-06
162.3	2.27537e-06
162.4	2.18195e-06
162.5	2.09564e-06
162.6	2.01734e-06
162.7	1.94801e-06
162.8	1.88865e-06
162.9	1.84022e-06
163	1.8036e-06
163.1	1.77952e-06
163.2	1.76849e-06
163.3	1.77076e-06
163.4	1.78628e-06
163.5	1.8147e-06
163.6	1.85544e-06
163.7	1.8925e-06
163.8	1.92138e-06
163.9	1.95289e-06
164	1.98688e-06
164.1	2.02325e-06
164.2	2.06186e-06
164.3	2.10259e-06
164.4	2.14532e-06
164.5	2.18993e-06
164.6	2.23631e-06
164.7	2.28435e-06
164.8	2.33395e-06
164.9	2.38502e-06
165	2.43745e-06
165.1	2.49117e-06
165.2	2.54609e-06
165.3	2.60214e-06
165.4	2.65924e-06
165.5	2.71733e-06
165.6	2.77635e-06
165.7	2.83623e-06
165.8	2.89693e-06
165.9	2.9584e-06
166	3.02058e-06
166.1	3.08344e-06
166.2	3.14693e-06
166.3	3.11705e-06
166.4	2.98097e-06
166.5	2.84818e-06
166.6	2.71917e-06
166.7	2.59451e-06
166.8	2.47486e-06
166.9	2.36096e-06
167	2.2537e-06
167.1	2.15407e-06
167.2	2.06318e-06
167.3	1.98222e-06
167.4	1.91245e-06
167.5	1.85515e-06
167.6	1.81149e-06
167.7	1.78248e-06
167.8	1.76884e-06
167.9	1.77092e-06
168	1.78866e-06
168.1	1.82162e-06
168.2	1.86899e-06
168.3	1.9297e-06
168.4	1.99748e-06
168.5	2.02508e-06
168.6	2.05394e-06
168.7	2.08401e-06
168.8	2.11523e-06
168.9	2.14757e-06
169	2.18096e-06
169.1	2.21535e-06
169.2	2.25072e-06
169.3	2.287e-06
169.4	2.32415e-06
169.5	2.36214e-06
169.6	2.40093e-06
169.7	2.44047e-06
169.8	2.48073e-06
169.9	2.52168e-06
170	2.56328e-06
170.1	2.6055e-06
170.2	2.64832e-06
170.3	2.6917e-06
170.4	2.73561e-06
170.5	2.78004e-06
170.6	2.82496e-06
170.7	2.87034e-06
170.8	2.91616e-06
170.9	2.9624e-06
171	3.00905e-06
171.1	2.99438e-06
171.2	2.85276e-06
171.3	2.71541e-06
171.4	2.583e-06
171.5	2.45634e-06
171.6	2.33636e-06
171.7	2.22415e-06
171.8	2.12093e-06
171.9	2.02809e-06
172	1.9471e-06
172.1	1.87949e-06
172.2	1.82676e-06
172.3	1.79022e-06
172.4	1.77087e-06
172.5	1.76928e-06
172.6	1.78549e-06
172.7	1.81902e-06
172.8	1.86896e-06
172.9	1.93401e-06
173	2.01273e-06
173.1	2.10357e-06
173.2	2.15668e-06
173.3	2.17899e-06
173.4	2.20174e-06
173.5	2.22493e-06
173.6	2.24854e-06
173.7	2.27256e-06
173.8	2.29698e-06
173.9	2.32178e-06
174	2.34694e-06
174.1	2.37247e-06
174.2	2.39835e-06
174.3	2.42456e-06
174.4	2.4511e-06
174.5	2.47795e-06
174.6	2.50511e-06
174.7	2.53256e-06
174.8	2.5603e-06
174.9	2.58832e-06
175	2.6166e-06
175.1	2.64514e-06
175.2	2.67393e-06
175.3	2.70297e-06
175.4	2.73224e-06
175.5	2.76174e-06
175.6	2.79146e-06
175.7	2.82139e-06
175.8	2.85153e-06
175.9	2.83065e-06
176	2.68834e-06
176.1	2.55157e-06
176.2	2.42129e-06
176.3	2.29859e-06
176.4	2.18474e-06
176.5	2.08121e-06
176.6	1.98961e-06
176.7	1.91164e-06
176.8	1.84904e-06
176.9	1.80341e-06
177	1.77606e-06
177.1	1.76782e-06
177.2	1.77898e-06
177.3	1.80917e-06
177.4	1.85746e-06
177.5	1.92249e-06
177.6	2.00263e-06
177.7	2.09614e-06
177.8	2.20133e-06
177.9	2.31599e-06
178	2.32841e-06
178.1	2.34092e-06
178.2	2.35353e-06
178.3	2.36622e-06
178.4	2.37899e-06
178.5	2.39186e-06
178.6	2.4048e-06
178.7	2.41783e-06
178.8	2.43094e-06
178.9	2.44413e-06
179	2.4574e-06
179.1	2.47074e-06
179.2	2.48417e-06
179.3	2.49766e-06
179.4	2.51123e-06
179.5	2.52487e-06
179.6	2.53859e-06
179.7	2.55237e-06
179.8	2.56622e-06
179.9	2.58014e-06
180	2.59413e-06
180.1	2.60819e-06
180.2	2.6223e-06
180.3	2.63648e-06
180.4	2.65073e-06
180.5	2.66503e-06
180.6	2.6794e-06
180.7	2.63473e-06
180.8	2.49761e-06
180.9	2.3677e-06
181	2.24624e-06
181.1	2.13468e-06
181.2	2.03463e-06
181.3	1.94788e-06
181.4	1.87627e-06
181.5	1.82159e-06
181.6	1.78539e-06
181.7	1.76882e-06
181.8	1.77241e-06
181.9	1.79606e-06
182	1.83898e-06
182.1	1.89987e-06
182.2	1.97707e-06
182.3	2.06875e-06
182.4	2.17309e-06
182.5	2.28835e-06
182.6	2.41297e-06
182.7	2.50222e-06
182.8	2.50206e-06
182.9	2.5019e-06
183	2.50173e-06
183.1	2.50157e-06
183.2	2.5014e-06
183.3	2.50124e-06
183.4	2.50108e-06
183.5	2.50091e-06
183.6	2.50075e-06
183.7	2.50058e-06
183.8	2.50042e-06
183.9	2.50025e-06
184	2.50009e-06
184.1	2.49993e-06
184.2	2.49976e-06
184.3	2.4996e-06
184.4	2.49943e-06
184.5	2.49927e-06
184.6	2.49911e-06
184.7	2.49894e-06
184.8	2.49878e-06
184.9	2.49861e-06
185	2.49845e-06
185.1	2.49829e-06
185.2	2.49812e-06
185.3	2.49796e-06
185.4	2.49779e-06
185.5	2.42072e-06
185.6	2.29562e-06
185.7	2.17978e-06
185.8	2.07476e-06
185.9	1.98227e-06
186	1.90415e-06
186.1	1.84222e-06
186.2	1.79816e-06
186.3	1.7733e-06
186.4	1.76845e-06
186.5	1.78377e-06
186.6	1.81876e-06
186.7	1.8723e-06
186.8	1.94288e-06
186.9	2.0287e-06
187	2.12793e-06
187.1	2.23878e-06
187.2	2.35963e-06
187.3	2.489e-06
187.4	2.62564e-06
187.5	2.68513e-06
187.6	2.67039e-06
187.7	2.65572e-06
187.8	2.64111e-06
187.9	2.62656e-06
188	2.61209e-06
188.1	2.59767e-06
188.2	2.58333e-06
188.3	2.56906e-06
188.4	2.55486e-06
188.5	2.54073e-06
188.6	2.52667e-06
188.7	2.51269e-06
188.8	2.49878e-06
188.9	2.48496e-06
189	2.47121e-06
189.1	2.45754e-06
189.2	2.44395e-06
189.3	2.43044e-06
189.4	2.41702e-06
189.5	2.40368e-06
189.6	2.39043e-06
189.7	2.37726e-06
189.8	2.36419e-06
189.9	2.35121e-06
190	2.33832e-06
190.1	2.32552e-06
190.2	2.31282e-06
190.3	2.20752e-06
190.4	2.1018e-06
190.5	2.00765e-06
190.6	1.92675e-06
190.7	1.86084e-06
190.8	1.81155e-06
190.9	1.78027e-06
191	1.76795e-06
191.1	1.77498e-06
191.2	1.80115e-06
191.3	1.84563e-06
191.4	1.90715e-06
191.5	1.98411e-06
191.6	2.07481e-06
191.7	2.17753e-06
191.8	2.29065e-06
191.9	2.4127e-06
192	2.54241e-06
192.1	2.67866e-06
192.2	2.8205e-06
192.3	2.85856e-06
192.4	2.82801e-06
192.5	2.79768e-06
192.6	2.76755e-06
192.7	2.73766e-06
192.8	2.70799e-06
192.9	2.67857e-06
193	2.64939e-06
193.1	2.62047e-06
193.2	2.59181e-06
193.3	2.56342e-06
193.4	2.53532e-06
193.5	2.50751e-06
193.6	2.48e-06
193.7	2.4528e-06
193.8	2.42593e-06
193.9	2.39938e-06
194	2.37319e-06
194.1	2.34734e-06
194.2	2.32187e-06
194.3	2.29677e-06
194.4	2.27207e-06
194.5	2.24777e-06
194.6	2.22389e-06
194.7	2.20045e-06
194.8	2.17745e-06
194.9	2.15491e-06
195	2.10851e-06
195.1	2.0172e-06
195.2	1.9379e-06
195.3	1.87214e-06
195.4	1.8214e-06
195.5	1.78695e-06
195.6	1.76974e-06
195.7	1.77027e-06
195.8	1.78854e-06
195.9	1.824e-06
196	1.87568e-06
196.1	1.94229e-06
196.2	2.02235e-06
196.3	2.11434e-06
196.4	2.21677e-06
196.5	2.32826e-06
196.6	2.44758e-06
196.7	2.57363e-06
196.8	2.70548e-06
196.9	2.84232e-06
197	2.98346e-06
197.1	3.01734e-06
197.2	2.97025e-06
197.3	2.92357e-06
197.4	2.87731e-06
197.5	2.8315e-06
197.6	2.78616e-06
197.7	2.74131e-06
197.8	2.69698e-06
197.9	2.65319e-06
198	2.60997e-06
198.1	2.56735e-06
198.2	2.52535e-06
198.3	2.48402e-06
198.4	2.44338e-06
198.5	2.40348e-06
198.6	2.36433e-06
198.7	2.326e-06
198.8	2.28851e-06
198.9	2.2519e-06
199	2.21623e-06
199.1	2.18154e-06
199.2	2.14787e-06
199.3	2.11527e-06
199.4	2.0838e-06
199.5	2.0535e-06
199.6	2.02444e-06
199.7	1.99665e-06
199.8	1.93289e-06
199.9	1.87167e-06
200	1.8237e-06
200.1	1.79003e-06
200.2	1.77148e-06
200.3	1.76853e-06
200.4	1.78126e-06
200.5	1.80934e-06
200.6	1.85206e-06
200.7	1.90844e-06
200.8	1.97732e-06
200.9	2.05745e-06
201	2.14755e-06
201.1	2.24644e-06
201.2	2.353e-06
201.3	2.46624e-06
201.4	2.58529e-06
201.5	2.70937e-06
201.6	2.83783e-06
201.7	2.9701e-06
201.8	3.10569e-06
201.9	3.15638e-06
202	3.09242e-06
202.1	3.0291e-06
202.2	2.96646e-06
202.3	2.90453e-06
202.4	2.84338e-06
202.5	2.78304e-06
202.6	2.72357e-06
202.7	2.66504e-06
202.8	2.6075e-06
202.9	2.55102e-06
203	2.49567e-06
203.1	2.44154e-06
203.2	2.38869e-06
203.3	2.33723e-06
203.4	2.28724e-06
203.5	2.23882e-06
203.6	2.19208e-06
203.7	2.14712e-06
203.8	2.10406e-06
203.9	2.06302e-06
204	2.02413e-06
204.1	1.9875e-06
204.2	1.95326e-06
204.3	1.92155e-06
204.4	1.89249e-06
204.5	1.85739e-06
204.6	1.81624e-06
204.7	1.78731e-06
204.8	1.77121e-06
204.9	1.76828e-06
205	1.7786e-06
205.1	1.80193e-06
205.2	1.83777e-06
205.3	1.88542e-06
205.4	1.94401e-06
205.5	2.01257e-06
205.6	2.09014e-06
205.7	2.17574e-06
205.8	2.26847e-06
205.9	2.36749e-06
206	2.47205e-06
206.1	2.58146e-06
206.2	2.69515e-06
206.3	2.81259e-06
206.4	2.93333e-06
206.5	3.05698e-06
206.6	3.1832e-06
206.7	3.27026e-06
206.8	3.18949e-06
206.9	3.10962e-06
207	3.03071e-06
207.1	2.95285e-06
207.2	2.87613e-06
207.3	2.80062e-06
207.4	2.72645e-06
207.5	2.65371e-06
207.6	2.58253e-06
207.7	2.51304e-06
207.8	2.44538e-06
207.9	2.37972e-06
208	2.31622e-06
208.1	2.25506e-06
208.2	2.19644e-06
208.3	2.14057e-06
208.4	2.08767e-06
208.5	2.03797e-06
208.6	1.9917e-06
208.7	1.94912e-06
208.8	1.91048e-06
208.9	1.876e-06
209	1.84594e-06
209.1	1.8205e-06
209.2	1.79988e-06
209.3	1.77928e-06
209.4	1.76894e-06
209.5	1.76928e-06
209.6	1.78027e-06
209.7	1.80173e-06
209.8	1.83328e-06
209.9	1.87443e-06
210	1.92454e-06
210.1	1.98295e-06
210.2	2.04894e-06
210.3	2.12181e-06
210.4	2.20087e-06
210.5	2.28549e-06
210.6	2.37506e-06
210.7	2.46905e-06
210.8	2.56697e-06
210.9	2.66839e-06
211	2.77292e-06
211.1	2.88024e-06
211.2	2.99003e-06
211.3	3.10203e-06
211.4	3.21602e-06
211.5	3.33179e-06
211.6	3.25594e-06
211.7	3.16005e-06
211.8	3.06546e-06
211.9	2.97231e-06
212	2.88073e-06
212.1	2.79088e-06
212.2	2.70293e-06
212.3	2.61707e-06
212.4	2.53351e-06
212.5	2.4525e-06
212.6	2.37428e-06
212.7	2.29915e-06
212.8	2.22742e-06
212.9	2.15943e-06
213	2.09554e-06
213.1	2.03613e-06
213.2	1.98162e-06
213.3	1.93241e-06
213.4	1.88892e-06
213.5	1.85155e-06
213.6	1.82068e-06
213.7	1.79664e-06
213.8	1.77972e-06
213.9	1.77011e-06
214	1.76798e-06
214.1	1.77392e-06
214.2	1.78797e-06
214.3	1.80993e-06
214.4	1.83953e-06
214.5	1.8764e-06
214.6	1.92012e-06
214.7	1.97024e-06
214.8	2.02628e-06
214.9	2.08776e-06
215	2.15423e-06
215.1	2.22523e-06
215.2	2.30034e-06
215.3	2.37917e-06
215.4	2.46137e-06
215.5	2.54661e-06
215.6	2.6346e-06
215.7	2.72506e-06
215.8	2.81777e-06
215.9	2.9125e-06
216	3.00907e-06
216.1	3.1073e-06
216.2	3.20704e-06
216.3	3.30816e-06
216.4	3.2861e-06
216.5	3.17525e-06
216.6	3.06611e-06
216.7	2.95888e-06
216.8	2.85376e-06
216.9	2.75101e-06
217	2.65089e-06
217.1	2.55372e-06
217.2	2.45985e-06
217.3	2.36966e-06
217.4	2.28359e-06
217.5	2.20213e-06
217.6	2.12581e-06
217.7	2.0552e-06
217.8	1.99091e-06
217.9	1.93356e-06
218	1.8838e-06
218.1	1.84223e-06
218.2	1.80942e-06
218.3	1.78586e-06
218.4	1.77191e-06
218.5	1.7678e-06
218.6	1.7736e-06
218.7	1.78819e-06
218.8	1.80643e-06
218.9	1.83019e-06
219	1.85928e-06
219.1	1.89345e-06
219.2	1.93242e-06
219.3	1.97592e-06
219.4	2.02365e-06
219.5	2.07532e-06
219.6	2.13064e-06
219.7	2.18934e-06
219.8	2.25115e-06
219.9	2.31582e-06
220	2.38312e-06
220.1	2.45284e-06
220.2	2.52477e-06
220.3	2.59872e-06
220.4	2.67455e-06
220.5	2.75207e-06
220.6	2.83117e-06
220.7	2.9117e-06
220.8	2.99356e-06
220.9	3.07664e-06
221	3.16083e-06
221.1	3.24606e-06
221.2	3.27467e-06
221.3	3.15059e-06
221.4	3.02872e-06
221.5	2.90934e-06
221.6	2.79276e-06
221.7	2.67936e-06
221.8	2.56955e-06
221.9	2.46381e-06
222	2.3627e-06
222.1	2.26682e-06
222.2	2.17688e-06
222.3	2.09363e-06
222.4	2.01791e-06
222.5	1.95059e-06
222.6	1.89257e-06
222.7	1.84473e-06
222.8	1.80787e-06
222.9	1.78267e-06
223	1.76964e-06
223.1	1.76904e-06
223.2	1.78089e-06
223.3	1.80494e-06
223.4	1.84071e-06
223.5	1.86921e-06
223.6	1.89795e-06
223.7	1.92986e-06
223.8	1.9648e-06
223.9	2.00261e-06
224	2.04312e-06
224.1	2.08618e-06
224.2	2.13163e-06
224.3	2.17933e-06
224.4	2.22913e-06
224.5	2.28089e-06
224.6	2.33449e-06
224.7	2.38979e-06
224.8	2.44668e-06
224.9	2.50506e-06
225	2.56483e-06
225.1	2.62588e-06
225.2	2.68813e-06
225.3	2.7515e-06
225.4	2.81592e-06
225.5	2.88131e-06
225.6	2.94761e-06
225.7	3.01475e-06
225.8	3.08269e-06
225.9	3.15138e-06
226	3.21764e-06
226.1	3.08285e-06
226.2	2.95089e-06
226.3	2.82216e-06
226.4	2.69713e-06
226.5	2.57632e-06
226.6	2.46038e-06
226.7	2.35001e-06
226.8	2.24604e-06
226.9	2.14939e-06
227	2.0611e-06
227.1	1.98228e-06
227.2	1.9141e-06
227.3	1.85774e-06
227.4	1.8143e-06
227.5	1.78472e-06
227.6	1.76969e-06
227.7	1.76959e-06
227.8	1.78442e-06
227.9	1.81382e-06
228	1.85708e-06
228.1	1.91328e-06
228.2	1.96359e-06
228.3	1.99239e-06
228.4	2.02283e-06
228.5	2.05482e-06
228.6	2.08829e-06
228.7	2.12319e-06
228.8	2.15943e-06
228.9	2.19695e-06
229	2.23569e-06
229.1	2.27558e-06
229.2	2.31657e-06
229.3	2.35859e-06
229.4	2.4016e-06
229.5	2.44554e-06
229.6	2.49036e-06
229.7	2.53602e-06
229.8	2.58246e-06
229.9	2.62966e-06
230	2.67756e-06
230.1	2.72614e-06
230.2	2.77535e-06
230.3	2.82517e-06
230.4	2.87556e-06
230.5	2.92649e-06
230.6	2.97793e-06
230.7	3.02987e-06
230.8	3.08226e-06
230.9	2.97135e-06
231	2.83289e-06
231.1	2.69864e-06
231.2	2.56924e-06
231.3	2.44547e-06
231.4	2.32823e-06
231.5	2.21855e-06
231.6	2.11761e-06
231.7	2.02671e-06
231.8	1.94727e-06
231.9	1.88073e-06
232	1.8285e-06
232.1	1.79184e-06
232.2	1.77171e-06
232.3	1.76867e-06
232.4	1.78282e-06
232.5	1.81375e-06
232.6	1.86062e-06
232.7	1.92227e-06
232.8	1.99733e-06
232.9	2.08435e-06
233	2.11405e-06
233.1	2.13901e-06
233.2	2.16462e-06
233.3	2.19085e-06
233.4	2.21768e-06
233.5	2.24509e-06
233.6	2.27305e-06
233.7	2.30155e-06
233.8	2.33057e-06
233.9	2.36009e-06
234	2.39009e-06
234.1	2.42054e-06
234.2	2.45145e-06
234.3	2.48278e-06
234.4	2.51452e-06
234.5	2.54666e-06
234.6	2.57918e-06
234.7	2.61207e-06
234.8	2.64532e-06
234.9	2.6789e-06
235	2.71281e-06
235.1	2.74704e-06
235.2	2.78157e-06
235.3	2.8164e-06
235.4	2.8515e-06
235.5	2.88688e-06
235.6	2.92252e-06
235.7	2.81912e-06
235.8	2.6788e-06
235.9	2.54396e-06
236	2.4155e-06
236.1	2.29451e-06
236.2	2.18222e-06
236.3	2.08005e-06
236.4	1.98956e-06
236.5	1.9124e-06
236.6	1.85025e-06
236.7	1.80465e-06
236.8	1.77687e-06
236.9	1.76777e-06
237	1.77762e-06
237.1	1.80612e-06
237.2	1.85241e-06
237.3	1.91519e-06
237.4	1.99291e-06
237.5	2.08389e-06
237.6	2.18649e-06
237.7	2.26294e-06
237.8	2.27898e-06
237.9	2.29518e-06
238	2.31156e-06
238.1	2.3281e-06
238.2	2.3448e-06
238.3	2.36166e-06
238.4	2.37867e-06
238.5	2.39584e-06
238.6	2.41315e-06
238.7	2.43061e-06
238.8	2.44821e-06
238.9	2.46595e-06
239	2.48382e-06
239.1	2.50183e-06
239.2	2.51997e-06
239.3	2.53824e-06
239.4	2.55663e-06
239.5	2.57514e-06
239.6	2.59377e-06
239.7	2.61252e-06
239.8	2.63139e-06
239.9	2.65036e-06
240	2.66945e-06
240.1	2.68864e-06
240.2	2.70794e-06
240.3	2.72733e-06
240.4	2.74683e-06
240.5	2.63385e-06
240.6	2.49738e-06
240.7	2.36805e-06
240.8	2.24708e-06
240.9	2.13591e-06
241	2.03614e-06
241.1	1.94952e-06
241.2	1.87787e-06
241.3	1.82295e-06
241.4	1.78631e-06
241.5	1.76909e-06
241.6	1.77184e-06
241.7	1.79449e-06
241.8	1.83629e-06
241.9	1.89598e-06
242	1.97193e-06
242.1	2.06235e-06
242.2	2.16543e-06
242.3	2.27944e-06
242.4	2.40284e-06
242.5	2.44296e-06
242.6	2.44721e-06
242.7	2.45147e-06
242.8	2.45574e-06
242.9	2.46001e-06
243	2.4643e-06
243.1	2.46859e-06
243.2	2.47289e-06
243.3	2.47719e-06
243.4	2.48151e-06
243.5	2.48583e-06
243.6	2.49016e-06
243.7	2.4945e-06
243.8	2.49884e-06
243.9	2.5032e-06
244	2.50756e-06
244.1	2.51193e-06
244.2	2.5163e-06
244.3	2.52068e-06
244.4	2.52507e-06
244.5	2.52947e-06
244.6	2.53388e-06
244.7	2.53829e-06
244.8	2.54271e-06
244.9	2.54714e-06
245	2.55157e-06
245.1	2.55601e-06
245.2	2.56046e-06
245.3	2.42838e-06
245.4	2.30248e-06
245.5	2.18581e-06
245.6	2.07992e-06
245.7	1.98653e-06
245.8	1.90749e-06
245.9	1.84463e-06
246	1.79965e-06
246.1	1.77392e-06
246.2	1.76827e-06
246.3	1.78289e-06
246.4	1.81731e-06
246.5	1.87041e-06
246.6	1.94068e-06
246.7	2.02632e-06
246.8	2.12548e-06
246.9	2.23636e-06
247	2.35731e-06
247.1	2.48686e-06
247.2	2.62373e-06
247.3	2.62094e-06
247.4	2.61119e-06
247.5	2.60146e-06
247.6	2.59177e-06
247.7	2.5821e-06
247.8	2.57247e-06
247.9	2.56287e-06
248	2.55331e-06
248.1	2.54377e-06
248.2	2.53427e-06
248.3	2.5248e-06
248.4	2.51537e-06
248.5	2.50597e-06
248.6	2.49661e-06
248.7	2.48728e-06
248.8	2.47799e-06
248.9	2.46873e-06
249	2.45951e-06
249.1	2.45033e-06
249.2	2.44118e-06
249.3	2.43207e-06
249.4	2.423e-06
249.5	2.41397e-06
249.6	2.40497e-06
249.7	2.39602e-06
249.8	2.38711e-06
249.9	2.37823e-06
250	2.3384e-06
250.1	2.22051e-06
250.2	2.1126e-06
250.3	2.0163e-06
250.4	1.93333e-06
250.5	1.86547e-06
250.6	1.81442e-06
250.7	1.78163e-06
250.8	1.76811e-06
250.9	1.7743e-06
251	1.8e-06
251.1	1.8444e-06
251.2	1.90618e-06
251.3	1.98372e-06
251.4	2.07527e-06
251.5	2.17904e-06
251.6	2.29339e-06
251.7	2.41682e-06
251.8	2.548e-06
251.9	2.6858e-06
252	2.81592e-06
252.1	2.7906e-06
252.2	2.76544e-06
252.3	2.74043e-06
252.4	2.71558e-06
252.5	2.6909e-06
252.6	2.66639e-06
252.7	2.64206e-06
252.8	2.61791e-06
252.9	2.59394e-06
253	2.57016e-06
253.1	2.54658e-06
253.2	2.5232e-06
253.3	2.50003e-06
253.4	2.47707e-06
253.5	2.45433e-06
253.6	2.43181e-06
253.7	2.40953e-06
253.8	2.38748e-06
253.9	2.36568e-06
254	2.34413e-06
254.1	2.32283e-06
254.2	2.3018e-06
254.3	2.28105e-06
254.4	2.26057e-06
254.5	2.24039e-06
254.6	2.22049e-06
254.7	2.20091e-06
254.8	2.12634e-06
254.9	2.03157e-06
255	1.94895e-06
255.1	1.88008e-06
255.2	1.82652e-06
255.3	1.78965e-06
255.4	1.77051e-06
255.5	1.76967e-06
255.6	1.78716e-06
255.7	1.82245e-06
255.8	1.87453e-06
255.9	1.94207e-06
256	2.0235e-06
256.1	2.11723e-06
256.2	2.22169e-06
256.3	2.33546e-06
256.4	2.45724e-06
256.5	2.58589e-06
256.6	2.72045e-06
256.7	2.86007e-06
256.8	2.98859e-06
256.9	2.94683e-06
257	2.90541e-06
257.1	2.86433e-06
257.2	2.82361e-06
257.3	2.78326e-06
257.4	2.74331e-06
257.5	2.70376e-06
257.6	2.66464e-06
257.7	2.62597e-06
257.8	2.58777e-06
257.9	2.55005e-06
258	2.51284e-06
258.1	2.47617e-06
258.2	2.44005e-06
258.3	2.40451e-06
258.4	2.36958e-06
258.5	2.33529e-06
258.6	2.30165e-06
258.7	2.26871e-06
258.8	2.2365e-06
258.9	2.20504e-06
259	2.17436e-06
259.1	2.14451e-06
259.2	2.11552e-06
259.3	2.08741e-06
259.4	2.06024e-06
259.5	2.02669e-06
259.6	1.94892e-06
259.7	1.88344e-06
259.8	1.83157e-06
259.9	1.79449e-06
260	1.77314e-06
260.1	1.76807e-06
260.2	1.77944e-06
260.3	1.80692e-06
260.4	1.84981e-06
260.5	1.90706e-06
260.6	1.97743e-06
260.7	2.05956e-06
260.8	2.15212e-06
260.9	2.25383e-06
261	2.36349e-06
261.1	2.48006e-06
261.2	2.6026e-06
261.3	2.73032e-06
261.4	2.86252e-06
261.5	2.9986e-06
261.6	3.13807e-06
261.7	3.0848e-06
261.8	3.02668e-06
261.9	2.96913e-06
262	2.91219e-06
262.1	2.85588e-06
262.2	2.80026e-06
262.3	2.74537e-06
262.4	2.69124e-06
262.5	2.63792e-06
262.6	2.58547e-06
262.7	2.53394e-06
262.8	2.48338e-06
262.9	2.43386e-06
263	2.38544e-06
263.1	2.33819e-06
263.2	2.29218e-06
263.3	2.24749e-06
263.4	2.2042e-06
263.5	2.16239e-06
263.6	2.12215e-06
263.7	2.08357e-06
263.8	2.04674e-06
263.9	2.01177e-06
264	1.97875e-06
264.1	1.94777e-06
264.2	1.91894e-06
264.3	1.87256e-06
264.4	1.82656e-06
264.5	1.79334e-06
264.6	1.77361e-06
264.7	1.76782e-06
264.8	1.77612e-06
264.9	1.79829e-06
265	1.83385e-06
265.1	1.88203e-06
265.2	1.94189e-06
265.3	2.0124e-06
265.4	2.09247e-06
265.5	2.18105e-06
265.6	2.27715e-06
265.7	2.37986e-06
265.8	2.48836e-06
265.9	2.60193e-06
266	2.71993e-06
266.1	2.84181e-06
266.2	2.96709e-06
266.3	3.09535e-06
266.4	3.22625e-06
266.5	3.19942e-06
266.6	3.12454e-06
266.7	3.05049e-06
266.8	2.97734e-06
266.9	2.90516e-06
267	2.83402e-06
267.1	2.764e-06
267.2	2.69519e-06
267.3	2.62768e-06
267.4	2.56158e-06
267.5	2.49699e-06
267.6	2.43405e-06
267.7	2.37287e-06
267.8	2.3136e-06
267.9	2.25639e-06
268	2.20139e-06
268.1	2.14879e-06
268.2	2.09876e-06
268.3	2.05149e-06
268.4	2.00717e-06
268.5	1.966e-06
268.6	1.92819e-06
268.7	1.89393e-06
268.8	1.86343e-06
268.9	1.83686e-06
269	1.81144e-06
269.1	1.78571e-06
269.2	1.77116e-06
269.3	1.76808e-06
269.4	1.77653e-06
269.5	1.79634e-06
269.6	1.82715e-06
269.7	1.86841e-06
269.8	1.91944e-06
269.9	1.9795e-06
270	2.04778e-06
270.1	2.1235e-06
270.2	2.20589e-06
270.3	2.29422e-06
270.4	2.38785e-06
270.5	2.48617e-06
270.6	2.58865e-06
270.7	2.69481e-06
270.8	2.80423e-06
270.9	2.91656e-06
271	3.03146e-06
271.1	3.14865e-06
271.2	3.26789e-06
271.3	3.28509e-06
271.4	3.19381e-06
271.5	3.10366e-06
271.6	3.01476e-06
271.7	2.92721e-06
271.8	2.84114e-06
271.9	2.75669e-06
272	2.67401e-06
272.1	2.59327e-06
272.2	2.51466e-06
272.3	2.43839e-06
272.4	2.36467e-06
272.5	2.29376e-06
272.6	2.22593e-06
272.7	2.16146e-06
272.8	2.10066e-06
272.9	2.04387e-06
273	1.99142e-06
273.1	1.94366e-06
273.2	1.90096e-06
273.3	1.86366e-06
273.4	1.83208e-06
273.5	1.80653e-06
273.6	1.78726e-06
273.7	1.77449e-06
273.8	1.76803e-06
273.9	1.77036e-06
274	1.78165e-06
274.1	1.80173e-06
274.2	1.8303e-06
274.3	1.86699e-06
274.4	1.91131e-06
274.5	1.96276e-06
274.6	2.02079e-06
274.7	2.08485e-06
274.8	2.1544e-06
274.9	2.22893e-06
275	2.30795e-06
275.1	2.39103e-06
275.2	2.47775e-06
275.3	2.56774e-06
275.4	2.66067e-06
275.5	2.75625e-06
275.6	2.85421e-06
275.7	2.9543e-06
275.8	3.05634e-06
275.9	3.16011e-06
276	3.26546e-06
276.1	3.3359e-06
276.2	3.22907e-06
276.3	3.12372e-06
276.4	3.02003e-06
276.5	2.91817e-06
276.6	2.81832e-06
276.7	2.72073e-06
276.8	2.62563e-06
276.9	2.53331e-06
277	2.44409e-06
277.1	2.35831e-06
277.2	2.27636e-06
277.3	2.19868e-06
277.4	2.12573e-06
277.5	2.05801e-06
277.6	1.99606e-06
277.7	1.94042e-06
277.8	1.89167e-06
277.9	1.85033e-06
278	1.81692e-06
278.1	1.79187e-06
278.2	1.77556e-06
278.3	1.7682e-06
278.4	1.76993e-06
278.5	1.77962e-06
278.6	1.79531e-06
278.7	1.81734e-06
278.8	1.84547e-06
278.9	1.87942e-06
279	1.91889e-06
279.1	1.96355e-06
279.2	2.01305e-06
279.3	2.06703e-06
279.4	2.12517e-06
279.5	2.18713e-06
279.6	2.25259e-06
279.7	2.32126e-06
279.8	2.39286e-06
279.9	2.46713e-06
280	2.54385e-06
280.1	2.62279e-06
280.2	2.70377e-06
280.3	2.7866e-06
280.4	2.87113e-06
280.5	2.9572e-06
280.6	3.0447e-06
280.7	3.13349e-06
280.8	3.22348e-06
280.9	3.31455e-06
281	3.2251e-06
281.1	3.10609e-06
281.2	2.98923e-06
281.3	2.87479e-06
281.4	2.76306e-06
281.5	2.65438e-06
281.6	2.54914e-06
281.7	2.44779e-06
281.8	2.35084e-06
281.9	2.25884e-06
282	2.17242e-06
282.1	2.09229e-06
282.2	2.01918e-06
282.3	1.95389e-06
282.4	1.89722e-06
282.5	1.84997e-06
282.6	1.81287e-06
282.7	1.78655e-06
282.8	1.7715e-06
282.9	1.768e-06
283	1.77612e-06
283.1	1.7957e-06
283.2	1.8248e-06
283.3	1.84908e-06
283.4	1.87733e-06
283.5	1.90937e-06
283.6	1.94502e-06
283.7	1.98408e-06
283.8	2.02635e-06
283.9	2.07165e-06
284	2.11976e-06
284.1	2.17052e-06
284.2	2.22373e-06
284.3	2.27923e-06
284.4	2.33684e-06
284.5	2.39643e-06
284.6	2.45784e-06
284.7	2.52095e-06
284.8	2.58562e-06
284.9	2.65174e-06
285	2.71921e-06
285.1	2.78794e-06
285.2	2.85782e-06
285.3	2.92877e-06
285.4	3.00073e-06
285.5	3.07362e-06
285.6	3.14737e-06
285.7	3.22193e-06
285.8	3.17771e-06
285.9	3.04734e-06
286	2.91974e-06
286.1	2.79529e-06
286.2	2.67445e-06
286.3	2.55771e-06
286.4	2.44566e-06
286.5	2.33899e-06
286.6	2.23845e-06
286.7	2.14492e-06
286.8	2.05933e-06
286.9	1.98274e-06
287	1.91621e-06
287.1	1.86081e-06
287.2	1.81759e-06
287.3	1.7874e-06
287.4	1.77093e-06
287.5	1.76855e-06
287.6	1.78032e-06
287.7	1.80597e-06
287.8	1.84491e-06
287.9	1.89634e-06
288	1.93336e-06
288.1	1.96299e-06
288.2	1.99469e-06
288.3	2.02834e-06
288.4	2.06386e-06
288.5	2.10116e-06
288.6	2.14012e-06
288.7	2.18068e-06
288.8	2.22274e-06
288.9	2.26621e-06
289	2.31103e-06
289.1	2.3571e-06
289.2	2.40436e-06
289.3	2.45275e-06
289.4	2.50218e-06
289.5	2.55262e-06
289.6	2.60398e-06
289.7	2.65623e-06
289.8	2.70931e-06
289.9	2.76318e-06
290	2.81778e-06
290.1	2.87307e-06
290.2	2.92903e-06
290.3	2.9856e-06
290.4	3.04276e-06
290.5	3.10047e-06
290.6	3.08482e-06
290.7	2.94625e-06
290.8	2.81127e-06
290.9	2.68041e-06
291	2.55431e-06
291.1	2.43371e-06
291.2	2.31946e-06
291.3	2.21255e-06
291.4	2.1141e-06
291.5	2.02533e-06
291.6	1.94757e-06
291.7	1.8822e-06
291.8	1.83052e-06
291.9	1.79374e-06
292	1.77277e-06
292.1	1.76818e-06
292.2	1.78009e-06
292.3	1.80818e-06
292.4	1.85172e-06
292.5	1.90964e-06
292.6	1.98069e-06
292.7	2.04869e-06
292.8	2.07509e-06
292.9	2.1024e-06
293	2.1306e-06
293.1	2.15965e-06
293.2	2.18952e-06
293.3	2.22017e-06
293.4	2.25157e-06
293.5	2.28369e-06
293.6	2.3165e-06
293.7	2.34998e-06
293.8	2.38408e-06
293.9	2.4188e-06
294	2.45409e-06
294.1	2.48994e-06
294.2	2.52632e-06
294.3	2.56322e-06
294.4	2.6006e-06
294.5	2.63845e-06
294.6	2.67674e-06
294.7	2.71547e-06
294.8	2.7546e-06
294.9	2.79413e-06
295	2.83404e-06
295.1	2.87431e-06
295.2	2.91492e-06
295.3	2.95587e-06
295.4	2.9476e-06
295.5	2.80501e-06
295.6	2.66705e-06
295.7	2.53449e-06
295.8	2.40822e-06
295.9	2.28928e-06
296	2.17887e-06
296.1	2.07835e-06
296.2	1.98921e-06
296.3	1.91306e-06
296.4	1.85149e-06
296.5	1.806e-06
296.6	1.77783e-06
296.7	1.76779e-06
296.8	1.77619e-06
296.9	1.80279e-06
297	1.84679e-06
297.1	1.90698e-06
297.2	1.98191e-06
297.3	2.06995e-06
297.4	2.16953e-06
297.5	2.21387e-06
297.6	2.23323e-06
297.7	2.25288e-06
297.8	2.27281e-06
297.9	2.29301e-06
298	2.31348e-06
298.1	2.3342e-06
298.2	2.35517e-06
298.3	2.37639e-06
298.4	2.39784e-06
298.5	2.41953e-06
298.6	2.44144e-06
298.7	2.46357e-06
298.8	2.48591e-06
298.9	2.50846e-06
299	2.53121e-06
299.1	2.55416e-06
299.2	2.5773e-06
299.3	2.60062e-06
299.4	2.62413e-06
299.5	2.64781e-06
299.6	2.67166e-06
299.7	2.69568e-06
299.8	2.71987e-06
299.9	2.74421e-06
300	2.7687e-06
300.1	2.79335e-06
300.2	2.77161e-06
300.3	2.63017e-06
300.4	2.49477e-06
300.5	2.36643e-06
300.6	2.24637e-06
300.7	2.13598e-06
300.8	2.03683e-06
300.9	1.95064e-06
301	1.87919e-06
301.1	1.82422e-06
301.2	1.78725e-06
301.3	1.7694e-06
301.4	1.77126e-06
301.5	1.79275e-06
301.6	1.8332e-06
301.7	1.89139e-06
301.8	1.96574e-06
301.9	2.05449e-06
302	2.15588e-06
302.1	2.2682e-06
302.2	2.37919e-06
302.3	2.3876e-06
302.4	2.39605e-06
302.5	2.40453e-06
302.6	2.41305e-06
302.7	2.4216e-06
302.8	2.43019e-06
302.9	2.43881e-06
303	2.44746e-06
303.1	2.45615e-06
303.2	2.46487e-06
303.3	2.47363e-06
303.4	2.48242e-06
303.5	2.49124e-06
303.6	2.50009e-06
303.7	2.50897e-06
303.8	2.51788e-06
303.9	2.52683e-06
304	2.5358e-06
304.1	2.54481e-06
304.2	2.55384e-06
304.3	2.56291e-06
304.4	2.572e-06
304.5	2.58112e-06
304.6	2.59028e-06
304.7	2.59945e-06
304.8	2.60866e-06
304.9	2.6179e-06
305	2.56745e-06
305.1	2.43339e-06
305.2	2.30715e-06
305.3	2.19008e-06
305.4	2.08374e-06
305.5	1.98983e-06
305.6	1.91019e-06
305.7	1.84668e-06
305.8	1.801e-06
305.9	1.77452e-06
306	1.76811e-06
306.1	1.78199e-06
306.2	1.81569e-06
306.3	1.86814e-06
306.4	1.93781e-06
306.5	2.02293e-06
306.6	2.12164e-06
306.7	2.23213e-06
306.8	2.35276e-06
306.9	2.48203e-06
307	2.56554e-06
307.1	2.56058e-06
307.2	2.55562e-06
307.3	2.55068e-06
307.4	2.54575e-06
307.5	2.54082e-06
307.6	2.53591e-06
307.7	2.531e-06
307.8	2.5261e-06
307.9	2.52122e-06
308	2.51634e-06
308.1	2.51147e-06
308.2	2.50661e-06
308.3	2.50175e-06
308.4	2.49691e-06
308.5	2.49208e-06
308.6	2.48726e-06
308.7	2.48244e-06
308.8	2.47764e-06
308.9	2.47284e-06
309	2.46806e-06
309.1	2.46328e-06
309.2	2.45852e-06
309.3	2.45376e-06
309.4	2.44902e-06
309.5	2.44428e-06
309.6	2.43956e-06
309.7	2.43484e-06
309.8	2.35094e-06
309.9	2.2313e-06
310	2.12166e-06
310.1	2.02362e-06
310.2	1.93897e-06
310.3	1.8695e-06
310.4	1.81698e-06
310.5	1.78289e-06
310.6	1.7683e-06
310.7	1.77369e-06
310.8	1.79889e-06
310.9	1.84308e-06
311	1.90494e-06
311.1	1.98282e-06
311.2	2.07491e-06
311.3	2.17941e-06
311.4	2.29463e-06
311.5	2.41904e-06
311.6	2.55129e-06
311.7	2.69023e-06
311.8	2.74633e-06
311.9	2.7263e-06
312	2.70638e-06
312.1	2.68657e-06
312.2	2.66687e-06
312.3	2.64728e-06
312.4	2.62781e-06
312.5	2.60845e-06
312.6	2.58922e-06
312.7	2.57011e-06
312.8	2.55113e-06
312.9	2.53228e-06
313	2.51356e-06
313.1	2.49497e-06
313.2	2.47653e-06
313.3	2.45822e-06
313.4	2.44006e-06
313.5	2.42205e-06
313.6	2.40419e-06
313.7	2.38649e-06
313.8	2.36894e-06
313.9	2.35156e-06
314	2.33434e-06
314.1	2.31729e-06
314.2	2.30041e-06
314.3	2.28371e-06
314.4	2.26719e-06
314.5	2.25076e-06
314.6	2.14229e-06
314.7	2.04448e-06
314.8	1.95892e-06
314.9	1.8873e-06
315	1.83123e-06
315.1	1.79219e-06
315.2	1.7713e-06
315.3	1.7692e-06
315.4	1.78596e-06
315.5	1.82106e-06
315.6	1.87347e-06
315.7	1.94178e-06
315.8	2.02439e-06
315.9	2.11963e-06
316	2.22587e-06
316.1	2.34162e-06
316.2	2.46554e-06
316.3	2.59647e-06
316.4	2.73338e-06
316.5	2.87544e-06
316.6	2.91586e-06
316.7	2.87972e-06
316.8	2.84385e-06
316.9	2.80827e-06
317	2.77297e-06
317.1	2.73799e-06
317.2	2.70331e-06
317.3	2.66897e-06
317.4	2.63497e-06
317.5	2.60133e-06
317.6	2.56805e-06
317.7	2.53516e-06
317.8	2.50267e-06
317.9	2.47059e-06
318	2.43894e-06
318.1	2.40775e-06
318.2	2.37701e-06
318.3	2.34677e-06
318.4	2.31702e-06
318.5	2.2878e-06
318.6	2.25912e-06
318.7	2.231e-06
318.8	2.20347e-06
318.9	2.17655e-06
319	2.15026e-06
319.1	2.12462e-06
319.2	2.09966e-06
319.3	2.04597e-06
319.4	1.96402e-06
319.5	1.89459e-06
319.6	1.83911e-06
319.7	1.79886e-06
319.8	1.77488e-06
319.9	1.76783e-06
320	1.77792e-06
320.1	1.80486e-06
320.2	1.8479e-06
320.3	1.90597e-06
320.4	1.97773e-06
320.5	2.06176e-06
320.6	2.15662e-06
320.7	2.26095e-06
320.8	2.3735e-06
320.9	2.49317e-06
321	2.61896e-06
321.1	2.75005e-06
321.2	2.88572e-06
321.3	3.02533e-06
321.4	3.06905e-06
321.5	3.0162e-06
321.6	2.96384e-06
321.7	2.91198e-06
321.8	2.86066e-06
321.9	2.8099e-06
322	2.75973e-06
322.1	2.71019e-06
322.2	2.66132e-06
322.3	2.61314e-06
322.4	2.5657e-06
322.5	2.51904e-06
322.6	2.4732e-06
322.7	2.42824e-06
322.8	2.38419e-06
322.9	2.34112e-06
323	2.29908e-06
323.1	2.25812e-06
323.2	2.2183e-06
323.3	2.17969e-06
323.4	2.14235e-06
323.5	2.10636e-06
323.6	2.07177e-06
323.7	2.03866e-06
323.8	2.00711e-06
323.9	1.97719e-06
324	1.94897e-06
324.1	1.88756e-06
324.2	1.83693e-06
324.3	1.79959e-06
324.4	1.77636e-06
324.5	1.76781e-06
324.6	1.77414e-06
324.7	1.79521e-06
324.8	1.8305e-06
324.9	1.8792e-06
325	1.94032e-06
325.1	2.01272e-06
325.2	2.09523e-06
325.3	2.1867e-06
325.4	2.28607e-06
325.5	2.39234e-06
325.6	2.50465e-06
325.7	2.6222e-06
325.8	2.74434e-06
325.9	2.87047e-06
326	3.00009e-06
326.1	3.13277e-06
326.2	3.20071e-06
326.3	3.13096e-06
326.4	3.06194e-06
326.5	2.99368e-06
326.6	2.92625e-06
326.7	2.8597e-06
326.8	2.79409e-06
326.9	2.7295e-06
327	2.666e-06
327.1	2.60366e-06
327.2	2.54257e-06
327.3	2.48283e-06
327.4	2.42453e-06
327.5	2.36778e-06
327.6	2.3127e-06
327.7	2.2594e-06
327.8	2.20802e-06
327.9	2.15869e-06
328	2.11156e-06
328.1	2.06678e-06
328.2	2.0245e-06
328.3	1.98488e-06
328.4	1.94808e-06
328.5	1.91428e-06
328.6	1.88362e-06
328.7	1.85626e-06
328.8	1.82359e-06
328.9	1.79299e-06
329	1.77426e-06
329.1	1.76777e-06
329.2	1.77366e-06
329.3	1.79182e-06
329.4	1.82186e-06
329.5	1.86322e-06
329.6	1.91517e-06
329.7	1.97686e-06
329.8	2.04742e-06
329.9	2.12597e-06
330	2.21165e-06
330.1	2.30367e-06
330.2	2.4013e-06
330.3	2.50388e-06
330.4	2.61084e-06
330.5	2.72165e-06
330.6	2.83586e-06
330.7	2.95308e-06
330.8	3.07296e-06
330.9	3.19521e-06
331	3.30522e-06
331.1	3.21877e-06
331.2	3.13331e-06
331.3	3.04893e-06
331.4	2.96571e-06
331.5	2.88376e-06
331.6	2.80319e-06
331.7	2.72413e-06
331.8	2.6467e-06
331.9	2.57105e-06
332	2.49736e-06
332.1	2.42578e-06
332.2	2.35653e-06
332.3	2.28981e-06
332.4	2.22584e-06
332.5	2.16487e-06
332.6	2.10716e-06
332.7	2.05299e-06
332.8	2.00264e-06
332.9	1.95641e-06
333	1.91459e-06
333.1	1.87749e-06
333.2	1.84538e-06
333.3	1.81853e-06
333.4	1.79718e-06
333.5	1.78099e-06
333.6	1.7698e-06
333.7	1.76839e-06
333.8	1.7768e-06
333.9	1.79488e-06
334	1.82234e-06
334.1	1.85876e-06
334.2	1.90364e-06
334.3	1.95639e-06
334.4	2.0164e-06
334.5	2.08303e-06
334.6	2.15567e-06
334.7	2.23374e-06
334.8	2.31668e-06
334.9	2.404e-06
335	2.49523e-06
335.1	2.58997e-06
335.2	2.68783e-06
335.3	2.78849e-06
335.4	2.89166e-06
335.5	2.99708e-06
335.6	3.10452e-06
335.7	3.21378e-06
335.8	3.32467e-06
335.9	3.274e-06
336	3.17281e-06
336.1	3.07304e-06
336.2	2.97486e-06
336.3	2.87842e-06
336.4	2.78389e-06
336.5	2.6915e-06
336.6	2.60145e-06
336.7	2.514e-06
336.8	2.42944e-06
336.9	2.34807e-06
337	2.27024e-06
337.1	2.19633e-06
337.2	2.12673e-06
337.3	2.0619e-06
337.4	2.0023e-06
337.5	1.94839e-06
337.6	1.90067e-06
337.7	1.85962e-06
337.8	1.82568e-06
337.9	1.79926e-06
338	1.78069e-06
338.1	1.77022e-06
338.2	1.76799e-06
338.3	1.7736e-06
338.4	1.78649e-06
338.5	1.80654e-06
338.6	1.8335e-06
338.7	1.86708e-06
338.8	1.90692e-06
338.9	1.95265e-06
339	2.00386e-06
339.1	2.06015e-06
339.2	2.1211e-06
339.3	2.18633e-06
339.4	2.25546e-06
339.5	2.32816e-06
339.6	2.40409e-06
339.7	2.48296e-06
339.8	2.5645e-06
339.9	2.64846e-06
340	2.73462e-06
340.1	2.82278e-06
340.2	2.91275e-06
340.3	3.00438e-06
340.4	3.09751e-06
340.5	3.19202e-06
340.6	3.28778e-06
340.7	3.29101e-06
340.8	3.17535e-06
340.9	3.06156e-06
341	2.94984e-06
341.1	2.84046e-06
341.2	2.73368e-06
341.3	2.62982e-06
341.4	2.52925e-06
341.5	2.43236e-06
341.6	2.33963e-06
341.7	2.25156e-06
341.8	2.16871e-06
341.9	2.09172e-06
342	2.02125e-06
342.1	1.958e-06
342.2	1.90269e-06
342.3	1.85604e-06
342.4	1.81871e-06
342.5	1.79128e-06
342.6	1.77422e-06
342.7	1.76781e-06
342.8	1.77219e-06
342.9	1.78727e-06
343	1.80911e-06
343.1	1.83187e-06
343.2	1.85931e-06
343.3	1.89121e-06
343.4	1.92735e-06
343.5	1.9675e-06
343.6	2.01141e-06
343.7	2.05886e-06
343.8	2.1096e-06
343.9	2.16339e-06
344	2.22002e-06
344.1	2.27927e-06
344.2	2.34095e-06
344.3	2.40487e-06
344.4	2.47085e-06
344.5	2.53874e-06
344.6	2.60838e-06
344.7	2.67964e-06
344.8	2.75239e-06
344.9	2.82652e-06
345	2.90193e-06
345.1	2.9785e-06
345.2	3.05617e-06
345.3	3.13484e-06
345.4	3.21444e-06
345.5	3.26479e-06
345.6	3.13665e-06
345.7	3.01091e-06
345.8	2.88788e-06
345.9	2.76791e-06
346	2.65144e-06
346.1	2.53894e-06
346.2	2.43095e-06
346.3	2.32811e-06
346.4	2.23113e-06
346.5	2.14081e-06
346.6	2.05802e-06
346.7	1.9837e-06
346.8	1.91885e-06
346.9	1.86445e-06
347	1.82143e-06
347.1	1.79061e-06
347.2	1.77264e-06
347.3	1.76791e-06
347.4	1.77651e-06
347.5	1.79826e-06
347.6	1.8327e-06
347.7	1.87911e-06
347.8	1.90658e-06
347.9	1.93669e-06
348	1.96935e-06
348.1	2.00442e-06
348.2	2.04179e-06
348.3	2.08132e-06
348.4	2.12291e-06
348.5	2.16643e-06
348.6	2.21176e-06
348.7	2.2588e-06
348.8	2.30745e-06
348.9	2.3576e-06
349	2.40916e-06
349.1	2.46204e-06
349.2	2.51615e-06
349.3	2.57143e-06
349.4	2.6278e-06
349.5	2.68518e-06
349.6	2.74352e-06
349.7	2.80275e-06
349.8	2.86283e-06
349.9	2.92369e-06
350	2.98529e-06
350.1	3.04758e-06
350.2	3.11053e-06
350.3	3.17409e-06
350.4	3.0542e-06
350.5	2.91946e-06
350.6	2.78823e-06
350.7	2.66105e-06
350.8	2.5385e-06
350.9	2.42131e-06
351	2.31028e-06
351.1	2.20634e-06
351.2	2.11055e-06
351.3	2.02406e-06
351.4	1.94811e-06
351.5	1.88397e-06
351.6	1.83288e-06
351.7	1.79597e-06
351.8	1.7741e-06
351.9	1.76785e-06
352	1.77738e-06
352.1	1.80243e-06
352.2	1.84238e-06
352.3	1.89627e-06
352.4	1.96298e-06
352.5	2.0115e-06
352.6	2.03964e-06
352.7	2.06901e-06
352.8	2.09954e-06
352.9	2.1312e-06
353	2.16393e-06
353.1	2.19769e-06
353.2	2.23242e-06
353.3	2.26809e-06
353.4	2.30465e-06
353.5	2.34206e-06
353.6	2.38028e-06
353.7	2.41926e-06
353.8	2.45898e-06
353.9	2.4994e-06
354	2.54049e-06
354.1	2.58221e-06
354.2	2.62453e-06
354.3	2.66743e-06
354.4	2.71087e-06
354.5	2.75484e-06
354.6	2.7993e-06
354.7	2.84424e-06
354.8	2.88963e-06
354.9	2.93544e-06
355	2.98167e-06
355.1	3.0283e-06
355.2	2.92843e-06
355.3	2.78862e-06
355.4	2.65338e-06
355.5	2.52345e-06
355.6	2.39969e-06
355.7	2.28311e-06
355.8	2.17486e-06
355.9	2.07624e-06
356	1.98868e-06
356.1	1.91371e-06
356.2	1.85285e-06
356.3	1.80753e-06
356.4	1.77894e-06
356.5	1.76789e-06
356.6	1.77471e-06
356.7	1.79919e-06
356.8	1.84063e-06
356.9	1.89792e-06
357	1.96967e-06
357.1	2.05438e-06
357.2	2.14666e-06
357.3	2.16863e-06
357.4	2.19104e-06
357.5	2.21389e-06
357.6	2.23716e-06
357.7	2.26084e-06
357.8	2.28492e-06
357.9	2.30938e-06
358	2.33421e-06
358.1	2.35941e-06
358.2	2.38495e-06
358.3	2.41083e-06
358.4	2.43704e-06
358.5	2.46357e-06
358.6	2.4904e-06
358.7	2.51753e-06
358.8	2.54495e-06
358.9	2.57264e-06
359	2.60061e-06
359.1	2.62883e-06
359.2	2.65731e-06
359.3	2.68604e-06
359.4	2.71499e-06
359.5	2.74418e-06
359.6	2.77359e-06
359.7	2.80322e-06
359.8	2.83305e-06
359.9	2.86309e-06
360	2.76382e-06
360.1	2.62394e-06
360.2	2.49001e-06
360.3	2.36307e-06
360.4	2.24428e-06
360.5	2.13502e-06
360.6	2.03682e-06
360.7	1.95134e-06
360.8	1.88033e-06
360.9	1.82547e-06
361	1.78825e-06
361.1	1.76978e-06
361.2	1.77065e-06
361.3	1.79084e-06
361.4	1.8297e-06
361.5	1.88607e-06
361.6	1.95846e-06
361.7	2.04515e-06
361.8	2.14441e-06
361.9	2.25459e-06
362	2.32373e-06
362.1	2.33605e-06
362.2	2.34847e-06
362.3	2.36097e-06
362.4	2.37356e-06
362.5	2.38623e-06
362.6	2.39898e-06
362.7	2.41181e-06
362.8	2.42473e-06
362.9	2.43772e-06
363	2.45079e-06
363.1	2.46394e-06
363.2	2.47716e-06
363.3	2.49045e-06
363.4	2.50382e-06
363.5	2.51725e-06
363.6	2.53076e-06
363.7	2.54434e-06
363.8	2.55798e-06
363.9	2.5717e-06
364	2.58547e-06
364.1	2.59932e-06
364.2	2.61322e-06
364.3	2.62719e-06
364.4	2.64122e-06
364.5	2.65531e-06
364.6	2.66946e-06
364.7	2.68367e-06
364.8	2.56978e-06
364.9	2.43588e-06
365	2.30974e-06
365.1	2.1927e-06
365.2	2.0863e-06
365.3	1.99224e-06
365.4	1.91234e-06
365.5	1.84844e-06
365.6	1.80224e-06
365.7	1.77513e-06
365.8	1.76798e-06
365.9	1.78104e-06
366	1.81386e-06
366.1	1.86541e-06
366.2	1.93418e-06
366.3	2.01843e-06
366.4	2.11629e-06
366.5	2.22598e-06
366.6	2.34583e-06
366.7	2.47438e-06
366.8	2.5043e-06
366.9	2.50397e-06
367	2.50364e-06
367.1	2.50332e-06
367.2	2.50299e-06
367.3	2.50266e-06
367.4	2.50233e-06
367.5	2.502e-06
367.6	2.50167e-06
367.7	2.50134e-06
367.8	2.50102e-06
367.9	2.50069e-06
368	2.50036e-06
368.1	2.50003e-06
368.2	2.4997e-06
368.3	2.49938e-06
368.4	2.49905e-06
368.5	2.49872e-06
368.6	2.49839e-06
368.7	2.49806e-06
368.8	2.49774e-06
368.9	2.49741e-06
369	2.49708e-06
369.1	2.49675e-06
369.2	2.49642e-06
369.3	2.4961e-06
369.4	2.49577e-06
369.5	2.4903e-06
369.6	2.36087e-06
369.7	2.23995e-06
369.8	2.129e-06
369.9	2.02966e-06
370	1.9437e-06
370.1	1.87296e-06
370.2	1.81923e-06
370.3	1.78405e-06
370.4	1.76851e-06
370.5	1.77314e-06
370.6	1.79778e-06
370.7	1.84162e-06
370.8	1.90335e-06
370.9	1.98128e-06
371	2.0736e-06
371.1	2.17847e-06
371.2	2.29418e-06
371.3	2.41916e-06
371.4	2.55206e-06
371.5	2.69171e-06
371.6	2.68055e-06
371.7	2.66566e-06
371.8	2.65084e-06
371.9	2.63608e-06
372	2.62138e-06
372.1	2.60676e-06
372.2	2.5922e-06
372.3	2.57772e-06
372.4	2.5633e-06
372.5	2.54896e-06
372.6	2.5347e-06
372.7	2.52051e-06
372.8	2.5064e-06
372.9	2.49236e-06
373	2.47841e-06
373.1	2.46453e-06
373.2	2.45074e-06
373.3	2.43703e-06
373.4	2.42341e-06
373.5	2.40987e-06
373.6	2.39642e-06
373.7	2.38306e-06
373.8	2.3698e-06
373.9	2.35662e-06
374	2.34354e-06
374.1	2.33055e-06
374.2	2.31767e-06
374.3	2.26743e-06
374.4	2.1563e-06
374.5	2.05587e-06
374.6	1.96778e-06
374.7	1.89375e-06
374.8	1.83549e-06
374.9	1.79454e-06
375	1.77208e-06
375.1	1.76884e-06
375.2	1.78491e-06
375.3	1.81978e-06
375.4	1.8724e-06
375.5	1.94133e-06
375.6	2.0249e-06
375.7	2.12139e-06
375.8	2.22911e-06
375.9	2.34652e-06
376	2.47225e-06
376.1	2.60508e-06
376.2	2.74398e-06
376.3	2.87756e-06
376.4	2.8467e-06
376.5	2.81606e-06
376.6	2.78562e-06
376.7	2.75541e-06
376.8	2.72543e-06
376.9	2.69569e-06
377	2.66619e-06
377.1	2.63695e-06
377.2	2.60797e-06
377.3	2.57926e-06
377.4	2.55083e-06
377.5	2.52269e-06
377.6	2.49485e-06
377.7	2.46732e-06
377.8	2.44011e-06
377.9	2.41324e-06
378	2.3867e-06
378.1	2.36052e-06
378.2	2.3347e-06
378.3	2.30926e-06
378.4	2.28422e-06
378.5	2.25957e-06
378.6	2.23535e-06
378.7	2.21155e-06
378.8	2.1882e-06
378.9	2.16531e-06
379	2.14289e-06
379.1	2.06381e-06
379.2	1.97805e-06
379.3	1.90502e-06
379.4	1.84622e-06
379.5	1.80305e-06
379.6	1.77665e-06
379.7	1.76777e-06
379.8	1.77667e-06
379.9	1.80308e-06
380	1.84627e-06
380.1	1.90508e-06
380.2	1.97812e-06
380.3	2.06389e-06
380.4	2.16086e-06
380.5	2.26761e-06
380.6	2.38281e-06
380.7	2.50531e-06
380.8	2.63408e-06
380.9	2.76825e-06
381	2.90707e-06
381.1	3.04531e-06
381.2	2.9978e-06
381.3	2.9507e-06
381.4	2.90401e-06
381.5	2.85776e-06
381.6	2.81196e-06
381.7	2.76665e-06
381.8	2.72185e-06
381.9	2.67758e-06
382	2.63386e-06
382.1	2.59074e-06
382.2	2.54823e-06
382.3	2.50637e-06
382.4	2.46519e-06
382.5	2.42472e-06
382.6	2.38501e-06
382.7	2.34609e-06
382.8	2.308e-06
382.9	2.27078e-06
383	2.23448e-06
383.1	2.19914e-06
383.2	2.16481e-06
383.3	2.13153e-06
383.4	2.09936e-06
383.5	2.06835e-06
383.6	2.03856e-06
383.7	2.01003e-06
383.8	1.96979e-06
383.9	1.90218e-06
384	1.84716e-06
384.1	1.80589e-06
384.2	1.77933e-06
384.3	1.76813e-06
384.4	1.77259e-06
384.5	1.7926e-06
384.6	1.82763e-06
384.7	1.87686e-06
384.8	1.9392e-06
384.9	2.01343e-06
385	2.09828e-06
385.1	2.19254e-06
385.2	2.29504e-06
385.3	2.40472e-06
385.4	2.52065e-06
385.5	2.642e-06
385.6	2.76807e-06
385.7	2.89823e-06
385.8	3.03197e-06
385.9	3.16882e-06
386	3.12896e-06
386.1	3.06509e-06
386.2	3.00187e-06
386.3	2.93935e-06
386.4	2.87757e-06
386.5	2.81659e-06
386.6	2.75645e-06
386.7	2.69722e-06
386.8	2.63896e-06
386.9	2.58172e-06
387	2.52558e-06
387.1	2.47062e-06
387.2	2.41691e-06
387.3	2.36454e-06
387.4	2.3136e-06
387.5	2.26419e-06
387.6	2.21642e-06
387.7	2.17037e-06
387.8	2.12618e-06
387.9	2.08396e-06
388	2.04383e-06
388.1	2.00591e-06
388.2	1.97033e-06
388.3	1.93723e-06
388.4	1.90673e-06
388.5	1.87896e-06
388.6	1.83622e-06
388.7	1.80086e-06
388.8	1.77802e-06
388.9	1.76817e-06
389	1.77153e-06
389.1	1.78803e-06
389.2	1.81732e-06
389.3	1.85878e-06
389.4	1.91162e-06
389.5	1.97493e-06
389.6	2.04775e-06
389.7	2.12909e-06
389.8	2.21802e-06
389.9	2.31366e-06
390	2.41521e-06
390.1	2.52197e-06
390.2	2.63329e-06
390.3	2.74863e-06
390.4	2.8675e-06
390.5	2.98948e-06
390.6	3.1142e-06
390.7	3.24134e-06
390.8	3.23491e-06
390.9	3.15434e-06
391	3.0747e-06
391.1	2.99607e-06
391.2	2.91852e-06
391.3	2.84215e-06
391.4	2.76706e-06
391.5	2.69334e-06
391.6	2.62113e-06
391.7	2.55054e-06
391.8	2.48171e-06
391.9	2.4148e-06
392	2.34996e-06
392.1	2.28738e-06
392.2	2.22725e-06
392.3	2.16976e-06
392.4	2.11514e-06
392.5	2.06361e-06
392.6	2.0154e-06
392.7	1.97077e-06
392.8	1.92996e-06
392.9	1.89322e-06
393	1.86078e-06
393.1	1.83289e-06
393.2	1.80974e-06
393.3	1.78877e-06
393.4	1.77299e-06
393.5	1.76777e-06
393.6	1.7732e-06
393.7	1.7892e-06
393.8	1.81548e-06
393.9	1.8516e-06
394	1.897e-06
394.1	1.95103e-06
394.2	2.01301e-06
394.3	2.08221e-06
394.4	2.15794e-06
394.5	2.23955e-06
394.6	2.32641e-06
394.7	2.41795e-06
394.8	2.51367e-06
394.9	2.61311e-06
395	2.71586e-06
395.1	2.82155e-06
395.2	2.92987e-06
395.3	3.04054e-06
395.4	3.15331e-06
395.5	3.26796e-06
395.6	3.30991e-06
395.7	3.21315e-06
395.8	3.11764e-06
395.9	3.02351e-06
396	2.93087e-06
396.1	2.83988e-06
396.2	2.7507e-06
396.3	2.66351e-06
396.4	2.57852e-06
396.5	2.49594e-06
396.6	2.41603e-06
396.7	2.33906e-06
396.8	2.26534e-06
396.9	2.19517e-06
397	2.12893e-06
397.1	2.06698e-06
397.2	2.00972e-06
397.3	1.95757e-06
397.4	1.91094e-06
397.5	1.87025e-06
397.6	1.83589e-06
397.7	1.80822e-06
397.8	1.78755e-06
397.9	1.77412e-06
398	1.76811e-06
398.1	1.76984e-06
398.2	1.7797e-06
398.3	1.79756e-06
398.4	1.82318e-06
398.5	1.85625e-06
398.6	1.89637e-06
398.7	1.9431e-06
398.8	1.99599e-06
398.9	2.05455e-06
399	2.11832e-06
399.1	2.18684e-06
399.2	2.25968e-06
399.3	2.33643e-06
399.4	2.41672e-06
399.5	2.50021e-06
399.6	2.58659e-06
399.7	2.67559e-06
399.8	2.76694e-06
399.9	2.86042e-06
400	2.95584e-06
400.1	3.053e-06
400.2	3.15175e-06
400.3	3.25195e-06
400.4	3.34797e-06
400.5	3.23607e-06
400.6	3.1258e-06
400.7	3.01733e-06
400.8	2.91087e-06
400.9	2.80664e-06
401	2.7049e-06
401.1	2.60594e-06
401.2	2.51009e-06
401.3	2.41772e-06
401.4	2.32924e-06
401.5	2.24512e-06
401.6	2.16587e-06
401.7	2.09203e-06
401.8	2.0242e-06
401.9	1.963e-06
402	1.90907e-06
402.1	1.86304e-06
402.2	1.8255e-06
402.3	1.797e-06
402.4	1.77797e-06
402.5	1.7687e-06
402.6	1.76936e-06
402.7	1.77994e-06
402.8	1.79642e-06
402.9	1.81734e-06
403	1.84367e-06
403.1	1.87518e-06
403.2	1.91162e-06
403.3	1.95272e-06
403.4	1.99817e-06
403.5	2.04771e-06
403.6	2.10102e-06
403.7	2.15785e-06
403.8	2.21791e-06
403.9	2.28095e-06
404	2.34673e-06
404.1	2.41502e-06
404.2	2.48563e-06
404.3	2.55835e-06
404.4	2.63302e-06
404.5	2.70947e-06
404.6	2.78755e-06
404.7	2.86713e-06
404.8	2.9481e-06
404.9	3.03033e-06
405	3.11373e-06
405.1	3.19821e-06
405.2	3.28369e-06
405.3	3.21812e-06
405.4	3.09486e-06
405.5	2.97393e-06
405.6	2.85565e-06
405.7	2.74033e-06
405.8	2.62839e-06
405.9	2.52026e-06
406	2.41646e-06
406.1	2.31756e-06
406.2	2.22424e-06
406.3	2.1372e-06
406.4	2.05726e-06
406.5	1.98527e-06
406.6	1.92213e-06
406.7	1.86872e-06
406.8	1.82591e-06
406.9	1.79445e-06
407	1.77495e-06
407.1	1.7678e-06
407.2	1.77315e-06
407.3	1.7909e-06
407.4	1.82067e-06
407.5	1.85603e-06
407.6	1.88303e-06
407.7	1.91328e-06
407.8	1.94661e-06
407.9	1.98287e-06
408	2.0219e-06
408.1	2.06355e-06
408.2	2.10766e-06
408.3	2.15408e-06
408.4	2.20266e-06
408.5	2.25326e-06
408.6	2.30575e-06
408.7	2.36001e-06
408.8	2.41591e-06
408.9	2.47335e-06
409	2.53221e-06
409.1	2.59241e-06
409.2	2.65385e-06
409.3	2.71644e-06
409.4	2.78012e-06
409.5	2.8448e-06
409.6	2.91042e-06
409.7	2.97691e-06
409.8	3.04423e-06
409.9	3.11231e-06
410	3.18111e-06
410.1	3.15565e-06
410.2	3.02198e-06
410.3	2.89133e-06
410.4	2.76411e-06
410.5	2.64084e-06
410.6	2.52208e-06
410.7	2.40851e-06
410.8	2.3009e-06
410.9	2.20011e-06
411	2.10713e-06
411.1	2.02303e-06
411.2	1.94897e-06
411.3	1.88613e-06
411.4	1.83565e-06
411.5	1.79859e-06
411.6	1.77578e-06
411.7	1.76778e-06
411.8	1.77477e-06
411.9	1.7966e-06
412	1.83272e-06
412.1	1.88232e-06
412.2	1.94437e-06
412.3	1.978e-06
412.4	2.00753e-06
412.5	2.03864e-06
412.6	2.07126e-06
412.7	2.10533e-06
412.8	2.14077e-06
412.9	2.17751e-06
413	2.21549e-06
413.1	2.25465e-06
413.2	2.29493e-06
413.3	2.33626e-06
413.4	2.3786e-06
413.5	2.42189e-06
413.6	2.46609e-06
413.7	2.51114e-06
413.8	2.55699e-06
413.9	2.60361e-06
414	2.65096e-06
414.1	2.699e-06
414.2	2.74768e-06
414.3	2.79698e-06
414.4	2.84687e-06
414.5	2.89732e-06
414.6	2.94829e-06
414.7	2.99976e-06
414.8	3.0517e-06
414.9	3.04754e-06
415	2.90696e-06
415.1	2.77027e-06
415.2	2.63808e-06
415.3	2.5111e-06
415.4	2.39015e-06
415.5	2.27621e-06
415.6	2.17037e-06
415.7	2.07387e-06
415.8	1.98808e-06
415.9	1.91444e-06
416	1.85439e-06
416.1	1.80929e-06
416.2	1.78027e-06
416.3	1.76813e-06
416.4	1.77321e-06
416.5	1.79537e-06
416.6	1.83399e-06
416.7	1.88805e-06
416.8	1.95628e-06
416.9	2.03726e-06
417	2.10255e-06
417.1	2.12708e-06
417.2	2.15225e-06
417.3	2.17805e-06
417.4	2.20445e-06
417.5	2.23144e-06
417.6	2.25899e-06
417.7	2.28707e-06
417.8	2.31568e-06
417.9	2.3448e-06
418	2.37439e-06
418.1	2.40446e-06
418.2	2.43497e-06
418.3	2.46591e-06
418.4	2.49727e-06
418.5	2.52904e-06
418.6	2.56118e-06
418.7	2.5937e-06
418.8	2.62658e-06
418.9	2.6598e-06
419	2.69335e-06
419.1	2.72722e-06
419.2	2.7614e-06
419.3	2.79588e-06
419.4	2.83064e-06
419.5	2.86568e-06
419.6	2.90098e-06
419.7	2.89632e-06
419.8	2.75333e-06
419.9	2.61538e-06
420	2.48333e-06
420.1	2.35815e-06
420.2	2.24099e-06
420.3	2.13319e-06
420.4	2.03623e-06
420.5	1.95172e-06
420.6	1.88135e-06
420.7	1.82674e-06
420.8	1.78934e-06
420.9	1.77024e-06
421	1.77004e-06
421.1	1.78874e-06
421.2	1.82577e-06
421.3	1.88003e-06
421.4	1.95008e-06
421.5	2.03431e-06
421.6	2.13103e-06
421.7	2.23862e-06
421.8	2.27222e-06
421.9	2.2882e-06
422	2.30436e-06
422.1	2.32067e-06
422.2	2.33715e-06
422.3	2.35379e-06
422.4	2.37057e-06
422.5	2.38751e-06
422.6	2.4046e-06
422.7	2.42183e-06
422.8	2.43919e-06
422.9	2.4567e-06
423	2.47435e-06
423.1	2.49212e-06
423.2	2.51003e-06
423.3	2.52806e-06
423.4	2.54621e-06
423.5	2.56449e-06
423.6	2.58288e-06
423.7	2.60139e-06
423.8	2.62002e-06
423.9	2.63875e-06
424	2.6576e-06
424.1	2.67655e-06
424.2	2.69561e-06
424.3	2.71476e-06
424.4	2.73402e-06
424.5	2.70917e-06
424.6	2.5693e-06
424.7	2.436e-06
424.8	2.31039e-06
424.9	2.19379e-06
425	2.08772e-06
425.1	1.99386e-06
425.2	1.914e-06
425.3	1.84996e-06
425.4	1.80342e-06
425.5	1.77577e-06
425.6	1.76788e-06
425.7	1.78002e-06
425.8	1.81179e-06
425.9	1.86219e-06
426	1.92975e-06
426.1	2.01274e-06
426.2	2.10935e-06
426.3	2.2178e-06
426.4	2.33644e-06
426.5	2.44287e-06
426.6	2.44696e-06
426.7	2.45106e-06
426.8	2.45516e-06
426.9	2.45927e-06
427	2.4634e-06
427.1	2.46752e-06
427.2	2.47166e-06
427.3	2.4758e-06
427.4	2.47995e-06
427.5	2.48411e-06
427.6	2.48827e-06
427.7	2.49244e-06
427.8	2.49662e-06
427.9	2.5008e-06
428	2.505e-06
428.1	2.5092e-06
428.2	2.5134e-06
428.3	2.51761e-06
428.4	2.52183e-06
428.5	2.52606e-06
428.6	2.53029e-06
428.7	2.53453e-06
428.8	2.53878e-06
428.9	2.54303e-06
429	2.5473e-06
429.1	2.55156e-06
429.2	2.55584e-06
429.3	2.49848e-06
429.4	2.36825e-06
429.5	2.24651e-06
429.6	2.13469e-06
429.7	2.03445e-06
429.8	1.94756e-06
429.9	1.87588e-06
430	1.82121e-06
430.1	1.78512e-06
430.2	1.76874e-06
430.3	1.77261e-06
430.4	1.79662e-06
430.5	1.83996e-06
430.6	1.90131e-06
430.7	1.97901e-06
430.8	2.07122e-06
430.9	2.17608e-06
431	2.29187e-06
431.1	2.41701e-06
431.2	2.55012e-06
431.3	2.62851e-06
431.4	2.61856e-06
431.5	2.60864e-06
431.6	2.59875e-06
431.7	2.5889e-06
431.8	2.57908e-06
431.9	2.56929e-06
432	2.55953e-06
432.1	2.54981e-06
432.2	2.54012e-06
432.3	2.53047e-06
432.4	2.52085e-06
432.5	2.51126e-06
432.6	2.50172e-06
432.7	2.4922e-06
432.8	2.48273e-06
432.9	2.47329e-06
433	2.46389e-06
433.1	2.45453e-06
433.2	2.44521e-06
433.3	2.43592e-06
433.4	2.42667e-06
433.5	2.41747e-06
433.6	2.4083e-06
433.7	2.39918e-06
433.8	2.39009e-06
433.9	2.38105e-06
434	2.37205e-06
434.1	2.28167e-06
434.2	2.16833e-06
434.3	2.06571e-06
434.4	1.97549e-06
434.5	1.89943e-06
434.6	1.83929e-06
434.7	1.79667e-06
434.8	1.77284e-06
434.9	1.76856e-06
435	1.78396e-06
435.1	1.81854e-06
435.2	1.87125e-06
435.3	1.9406e-06
435.4	2.0249e-06
435.5	2.12234e-06
435.6	2.23123e-06
435.7	2.34995e-06
435.8	2.47711e-06
435.9	2.61147e-06
436	2.75197e-06
436.1	2.80658e-06
436.2	2.78113e-06
436.3	2.75585e-06
436.4	2.73073e-06
436.5	2.70577e-06
436.6	2.68098e-06
436.7	2.65637e-06
436.8	2.63194e-06
436.9	2.60769e-06
437	2.58364e-06
437.1	2.55978e-06
437.2	2.53612e-06
437.3	2.51266e-06
437.4	2.48942e-06
437.5	2.4664e-06
437.6	2.4436e-06
437.7	2.42104e-06
437.8	2.39871e-06
437.9	2.37663e-06
438	2.3548e-06
438.1	2.33322e-06
438.2	2.31191e-06
438.3	2.29088e-06
438.4	2.27012e-06
438.5	2.24966e-06
438.6	2.22949e-06
438.7	2.20962e-06
438.8	2.18055e-06
438.9	2.08007e-06
439	1.99089e-06
439.1	1.91461e-06
439.2	1.85282e-06
439.3	1.807e-06
439.4	1.77839e-06
439.5	1.76782e-06
439.6	1.77562e-06
439.7	1.80154e-06
439.8	1.84483e-06
439.9	1.9043e-06
440	1.97849e-06
440.1	2.06582e-06
440.2	2.16469e-06
440.3	2.2736e-06
440.4	2.39118e-06
440.5	2.51622e-06
440.6	2.64765e-06
440.7	2.78458e-06
440.8	2.92623e-06
440.9	2.97164e-06
441	2.92983e-06
441.1	2.88837e-06
441.2	2.84725e-06
441.3	2.80651e-06
441.4	2.76615e-06
441.5	2.72619e-06
441.6	2.68665e-06
441.7	2.64755e-06
441.8	2.60892e-06
441.9	2.57076e-06
442	2.5331e-06
442.1	2.49597e-06
442.2	2.45938e-06
442.3	2.42337e-06
442.4	2.38796e-06
442.5	2.35317e-06
442.6	2.31904e-06
442.7	2.28559e-06
442.8	2.25285e-06
442.9	2.22086e-06
443	2.18965e-06
443.1	2.15925e-06
443.2	2.12969e-06
443.3	2.10102e-06
443.4	2.07327e-06
443.5	2.04647e-06
443.6	1.98824e-06
443.7	1.9162e-06
443.8	1.85707e-06
443.9	1.81211e-06
444	1.78239e-06
444.1	1.7687e-06
444.2	1.77139e-06
444.3	1.79039e-06
444.4	1.82519e-06
444.5	1.87492e-06
444.6	1.93842e-06
444.7	2.0144e-06
444.8	2.1015e-06
444.9	2.19839e-06
445	2.30385e-06
445.1	2.41675e-06
445.2	2.5361e-06
445.3	2.66104e-06
445.4	2.7908e-06
445.5	2.92475e-06
445.6	3.06234e-06
445.7	3.11865e-06
445.8	3.06002e-06
445.9	3.00195e-06
446	2.94447e-06
446.1	2.88762e-06
446.2	2.83143e-06
446.3	2.77594e-06
446.4	2.7212e-06
446.5	2.66726e-06
446.6	2.61415e-06
446.7	2.56194e-06
446.8	2.51068e-06
446.9	2.46043e-06
447	2.41125e-06
447.1	2.36322e-06
447.2	2.31639e-06
447.3	2.27085e-06
447.4	2.22667e-06
447.5	2.18394e-06
447.6	2.14274e-06
447.7	2.10317e-06
447.8	2.06531e-06
447.9	2.02927e-06
448	1.99513e-06
448.1	1.96301e-06
448.2	1.933e-06
448.3	1.90131e-06
448.4	1.84905e-06
448.5	1.80909e-06
448.6	1.78224e-06
448.7	1.76911e-06
448.8	1.77e-06
448.9	1.78488e-06
449	1.81342e-06
449.1	1.85498e-06
449.2	1.90872e-06
449.3	1.97363e-06
449.4	2.04866e-06
449.5	2.13274e-06
449.6	2.22484e-06
449.7	2.32402e-06
449.8	2.42939e-06
449.9	2.5402e-06
450	2.65576e-06
450.1	2.77548e-06
450.2	2.89885e-06
450.3	3.02541e-06
450.4	3.15478e-06
450.5	3.24227e-06
450.6	3.16675e-06
450.7	3.09204e-06
450.8	3.01819e-06
450.9	2.94528e-06
451	2.87338e-06
451.1	2.80255e-06
451.2	2.73289e-06
451.3	2.66448e-06
451.4	2.59743e-06
451.5	2.53184e-06
451.6	2.46783e-06
451.7	2.40552e-06
451.8	2.34506e-06
451.9	2.28659e-06
452	2.23025e-06
452.1	2.17623e-06
452.2	2.1247e-06
452.3	2.07583e-06
452.4	2.02984e-06
452.5	1.9869e-06
452.6	1.94723e-06
452.7	1.91103e-06
452.8	1.8785e-06
452.9	1.84984e-06
453	1.82522e-06
453.1	1.7977e-06
453.2	1.77732e-06
453.3	1.76825e-06
453.4	1.77067e-06
453.5	1.78455e-06
453.6	1.8096e-06
453.7	1.84538e-06
453.8	1.89128e-06
453.9	1.94659e-06
454	2.01052e-06
454.1	2.08228e-06
454.2	2.1611e-06
454.3	2.24623e-06
454.4	2.33697e-06
454.5	2.43271e-06
454.6	2.53288e-06
454.7	2.63697e-06
454.8	2.74453e-06
454.9	2.85517e-06
455	2.96856e-06
455.1	3.08438e-06
455.2	3.20237e-06
455.3	3.3223e-06
455.4	3.24463e-06
455.5	3.15366e-06
455.6	3.06387e-06
455.7	2.97538e-06
455.8	2.8883e-06
455.9	2.80277e-06
456	2.71894e-06
456.1	2.63695e-06
456.2	2.557e-06
456.3	2.47928e-06
456.4	2.404e-06
456.5	2.33141e-06
456.6	2.26175e-06
456.7	2.19532e-06
456.8	2.13241e-06
456.9	2.07334e-06
457	2.01844e-06
457.1	1.96808e-06
457.2	1.9226e-06
457.3	1.88236e-06
457.4	1.8477e-06
457.5	1.81894e-06
457.6	1.79637e-06
457.7	1.78021e-06
457.8	1.77034e-06
457.9	1.76803e-06
458	1.77468e-06
458.1	1.7902e-06
458.2	1.81435e-06
458.3	1.84679e-06
458.4	1.8871e-06
458.5	1.93479e-06
458.6	1.98932e-06
458.7	2.05016e-06
458.8	2.11674e-06
458.9	2.18856e-06
459	2.26512e-06
459.1	2.34594e-06
459.2	2.43061e-06
459.3	2.51873e-06
459.4	2.60996e-06
459.5	2.70399e-06
459.6	2.80052e-06
459.7	2.89931e-06
459.8	3.00015e-06
459.9	3.10281e-06
460	3.20714e-06
460.1	3.31298e-06
460.2	3.28795e-06
460.3	3.1816e-06
460.4	3.0768e-06
460.5	2.97375e-06
460.6	2.8726e-06
460.7	2.77359e-06
460.8	2.67695e-06
460.9	2.58293e-06
461	2.49184e-06
461.1	2.40402e-06
461.2	2.31982e-06
461.3	2.23967e-06
461.4	2.16401e-06
461.5	2.09332e-06
461.6	2.02814e-06
461.7	1.96899e-06
461.8	1.91645e-06
461.9	1.87107e-06
462	1.83338e-06
462.1	1.80387e-06
462.2	1.78294e-06
462.3	1.77089e-06
462.4	1.7679e-06
462.5	1.77403e-06
462.6	1.78647e-06
462.7	1.80523e-06
462.8	1.8302e-06
462.9	1.86111e-06
463	1.89768e-06
463.1	1.93959e-06
463.2	1.9865e-06
463.3	2.03807e-06
463.4	2.09395e-06
463.5	2.1538e-06
463.6	2.21731e-06
463.7	2.28416e-06
463.8	2.35408e-06
463.9	2.4268e-06
464	2.50208e-06
464.1	2.57968e-06
464.2	2.65942e-06
464.3	2.74109e-06
464.4	2.82454e-06
464.5	2.90961e-06
464.6	2.99616e-06
464.7	3.08407e-06
464.8	3.17322e-06
464.9	3.26352e-06
465	3.29118e-06
465.1	3.17093e-06
465.2	3.05272e-06
465.3	2.93677e-06
465.4	2.82337e-06
465.5	2.71284e-06
465.6	2.60555e-06
465.7	2.50191e-06
465.8	2.40239e-06
465.9	2.30753e-06
466	2.21792e-06
466.1	2.13423e-06
466.2	2.05718e-06
466.3	1.98754e-06
466.4	1.92612e-06
466.5	1.87372e-06
466.6	1.83112e-06
466.7	1.79901e-06
466.8	1.77796e-06
466.9	1.76838e-06
467	1.77044e-06
467.1	1.7841e-06
467.2	1.8091e-06
467.3	1.8363e-06
467.4	1.86249e-06
467.5	1.89255e-06
467.6	1.92629e-06
467.7	1.96353e-06
467.8	2.00406e-06
467.9	2.0477e-06
468	2.09425e-06
468.1	2.14352e-06
468.2	2.19533e-06
468.3	2.2495e-06
468.4	2.30587e-06
468.5	2.36428e-06
468.6	2.42457e-06
468.7	2.48662e-06
468.8	2.5503e-06
468.9	2.61548e-06
469	2.68206e-06
469.1	2.74993e-06
469.2	2.81901e-06
469.3	2.8892e-06
469.4	2.96043e-06
469.5	3.03263e-06
469.6	3.10572e-06
469.7	3.17964e-06
469.8	3.24972e-06
469.9	3.11784e-06
470	2.98856e-06
470.1	2.86222e-06
470.2	2.73924e-06
470.3	2.62009e-06
470.4	2.50532e-06
470.5	2.39556e-06
470.6	2.29152e-06
470.7	2.19402e-06
470.8	2.10397e-06
470.9	2.02236e-06
471	1.95026e-06
471.1	1.88876e-06
471.2	1.83891e-06
471.3	1.80168e-06
471.4	1.77788e-06
471.5	1.76803e-06
471.6	1.77238e-06
471.7	1.79082e-06
471.8	1.82292e-06
471.9	1.86798e-06
472	1.91949e-06
472.1	1.94798e-06
472.2	1.97856e-06
472.3	2.01113e-06
472.4	2.04561e-06
472.5	2.08189e-06
472.6	2.11989e-06
472.7	2.15951e-06
472.8	2.20066e-06
472.9	2.24327e-06
473	2.28724e-06
473.1	2.33251e-06
473.2	2.379e-06
473.3	2.42664e-06
473.4	2.47535e-06
473.5	2.52509e-06
473.6	2.57579e-06
473.7	2.6274e-06
473.8	2.67985e-06
473.9	2.73311e-06
474	2.78713e-06
474.1	2.84186e-06
474.2	2.89727e-06
474.3	2.95331e-06
474.4	3.00995e-06
474.5	3.06716e-06
474.6	3.12491e-06
474.7	3.02065e-06
474.8	2.88356e-06
474.9	2.7503e-06
475	2.62146e-06
475.1	2.4977e-06
475.2	2.37984e-06
475.3	2.26878e-06
475.4	2.16558e-06
475.5	2.07141e-06
475.6	1.98754e-06
475.7	1.91535e-06
475.8	1.85619e-06
475.9	1.81133e-06
476	1.78186e-06
476.1	1.76854e-06
476.2	1.77175e-06
476.3	1.79139e-06
476.4	1.82693e-06
476.5	1.87748e-06
476.6	1.94185e-06
476.7	2.01873e-06
476.8	2.06231e-06
476.9	2.08906e-06
477	2.11671e-06
477.1	2.14522e-06
477.2	2.17455e-06
477.3	2.20468e-06
477.4	2.23556e-06
477.5	2.26718e-06
477.6	2.29949e-06
477.7	2.33248e-06
477.8	2.3661e-06
477.9	2.40035e-06
478	2.43518e-06
478.1	2.47057e-06
478.2	2.50651e-06
478.3	2.54296e-06
478.4	2.57991e-06
478.5	2.61733e-06
478.6	2.65521e-06
478.7	2.69352e-06
478.8	2.73225e-06
478.9	2.77138e-06
479	2.81089e-06
479.1	2.85077e-06
479.2	2.891e-06
479.3	2.93157e-06
479.4	2.97246e-06
479.5	2.88102e-06
479.6	2.74041e-06
479.7	2.60478e-06
479.8	2.47496e-06
479.9	2.35189e-06
480	2.2367e-06
480.1	2.13066e-06
480.2	2.03521e-06
480.3	1.9519e-06
480.4	1.88233e-06
480.5	1.82809e-06
480.6	1.79057e-06
480.7	1.77082e-06
480.8	1.76944e-06
480.9	1.78648e-06
481	1.82142e-06
481.1	1.87326e-06
481.2	1.94063e-06
481.3	2.022e-06
481.4	2.11575e-06
481.5	2.20545e-06
481.6	2.22455e-06
481.7	2.24393e-06
481.8	2.26359e-06
481.9	2.28352e-06
482	2.30371e-06
482.1	2.32416e-06
482.2	2.34486e-06
482.3	2.3658e-06
482.4	2.38699e-06
482.5	2.4084e-06
482.6	2.43003e-06
482.7	2.45189e-06
482.8	2.47396e-06
482.9	2.49623e-06
483	2.51871e-06
483.1	2.54138e-06
483.2	2.56425e-06
483.3	2.5873e-06
483.4	2.61053e-06
483.5	2.63394e-06
483.6	2.65752e-06
483.7	2.68127e-06
483.8	2.70518e-06
483.9	2.72925e-06
484	2.75347e-06
484.1	2.77785e-06
484.2	2.80237e-06
484.3	2.70501e-06
484.4	2.56623e-06
484.5	2.43395e-06
484.6	2.30927e-06
484.7	2.19351e-06
484.8	2.08813e-06
484.9	1.9948e-06
485	1.91526e-06
485.1	1.8513e-06
485.2	1.80458e-06
485.3	1.77645e-06
485.4	1.76781e-06
485.5	1.77893e-06
485.6	1.80946e-06
485.7	1.85843e-06
485.8	1.92445e-06
485.9	2.00582e-06
486	2.10077e-06
486.1	2.20754e-06
486.2	2.3245e-06
486.3	2.38514e-06
486.4	2.39342e-06
486.5	2.40173e-06
486.6	2.41008e-06
486.7	2.41847e-06
486.8	2.42688e-06
486.9	2.43533e-06
487	2.44381e-06
487.1	2.45233e-06
487.2	2.46087e-06
487.3	2.46945e-06
487.4	2.47806e-06
487.5	2.4867e-06
487.6	2.49537e-06
487.7	2.50407e-06
487.8	2.5128e-06
487.9	2.52157e-06
488	2.53036e-06
488.1	2.53918e-06
488.2	2.54803e-06
488.3	2.5569e-06
488.4	2.56581e-06
488.5	2.57474e-06
488.6	2.58371e-06
488.7	2.5927e-06
488.8	2.60171e-06
488.9	2.61076e-06
489	2.61983e-06
489.1	2.50375e-06
489.2	2.37319e-06
489.3	2.25107e-06
489.4	2.13881e-06
489.5	2.03807e-06
489.6	1.95061e-06
489.7	1.87831e-06
489.8	1.82295e-06
489.9	1.78613e-06
490	1.76899e-06
490.1	1.77211e-06
490.2	1.79538e-06
490.3	1.83803e-06
490.4	1.89877e-06
490.5	1.97592e-06
490.6	2.06765e-06
490.7	2.17211e-06
490.8	2.28755e-06
490.9	2.41241e-06
491	2.54529e-06
491.1	2.56544e-06
491.2	2.56031e-06
491.3	2.55519e-06
491.4	2.55008e-06
491.5	2.54498e-06
491.6	2.53989e-06
491.7	2.53481e-06
491.8	2.52974e-06
491.9	2.52468e-06
492	2.51963e-06
492.1	2.51459e-06
492.2	2.50956e-06
492.3	2.50454e-06
492.4	2.49952e-06
492.5	2.49452e-06
492.6	2.48953e-06
492.7	2.48455e-06
492.8	2.47958e-06
492.9	2.47462e-06
493	2.46967e-06
493.1	2.46473e-06
493.2	2.4598e-06
493.3	2.45488e-06
493.4	2.44997e-06
493.5	2.44507e-06
493.6	2.44018e-06
493.7	2.43531e-06
493.8	2.41778e-06
493.9	2.29349e-06
494	2.17838e-06
494.1	2.07401e-06
494.2	1.98206e-06
494.3	1.90433e-06
494.4	1.84263e-06
494.5	1.7986e-06
494.6	1.77357e-06
494.7	1.76834e-06
494.8	1.78308e-06
494.9	1.8173e-06
495	1.86995e-06
495.1	1.93951e-06
495.2	2.02424e-06
495.3	2.12234e-06
495.4	2.23203e-06
495.5	2.3517e-06
495.6	2.4799e-06
495.7	2.61538e-06
495.8	2.75706e-06
495.9	2.73933e-06
496	2.71917e-06
496.1	2.69911e-06
496.2	2.67916e-06
496.3	2.65933e-06
496.4	2.63961e-06
496.5	2.62001e-06
496.6	2.60054e-06
496.7	2.58119e-06
496.8	2.56196e-06
496.9	2.54287e-06
497	2.52391e-06
497.1	2.50508e-06
497.2	2.4864e-06
497.3	2.46786e-06
497.4	2.44946e-06
497.5	2.43121e-06
497.6	2.41312e-06
497.7	2.39518e-06
497.8	2.3774e-06
497.9	2.35978e-06
498	2.34233e-06
498.1	2.32505e-06
498.2	2.30794e-06
498.3	2.29102e-06
498.4	2.27427e-06
498.5	2.25771e-06
498.6	2.19823e-06
498.7	2.09465e-06
498.8	2.00246e-06
498.9	1.92331e-06
499	1.85885e-06
499.1	1.81066e-06
499.2	1.78006e-06
499.3	1.76796e-06
499.4	1.77474e-06
499.5	1.80019e-06
499.6	1.84353e-06
499.7	1.90355e-06
499.8	1.97872e-06
499.9	2.06739e-06
