0	2.5e-06
0.1	2.5e-06
0.2	2.5e-06
0.3	2.5e-06
0.4	2.5e-06
0.5	2.5e-06
0.6	2.5e-06
0.7	2.5e-06
0.8	2.5e-06
0.9	2.5e-06
1	2.5e-06
1.1	2.5e-06
1.2	2.5e-06
1.3	2.5e-06
1.4	2.5e-06
1.5	2.49268e-06
1.6	2.41529e-06
1.7	2.34066e-06
1.8	2.26908e-06
1.9	2.20082e-06
2	2.13622e-06
2.1	2.07562e-06
2.2	2.01936e-06
2.3	1.96784e-06
2.4	1.92143e-06
2.5	1.8805e-06
2.6	1.84542e-06
2.7	1.81653e-06
2.8	1.79414e-06
2.9	1.77847e-06
3	1.76973e-06
3.1	1.76799e-06
3.2	1.7733e-06
3.3	1.78558e-06
3.4	1.80469e-06
3.5	1.82852e-06
3.6	1.84871e-06
3.7	1.87157e-06
3.8	1.89701e-06
3.9	1.92493e-06
4	1.95523e-06
4.1	1.98779e-06
4.2	2.02251e-06
4.3	2.05927e-06
4.4	2.09797e-06
4.5	2.1385e-06
4.6	2.18077e-06
4.7	2.22466e-06
4.8	2.2701e-06
4.9	2.31698e-06
5	2.36522e-06
5.1	2.41475e-06
5.2	2.46547e-06
5.3	2.51733e-06
5.4	2.57025e-06
5.5	2.62416e-06
5.6	2.67901e-06
5.7	2.73474e-06
5.8	2.7913e-06
5.9	2.84864e-06
6	2.84039e-06
6.1	2.80257e-06
6.2	2.76508e-06
6.3	2.72795e-06
6.4	2.69117e-06
6.5	2.65478e-06
6.6	2.61877e-06
6.7	2.58318e-06
6.8	2.54801e-06
6.9	2.51329e-06
7	2.47903e-06
7.1	2.44526e-06
7.2	2.41198e-06
7.3	2.37924e-06
7.4	2.34703e-06
7.5	2.3154e-06
7.6	2.28436e-06
7.7	2.25394e-06
7.8	2.22416e-06
7.9	2.19505e-06
8	2.16664e-06
8.1	2.13895e-06
8.2	2.11201e-06
8.3	2.08585e-06
8.4	2.06051e-06
8.5	2.036e-06
8.6	2.01237e-06
8.7	1.97508e-06
8.8	1.924e-06
8.9	1.87938e-06
9	1.8417e-06
9.1	1.8114e-06
9.2	1.78884e-06
9.3	1.77432e-06
9.4	1.76804e-06
9.5	1.77008e-06
9.6	1.78043e-06
9.7	1.79893e-06
9.8	1.82534e-06
9.9	1.85932e-06
10	1.90047e-06
10.1	1.94832e-06
10.2	2.00241e-06
10.3	2.06223e-06
10.4	2.12731e-06
10.5	2.19718e-06
10.6	2.23076e-06
10.7	2.24669e-06
10.8	2.2628e-06
10.9	2.2791e-06
11	2.29557e-06
11.1	2.31222e-06
11.2	2.32904e-06
11.3	2.34603e-06
11.4	2.36318e-06
11.5	2.38048e-06
11.6	2.39795e-06
11.7	2.41557e-06
11.8	2.43333e-06
11.9	2.45125e-06
12	2.4693e-06
12.1	2.4875e-06
12.2	2.50583e-06
12.3	2.5243e-06
12.4	2.5429e-06
12.5	2.56162e-06
12.6	2.58047e-06
12.7	2.59945e-06
12.8	2.61854e-06
12.9	2.63775e-06
13	2.65708e-06
13.1	2.67652e-06
13.2	2.69607e-06
13.3	2.71572e-06
13.4	2.73548e-06
13.5	2.69567e-06
13.6	2.62576e-06
13.7	2.55737e-06
13.8	2.49061e-06
13.9	2.42563e-06
14	2.36256e-06
14.1	2.30156e-06
14.2	2.24281e-06
14.3	2.18649e-06
14.4	2.13278e-06
14.5	2.08189e-06
14.6	2.03403e-06
14.7	1.98942e-06
14.8	1.94829e-06
14.9	1.91085e-06
15	1.87733e-06
15.1	1.84794e-06
15.2	1.82288e-06
15.3	1.80234e-06
15.4	1.78646e-06
15.5	1.77538e-06
15.6	1.76918e-06
15.7	1.76793e-06
15.8	1.77187e-06
15.9	1.781e-06
16	1.79524e-06
16.1	1.81448e-06
16.2	1.83855e-06
16.3	1.86726e-06
16.4	1.90042e-06
16.5	1.93779e-06
16.6	1.97913e-06
16.7	2.0242e-06
16.8	2.07275e-06
16.9	2.12455e-06
17	2.17936e-06
17.1	2.23697e-06
17.2	2.29716e-06
17.3	2.35974e-06
17.4	2.42451e-06
17.5	2.49132e-06
17.6	2.56e-06
17.7	2.6304e-06
17.8	2.70239e-06
17.9	2.7024e-06
18	2.68529e-06
18.1	2.66826e-06
18.2	2.65132e-06
18.3	2.63446e-06
18.4	2.61769e-06
18.5	2.60101e-06
18.6	2.58442e-06
18.7	2.56793e-06
18.8	2.55153e-06
18.9	2.53522e-06
19	2.51902e-06
19.1	2.50291e-06
19.2	2.48691e-06
19.3	2.47101e-06
19.4	2.45522e-06
19.5	2.43954e-06
19.6	2.42397e-06
19.7	2.40851e-06
19.8	2.39316e-06
19.9	2.37794e-06
20	2.36283e-06
20.1	2.34785e-06
20.2	2.33298e-06
20.3	2.31825e-06
20.4	2.30364e-06
20.5	2.28917e-06
20.6	2.27483e-06
20.7	2.26063e-06
20.8	2.21099e-06
20.9	2.14065e-06
21	2.07495e-06
21.1	2.01436e-06
21.2	1.95934e-06
21.3	1.91038e-06
21.4	1.86795e-06
21.5	1.83251e-06
21.6	1.80446e-06
21.7	1.78416e-06
21.8	1.77187e-06
21.9	1.76777e-06
22	1.7719e-06
22.1	1.78421e-06
22.2	1.80453e-06
22.3	1.8326e-06
22.4	1.86807e-06
22.5	1.91052e-06
22.6	1.9595e-06
22.7	1.98983e-06
22.8	2.01412e-06
22.9	2.03943e-06
23	2.06573e-06
23.1	2.09298e-06
23.2	2.12115e-06
23.3	2.15019e-06
23.4	2.18008e-06
23.5	2.21077e-06
23.6	2.24224e-06
23.7	2.27445e-06
23.8	2.30737e-06
23.9	2.34098e-06
24	2.37524e-06
24.1	2.41012e-06
24.2	2.4456e-06
24.3	2.48166e-06
24.4	2.51826e-06
24.5	2.55539e-06
24.6	2.59301e-06
24.7	2.63112e-06
24.8	2.66969e-06
24.9	2.7087e-06
25	2.74813e-06
25.1	2.78796e-06
25.2	2.82819e-06
25.3	2.86878e-06
25.4	2.82926e-06
25.5	2.77456e-06
25.6	2.72058e-06
25.7	2.66738e-06
25.8	2.61499e-06
25.9	2.56347e-06
26	2.51288e-06
26.1	2.46326e-06
26.2	2.41469e-06
26.3	2.36721e-06
26.4	2.32091e-06
26.5	2.27586e-06
26.6	2.23212e-06
26.7	2.18978e-06
26.8	2.14892e-06
26.9	2.10962e-06
27	2.07198e-06
27.1	2.03609e-06
27.2	2.00204e-06
27.3	1.96992e-06
27.4	1.93984e-06
27.5	1.91189e-06
27.6	1.88616e-06
27.7	1.86274e-06
27.8	1.84173e-06
27.9	1.8135e-06
28	1.79161e-06
28.1	1.7767e-06
28.2	1.76895e-06
28.3	1.76844e-06
28.4	1.77519e-06
28.5	1.78911e-06
28.6	1.81004e-06
28.7	1.83774e-06
28.8	1.8719e-06
28.9	1.91219e-06
29	1.95822e-06
29.1	2.0096e-06
29.2	2.06593e-06
29.3	2.12681e-06
29.4	2.19187e-06
29.5	2.26075e-06
29.6	2.33311e-06
29.7	2.40863e-06
29.8	2.46571e-06
29.9	2.468e-06
30	2.47029e-06
30.1	2.47259e-06
30.2	2.47489e-06
30.3	2.47719e-06
30.4	2.4795e-06
30.5	2.4818e-06
30.6	2.48411e-06
30.7	2.48642e-06
30.8	2.48874e-06
30.9	2.49105e-06
31	2.49337e-06
31.1	2.49569e-06
31.2	2.49801e-06
31.3	2.50033e-06
31.4	2.50266e-06
31.5	2.50499e-06
31.6	2.50732e-06
31.7	2.50965e-06
31.8	2.51199e-06
31.9	2.51432e-06
32	2.51666e-06
32.1	2.519e-06
32.2	2.52134e-06
32.3	2.52369e-06
32.4	2.52604e-06
32.5	2.52839e-06
32.6	2.53074e-06
32.7	2.53309e-06
32.8	2.49723e-06
32.9	2.42098e-06
33	2.34739e-06
33.1	2.27671e-06
33.2	2.20921e-06
33.3	2.14521e-06
33.4	2.08502e-06
33.5	2.02897e-06
33.6	1.97744e-06
33.7	1.93076e-06
33.8	1.88932e-06
33.9	1.85345e-06
34	1.82348e-06
34.1	1.79971e-06
34.2	1.78239e-06
34.3	1.77171e-06
34.4	1.76779e-06
34.5	1.77067e-06
34.6	1.78031e-06
34.7	1.79662e-06
34.8	1.8167e-06
34.9	1.83589e-06
35	1.85804e-06
35.1	1.88305e-06
35.2	1.91081e-06
35.3	1.9412e-06
35.4	1.9741e-06
35.5	2.00939e-06
35.6	2.04693e-06
35.7	2.08662e-06
35.8	2.12834e-06
35.9	2.17195e-06
36	2.21736e-06
36.1	2.26445e-06
36.2	2.31312e-06
36.3	2.36328e-06
36.4	2.41483e-06
36.5	2.46768e-06
36.6	2.52175e-06
36.7	2.57697e-06
36.8	2.63326e-06
36.9	2.69056e-06
37	2.7488e-06
37.1	2.80792e-06
37.2	2.84787e-06
37.3	2.81252e-06
37.4	2.77745e-06
37.5	2.74268e-06
37.6	2.70822e-06
37.7	2.67409e-06
37.8	2.64029e-06
37.9	2.60683e-06
38	2.57374e-06
38.1	2.54103e-06
38.2	2.5087e-06
38.3	2.47678e-06
38.4	2.44529e-06
38.5	2.41423e-06
38.6	2.38362e-06
38.7	2.35349e-06
38.8	2.32385e-06
38.9	2.29473e-06
39	2.26613e-06
39.1	2.23808e-06
39.2	2.2106e-06
39.3	2.18372e-06
39.4	2.15745e-06
39.5	2.13182e-06
39.6	2.10685e-06
39.7	2.08256e-06
39.8	2.05899e-06
39.9	2.03615e-06
40	1.99053e-06
40.1	1.9375e-06
40.2	1.89087e-06
40.3	1.8511e-06
40.4	1.81865e-06
40.5	1.79393e-06
40.6	1.77725e-06
40.7	1.76883e-06
40.8	1.7688e-06
40.9	1.77717e-06
41	1.7938e-06
41.1	1.81847e-06
41.2	1.85087e-06
41.3	1.89059e-06
41.4	1.93718e-06
41.5	1.99017e-06
41.6	2.04905e-06
41.7	2.11334e-06
41.8	2.18255e-06
41.9	2.20206e-06
42	2.21962e-06
42.1	2.23743e-06
42.2	2.25547e-06
42.3	2.27375e-06
42.4	2.29226e-06
42.5	2.31098e-06
42.6	2.32993e-06
42.7	2.34908e-06
42.8	2.36845e-06
42.9	2.38801e-06
43	2.40777e-06
43.1	2.42772e-06
43.2	2.44786e-06
43.3	2.46817e-06
43.4	2.48867e-06
43.5	2.50934e-06
43.6	2.53018e-06
43.7	2.55119e-06
43.8	2.57235e-06
43.9	2.59368e-06
44	2.61515e-06
44.1	2.63678e-06
44.2	2.65855e-06
44.3	2.68046e-06
44.4	2.70252e-06
44.5	2.7247e-06
44.6	2.74702e-06
44.7	2.75733e-06
44.8	2.68825e-06
44.9	2.6205e-06
45	2.55418e-06
45.1	2.48941e-06
45.2	2.42631e-06
45.3	2.36502e-06
45.4	2.30568e-06
45.5	2.24844e-06
45.6	2.19347e-06
45.7	2.14095e-06
45.8	2.09105e-06
45.9	2.04398e-06
46	1.99992e-06
46.1	1.95909e-06
46.2	1.92169e-06
46.3	1.88792e-06
46.4	1.85798e-06
46.5	1.83206e-06
46.6	1.81033e-06
46.7	1.79294e-06
46.8	1.78003e-06
46.9	1.77168e-06
47	1.76789e-06
47.1	1.76946e-06
47.2	1.77652e-06
47.3	1.78901e-06
47.4	1.80682e-06
47.5	1.82978e-06
47.6	1.85771e-06
47.7	1.89039e-06
47.8	1.92758e-06
47.9	1.96902e-06
48	2.01445e-06
48.1	2.0636e-06
48.2	2.11622e-06
48.3	2.17205e-06
48.4	2.23086e-06
48.5	2.29241e-06
48.6	2.35649e-06
48.7	2.4229e-06
48.8	2.49145e-06
48.9	2.56197e-06
49	2.6343e-06
49.1	2.68481e-06
49.2	2.67025e-06
49.3	2.65575e-06
49.4	2.64131e-06
49.5	2.62693e-06
49.6	2.61262e-06
49.7	2.59838e-06
49.8	2.5842e-06
49.9	2.57009e-06
50	2.55605e-06
50.1	2.54208e-06
50.2	2.52818e-06
50.3	2.51435e-06
50.4	2.5006e-06
50.5	2.48692e-06
50.6	2.47332e-06
50.7	2.4598e-06
50.8	2.44636e-06
50.9	2.43299e-06
51	2.41971e-06
51.1	2.40651e-06
51.2	2.3934e-06
51.3	2.38037e-06
51.4	2.36743e-06
51.5	2.35457e-06
51.6	2.34181e-06
51.7	2.32914e-06
51.8	2.31656e-06
51.9	2.30407e-06
52	2.29168e-06
52.1	2.22396e-06
52.2	2.15333e-06
52.3	2.0872e-06
52.4	2.02601e-06
52.5	1.97022e-06
52.6	1.9203e-06
52.7	1.87672e-06
52.8	1.83994e-06
52.9	1.81036e-06
53	1.78834e-06
53.1	1.77417e-06
53.2	1.76803e-06
53.3	1.77001e-06
53.4	1.78008e-06
53.5	1.7981e-06
53.6	1.82384e-06
53.7	1.85698e-06
53.8	1.89713e-06
53.9	1.94385e-06
54	1.96851e-06
54.1	1.99332e-06
54.2	2.01932e-06
54.3	2.04646e-06
54.4	2.07471e-06
54.5	2.10402e-06
54.6	2.13435e-06
54.7	2.16564e-06
54.8	2.19787e-06
54.9	2.23099e-06
55	2.26495e-06
55.1	2.29974e-06
55.2	2.33529e-06
55.3	2.3716e-06
55.4	2.4086e-06
55.5	2.44629e-06
55.6	2.48462e-06
55.7	2.52357e-06
55.8	2.56311e-06
55.9	2.6032e-06
56	2.64384e-06
56.1	2.68498e-06
56.2	2.72662e-06
56.3	2.76872e-06
56.4	2.81126e-06
56.5	2.85423e-06
56.6	2.86254e-06
56.7	2.80984e-06
56.8	2.75778e-06
56.9	2.7064e-06
57	2.65573e-06
57.1	2.60582e-06
57.2	2.55672e-06
57.3	2.50846e-06
57.4	2.4611e-06
57.5	2.41469e-06
57.6	2.3693e-06
57.7	2.32497e-06
57.8	2.28177e-06
57.9	2.23976e-06
58	2.19902e-06
58.1	2.15962e-06
58.2	2.12162e-06
58.3	2.08511e-06
58.4	2.05016e-06
58.5	2.01687e-06
58.6	1.9853e-06
58.7	1.95555e-06
58.8	1.92769e-06
58.9	1.90182e-06
59	1.87801e-06
59.1	1.85443e-06
59.2	1.82298e-06
59.3	1.79835e-06
59.4	1.78083e-06
59.5	1.77061e-06
59.6	1.76783e-06
59.7	1.77252e-06
59.8	1.78462e-06
59.9	1.80399e-06
60	1.8304e-06
60.1	1.86353e-06
60.2	1.90305e-06
60.3	1.94857e-06
60.4	1.99967e-06
60.5	2.05593e-06
60.6	2.11696e-06
60.7	2.18234e-06
60.8	2.2517e-06
60.9	2.32468e-06
61	2.40096e-06
61.1	2.43256e-06
61.2	2.43708e-06
61.3	2.44161e-06
61.4	2.44615e-06
61.5	2.4507e-06
61.6	2.45526e-06
61.7	2.45982e-06
61.8	2.4644e-06
61.9	2.46899e-06
62	2.47358e-06
62.1	2.47818e-06
62.2	2.4828e-06
62.3	2.48742e-06
62.4	2.49205e-06
62.5	2.49669e-06
62.6	2.50133e-06
62.7	2.50599e-06
62.8	2.51065e-06
62.9	2.51533e-06
63	2.52001e-06
63.1	2.5247e-06
63.2	2.5294e-06
63.3	2.5341e-06
63.4	2.53882e-06
63.5	2.54354e-06
63.6	2.54827e-06
63.7	2.55301e-06
63.8	2.55776e-06
63.9	2.56252e-06
64	2.56728e-06
64.1	2.50075e-06
64.2	2.42577e-06
64.3	2.35334e-06
64.4	2.28368e-06
64.5	2.21707e-06
64.6	2.15379e-06
64.7	2.09414e-06
64.8	2.03844e-06
64.9	1.98701e-06
65	1.94021e-06
65.1	1.89836e-06
65.2	1.86181e-06
65.3	1.83088e-06
65.4	1.80584e-06
65.5	1.78696e-06
65.6	1.77442e-06
65.7	1.76836e-06
65.8	1.76885e-06
65.9	1.77588e-06
66	1.78938e-06
66.1	1.80624e-06
66.2	1.82426e-06
66.3	1.84554e-06
66.4	1.86998e-06
66.5	1.89744e-06
66.6	1.92781e-06
66.7	1.96094e-06
66.8	1.99671e-06
66.9	2.03496e-06
67	2.07556e-06
67.1	2.11839e-06
67.2	2.16329e-06
67.3	2.21016e-06
67.4	2.25886e-06
67.5	2.30929e-06
67.6	2.36132e-06
67.7	2.41486e-06
67.8	2.46981e-06
67.9	2.52607e-06
68	2.58357e-06
68.1	2.64221e-06
68.2	2.70193e-06
68.3	2.76266e-06
68.4	2.82433e-06
68.5	2.8178e-06
68.6	2.78521e-06
68.7	2.75287e-06
68.8	2.7208e-06
68.9	2.689e-06
69	2.65749e-06
69.1	2.62627e-06
69.2	2.59535e-06
69.3	2.56475e-06
69.4	2.53447e-06
69.5	2.50454e-06
69.6	2.47495e-06
69.7	2.44573e-06
69.8	2.41689e-06
69.9	2.38844e-06
70	2.36039e-06
70.1	2.33276e-06
70.2	2.30557e-06
70.3	2.27883e-06
70.4	2.25255e-06
70.5	2.22676e-06
70.6	2.20146e-06
70.7	2.17668e-06
70.8	2.15244e-06
70.9	2.12875e-06
71	2.10563e-06
71.1	2.08311e-06
71.2	2.06119e-06
71.3	2.00576e-06
71.4	1.95096e-06
71.5	1.90245e-06
71.6	1.86073e-06
71.7	1.82626e-06
71.8	1.79946e-06
71.9	1.78066e-06
72	1.77014e-06
72.1	1.76803e-06
72.2	1.77437e-06
72.3	1.78906e-06
72.4	1.81191e-06
72.5	1.84261e-06
72.6	1.88077e-06
72.7	1.92595e-06
72.8	1.97767e-06
72.9	2.03544e-06
73	2.09875e-06
73.1	2.15573e-06
73.2	2.17451e-06
73.3	2.19361e-06
73.4	2.21302e-06
73.5	2.23274e-06
73.6	2.25275e-06
73.7	2.27306e-06
73.8	2.29365e-06
73.9	2.31451e-06
74	2.33563e-06
74.1	2.35702e-06
74.2	2.37866e-06
74.3	2.40054e-06
74.4	2.42267e-06
74.5	2.44502e-06
74.6	2.4676e-06
74.7	2.49041e-06
74.8	2.51342e-06
74.9	2.53665e-06
75	2.56008e-06
75.1	2.5837e-06
75.2	2.60752e-06
75.3	2.63152e-06
75.4	2.6557e-06
75.5	2.68006e-06
75.6	2.70459e-06
75.7	2.72929e-06
75.8	2.75416e-06
75.9	2.77918e-06
76	2.74703e-06
76.1	2.68023e-06
76.2	2.61469e-06
76.3	2.55051e-06
76.4	2.48778e-06
76.5	2.42663e-06
76.6	2.36718e-06
76.7	2.30955e-06
76.8	2.25389e-06
76.9	2.20035e-06
77	2.14909e-06
77.1	2.10026e-06
77.2	2.05405e-06
77.3	2.01064e-06
77.4	1.97021e-06
77.5	1.93295e-06
77.6	1.89904e-06
77.7	1.86867e-06
77.8	1.84201e-06
77.9	1.81923e-06
78	1.80046e-06
78.1	1.78585e-06
78.2	1.77549e-06
78.3	1.769e-06
78.4	1.76811e-06
78.5	1.77301e-06
78.6	1.78363e-06
78.7	1.79989e-06
78.8	1.82163e-06
78.9	1.84866e-06
79	1.88075e-06
79.1	1.91765e-06
79.2	1.95908e-06
79.3	2.00477e-06
79.4	2.05442e-06
79.5	2.10776e-06
79.6	2.16453e-06
79.7	2.22444e-06
79.8	2.28726e-06
79.9	2.35276e-06
80	2.42072e-06
80.1	2.49093e-06
80.2	2.56321e-06
80.3	2.63739e-06
80.4	2.65102e-06
80.5	2.63904e-06
80.6	2.62711e-06
80.7	2.61522e-06
80.8	2.60337e-06
80.9	2.59157e-06
81	2.57982e-06
81.1	2.56812e-06
81.2	2.55646e-06
81.3	2.54485e-06
81.4	2.53329e-06
81.5	2.52178e-06
81.6	2.51032e-06
81.7	2.49891e-06
81.8	2.48756e-06
81.9	2.47625e-06
82	2.465e-06
82.1	2.45381e-06
82.2	2.44266e-06
82.3	2.43158e-06
82.4	2.42055e-06
82.5	2.40958e-06
82.6	2.39866e-06
82.7	2.38781e-06
82.8	2.37701e-06
82.9	2.36628e-06
83	2.3556e-06
83.1	2.34499e-06
83.2	2.33444e-06
83.3	2.31078e-06
83.4	2.23609e-06
83.5	2.16534e-06
83.6	2.09894e-06
83.7	2.03732e-06
83.8	1.98092e-06
83.9	1.93021e-06
84	1.88562e-06
84.1	1.84763e-06
84.2	1.81662e-06
84.3	1.79298e-06
84.4	1.77698e-06
84.5	1.76885e-06
84.6	1.76868e-06
84.7	1.77649e-06
84.8	1.79216e-06
84.9	1.81549e-06
85	1.8462e-06
85.1	1.88391e-06
85.2	1.92465e-06
85.3	1.9484e-06
85.4	1.97358e-06
85.5	2.00014e-06
85.6	2.02802e-06
85.7	2.05717e-06
85.8	2.08754e-06
85.9	2.11907e-06
86	2.15172e-06
86.1	2.18543e-06
86.2	2.22015e-06
86.3	2.25584e-06
86.4	2.29245e-06
86.5	2.32994e-06
86.6	2.36827e-06
86.7	2.40739e-06
86.8	2.44728e-06
86.9	2.48789e-06
87	2.52918e-06
87.1	2.57113e-06
87.2	2.6137e-06
87.3	2.65687e-06
87.4	2.7006e-06
87.5	2.74486e-06
87.6	2.78964e-06
87.7	2.83491e-06
87.8	2.88064e-06
87.9	2.84047e-06
88	2.79047e-06
88.1	2.74106e-06
88.2	2.69228e-06
88.3	2.64415e-06
88.4	2.59673e-06
88.5	2.55004e-06
88.6	2.50413e-06
88.7	2.45905e-06
88.8	2.41483e-06
88.9	2.37152e-06
89	2.32919e-06
89.1	2.28787e-06
89.2	2.24763e-06
89.3	2.20853e-06
89.4	2.17063e-06
89.5	2.13399e-06
89.6	2.09867e-06
89.7	2.06475e-06
89.8	2.0323e-06
89.9	2.00139e-06
90	1.97208e-06
90.1	1.94445e-06
90.2	1.91858e-06
90.3	1.89454e-06
90.4	1.86723e-06
90.5	1.83304e-06
90.6	1.80573e-06
90.7	1.78562e-06
90.8	1.77294e-06
90.9	1.76787e-06
91	1.77046e-06
91.1	1.78068e-06
91.2	1.7984e-06
91.3	1.8234e-06
91.4	1.8554e-06
91.5	1.89402e-06
91.6	1.93889e-06
91.7	1.98957e-06
91.8	2.04563e-06
91.9	2.10664e-06
92	2.1722e-06
92.1	2.24189e-06
92.2	2.31534e-06
92.3	2.39222e-06
92.4	2.40054e-06
92.5	2.40722e-06
92.6	2.41393e-06
92.7	2.42065e-06
92.8	2.4274e-06
92.9	2.43417e-06
93	2.44096e-06
93.1	2.44777e-06
93.2	2.4546e-06
93.3	2.46146e-06
93.4	2.46833e-06
93.5	2.47522e-06
93.6	2.48214e-06
93.7	2.48907e-06
93.8	2.49602e-06
93.9	2.503e-06
94	2.50999e-06
94.1	2.517e-06
94.2	2.52403e-06
94.3	2.53108e-06
94.4	2.53814e-06
94.5	2.54523e-06
94.6	2.55234e-06
94.7	2.55946e-06
94.8	2.5666e-06
94.9	2.57376e-06
95	2.58094e-06
95.1	2.58813e-06
95.2	2.59534e-06
95.3	2.5791e-06
95.4	2.50329e-06
95.5	2.42971e-06
95.6	2.35855e-06
95.7	2.29005e-06
95.8	2.22444e-06
95.9	2.16201e-06
96	2.10301e-06
96.1	2.04777e-06
96.2	1.99657e-06
96.3	1.94975e-06
96.4	1.90763e-06
96.5	1.87052e-06
96.6	1.83873e-06
96.7	1.81253e-06
96.8	1.79218e-06
96.9	1.77787e-06
97	1.76975e-06
97.1	1.7679e-06
97.2	1.77235e-06
97.3	1.78305e-06
97.4	1.79712e-06
97.5	1.81381e-06
97.6	1.83407e-06
97.7	1.85778e-06
97.8	1.88482e-06
97.9	1.91504e-06
98	1.9483e-06
98.1	1.98444e-06
98.2	2.02331e-06
98.3	2.06475e-06
98.4	2.10862e-06
98.5	2.15476e-06
98.6	2.20303e-06
98.7	2.2533e-06
98.8	2.30543e-06
98.9	2.3593e-06
99	2.4148e-06
99.1	2.47181e-06
99.2	2.53023e-06
99.3	2.58997e-06
99.4	2.65094e-06
99.5	2.71305e-06
99.6	2.77623e-06
99.7	2.81845e-06
99.8	2.78838e-06
99.9	2.75852e-06
100	2.72889e-06
100.1	2.69949e-06
100.2	2.67033e-06
100.3	2.64141e-06
100.4	2.61275e-06
100.5	2.58436e-06
100.6	2.55623e-06
100.7	2.52839e-06
100.8	2.50083e-06
100.9	2.47358e-06
101	2.44663e-06
101.1	2.42001e-06
101.2	2.39371e-06
101.3	2.36776e-06
101.4	2.34217e-06
101.5	2.31693e-06
101.6	2.29208e-06
101.7	2.26761e-06
101.8	2.24355e-06
101.9	2.2199e-06
102	2.19668e-06
102.1	2.17391e-06
102.2	2.15159e-06
102.3	2.12974e-06
102.4	2.10837e-06
102.5	2.08279e-06
102.6	2.02071e-06
102.7	1.96431e-06
102.8	1.91409e-06
102.9	1.87056e-06
103	1.83418e-06
103.1	1.80538e-06
103.2	1.78455e-06
103.3	1.77195e-06
103.4	1.76777e-06
103.5	1.77206e-06
103.6	1.78475e-06
103.7	1.80569e-06
103.8	1.83457e-06
103.9	1.87104e-06
104	1.91467e-06
104.1	1.96496e-06
104.2	2.02143e-06
104.3	2.08358e-06
104.4	2.12794e-06
104.5	2.14808e-06
104.6	2.16862e-06
104.7	2.18955e-06
104.8	2.21087e-06
104.9	2.23256e-06
105	2.2546e-06
105.1	2.277e-06
105.2	2.29973e-06
105.3	2.32279e-06
105.4	2.34618e-06
105.5	2.36987e-06
105.6	2.39387e-06
105.7	2.41815e-06
105.8	2.44272e-06
105.9	2.46757e-06
106	2.49268e-06
106.1	2.51805e-06
106.2	2.54367e-06
106.3	2.56954e-06
106.4	2.59564e-06
106.5	2.62197e-06
106.6	2.64852e-06
106.7	2.67529e-06
106.8	2.70226e-06
106.9	2.72944e-06
107	2.75682e-06
107.1	2.78439e-06
107.2	2.80176e-06
107.3	2.73619e-06
107.4	2.67172e-06
107.5	2.60843e-06
107.6	2.54643e-06
107.7	2.48581e-06
107.8	2.42666e-06
107.9	2.3691e-06
108	2.31324e-06
108.1	2.25922e-06
108.2	2.20717e-06
108.3	2.15723e-06
108.4	2.10955e-06
108.5	2.06429e-06
108.6	2.02161e-06
108.7	1.98167e-06
108.8	1.94465e-06
108.9	1.91071e-06
109	1.88003e-06
109.1	1.85276e-06
109.2	1.82905e-06
109.3	1.80906e-06
109.4	1.79289e-06
109.5	1.78065e-06
109.6	1.7712e-06
109.7	1.76778e-06
109.8	1.77041e-06
109.9	1.77908e-06
110	1.79369e-06
110.1	1.81409e-06
110.2	1.84011e-06
110.3	1.87149e-06
110.4	1.90799e-06
110.5	1.9493e-06
110.6	1.99513e-06
110.7	2.04518e-06
110.8	2.09915e-06
110.9	2.15674e-06
111	2.21767e-06
111.1	2.28167e-06
111.2	2.34849e-06
111.3	2.4179e-06
111.4	2.48967e-06
111.5	2.56362e-06
111.6	2.6277e-06
111.7	2.61823e-06
111.8	2.60879e-06
111.9	2.59938e-06
112	2.59e-06
112.1	2.58065e-06
112.2	2.57133e-06
112.3	2.56203e-06
112.4	2.55277e-06
112.5	2.54354e-06
112.6	2.53434e-06
112.7	2.52517e-06
112.8	2.51604e-06
112.9	2.50693e-06
113	2.49786e-06
113.1	2.48882e-06
113.2	2.47982e-06
113.3	2.47084e-06
113.4	2.46191e-06
113.5	2.453e-06
113.6	2.44413e-06
113.7	2.4353e-06
113.8	2.4265e-06
113.9	2.41774e-06
114	2.40902e-06
114.1	2.40033e-06
114.2	2.39168e-06
114.3	2.38306e-06
114.4	2.37448e-06
114.5	2.36595e-06
114.6	2.32188e-06
114.7	2.24737e-06
114.8	2.17668e-06
114.9	2.11019e-06
115	2.0483e-06
115.1	1.99145e-06
115.2	1.94008e-06
115.3	1.89463e-06
115.4	1.85555e-06
115.5	1.82323e-06
115.6	1.79805e-06
115.7	1.78031e-06
115.8	1.77023e-06
115.9	1.76794e-06
116	1.77347e-06
116.1	1.78675e-06
116.2	1.80761e-06
116.3	1.83579e-06
116.4	1.87096e-06
116.5	1.90569e-06
116.6	1.92947e-06
116.7	1.95488e-06
116.8	1.98187e-06
116.9	2.01038e-06
117	2.04033e-06
117.1	2.07167e-06
117.2	2.10434e-06
117.3	2.13827e-06
117.4	2.17341e-06
117.5	2.20969e-06
117.6	2.24706e-06
117.7	2.28548e-06
117.8	2.32488e-06
117.9	2.36522e-06
118	2.40645e-06
118.1	2.44852e-06
118.2	2.4914e-06
118.3	2.53504e-06
118.4	2.5794e-06
118.5	2.62445e-06
118.6	2.67015e-06
118.7	2.71647e-06
118.8	2.76338e-06
118.9	2.81084e-06
119	2.85884e-06
119.1	2.86635e-06
119.2	2.81853e-06
119.3	2.77122e-06
119.4	2.72446e-06
119.5	2.67828e-06
119.6	2.63271e-06
119.7	2.58778e-06
119.8	2.54351e-06
119.9	2.49996e-06
120	2.45715e-06
120.1	2.41513e-06
120.2	2.37394e-06
120.3	2.33362e-06
120.4	2.29421e-06
120.5	2.25577e-06
120.6	2.21835e-06
120.7	2.18199e-06
120.8	2.14676e-06
120.9	2.11271e-06
121	2.07989e-06
121.1	2.04837e-06
121.2	2.0182e-06
121.3	1.98945e-06
121.4	1.96218e-06
121.5	1.93646e-06
121.6	1.91234e-06
121.7	1.88043e-06
121.8	1.8436e-06
121.9	1.81368e-06
122	1.79103e-06
122.1	1.77591e-06
122.2	1.76853e-06
122.3	1.76899e-06
122.4	1.77727e-06
122.5	1.79326e-06
122.6	1.81677e-06
122.7	1.8475e-06
122.8	1.88511e-06
122.9	1.92918e-06
123	1.9793e-06
123.1	2.03501e-06
123.2	2.09587e-06
123.3	2.16143e-06
123.4	2.2313e-06
123.5	2.30507e-06
123.6	2.3609e-06
123.7	2.36964e-06
123.8	2.37841e-06
123.9	2.38723e-06
124	2.39609e-06
124.1	2.40498e-06
124.2	2.41392e-06
124.3	2.42289e-06
124.4	2.4319e-06
124.5	2.44095e-06
124.6	2.45004e-06
124.7	2.45916e-06
124.8	2.46832e-06
124.9	2.47752e-06
125	2.48675e-06
125.1	2.49601e-06
125.2	2.50531e-06
125.3	2.51465e-06
125.4	2.52402e-06
125.5	2.53342e-06
125.6	2.54286e-06
125.7	2.55233e-06
125.8	2.56183e-06
125.9	2.57136e-06
126	2.58093e-06
126.1	2.59052e-06
126.2	2.60015e-06
126.3	2.60981e-06
126.4	2.6195e-06
126.5	2.62922e-06
126.6	2.57916e-06
126.7	2.50495e-06
126.8	2.43286e-06
126.9	2.36309e-06
127	2.29585e-06
127.1	2.23136e-06
127.2	2.16988e-06
127.3	2.11166e-06
127.4	2.05698e-06
127.5	2.00613e-06
127.6	1.95941e-06
127.7	1.91713e-06
127.8	1.87957e-06
127.9	1.84704e-06
128	1.81979e-06
128.1	1.79807e-06
128.2	1.78208e-06
128.3	1.77198e-06
128.4	1.76787e-06
128.5	1.76978e-06
128.6	1.77771e-06
128.7	1.7893e-06
128.8	1.8045e-06
128.9	1.82359e-06
129	1.84644e-06
129.1	1.87292e-06
129.2	1.90288e-06
129.3	1.93615e-06
129.4	1.97257e-06
129.5	2.01197e-06
129.6	2.05417e-06
129.7	2.09901e-06
129.8	2.14632e-06
129.9	2.19593e-06
130	2.24771e-06
130.1	2.3015e-06
130.2	2.35716e-06
130.3	2.41457e-06
130.4	2.4736e-06
130.5	2.53414e-06
130.6	2.59609e-06
130.7	2.65934e-06
130.8	2.72381e-06
130.9	2.78941e-06
131	2.78697e-06
131.1	2.75964e-06
131.2	2.73249e-06
131.3	2.70554e-06
131.4	2.67879e-06
131.5	2.65224e-06
131.6	2.6259e-06
131.7	2.59978e-06
131.8	2.57389e-06
131.9	2.54822e-06
132	2.52279e-06
132.1	2.49761e-06
132.2	2.47268e-06
132.3	2.44801e-06
132.4	2.42361e-06
132.5	2.39948e-06
132.6	2.37564e-06
132.7	2.35209e-06
132.8	2.32884e-06
132.9	2.30591e-06
133	2.28329e-06
133.1	2.26101e-06
133.2	2.23907e-06
133.3	2.21747e-06
133.4	2.19624e-06
133.5	2.17538e-06
133.6	2.1549e-06
133.7	2.13481e-06
133.8	2.0987e-06
133.9	2.03531e-06
134	1.97749e-06
134.1	1.92573e-06
134.2	1.88052e-06
134.3	1.84236e-06
134.4	1.81168e-06
134.5	1.78888e-06
134.6	1.77425e-06
134.7	1.76801e-06
134.8	1.77023e-06
134.9	1.78089e-06
135	1.79983e-06
135.1	1.8268e-06
135.2	1.86145e-06
135.3	1.90337e-06
135.4	1.95207e-06
135.5	2.00708e-06
135.6	2.06788e-06
135.7	2.10138e-06
135.8	2.12276e-06
135.9	2.14464e-06
136	2.167e-06
136.1	2.18984e-06
136.2	2.21312e-06
136.3	2.23685e-06
136.4	2.26101e-06
136.5	2.28557e-06
136.6	2.31054e-06
136.7	2.33589e-06
136.8	2.36162e-06
136.9	2.38771e-06
137	2.41415e-06
137.1	2.44093e-06
137.2	2.46804e-06
137.3	2.49547e-06
137.4	2.5232e-06
137.5	2.55123e-06
137.6	2.57955e-06
137.7	2.60814e-06
137.8	2.63701e-06
137.9	2.66613e-06
138	2.69551e-06
138.1	2.72513e-06
138.2	2.75498e-06
138.3	2.78507e-06
138.4	2.81537e-06
138.5	2.78803e-06
138.6	2.72489e-06
138.7	2.66279e-06
138.8	2.60181e-06
138.9	2.54204e-06
139	2.48356e-06
139.1	2.42645e-06
139.2	2.37083e-06
139.3	2.3168e-06
139.4	2.26448e-06
139.5	2.21397e-06
139.6	2.16542e-06
139.7	2.11895e-06
139.8	2.07471e-06
139.9	2.03284e-06
140	1.99349e-06
140.1	1.95681e-06
140.2	1.92295e-06
140.3	1.89207e-06
140.4	1.86432e-06
140.5	1.83983e-06
140.6	1.81874e-06
140.7	1.80117e-06
140.8	1.78669e-06
140.9	1.77443e-06
141	1.76841e-06
141.1	1.76872e-06
141.2	1.77533e-06
141.3	1.78819e-06
141.4	1.80715e-06
141.5	1.83204e-06
141.6	1.86261e-06
141.7	1.89858e-06
141.8	1.93966e-06
141.9	1.98554e-06
142	2.03587e-06
142.1	2.09035e-06
142.2	2.14866e-06
142.3	2.2105e-06
142.4	2.27557e-06
142.5	2.34361e-06
142.6	2.41437e-06
142.7	2.48762e-06
142.8	2.56313e-06
142.9	2.59342e-06
143	2.58645e-06
143.1	2.5795e-06
143.2	2.57257e-06
143.3	2.56566e-06
143.4	2.55876e-06
143.5	2.55188e-06
143.6	2.54501e-06
143.7	2.53817e-06
143.8	2.53134e-06
143.9	2.52452e-06
144	2.51773e-06
144.1	2.51095e-06
144.2	2.50419e-06
144.3	2.49745e-06
144.4	2.49073e-06
144.5	2.48403e-06
144.6	2.47734e-06
144.7	2.47067e-06
144.8	2.46403e-06
144.9	2.4574e-06
145	2.45079e-06
145.1	2.4442e-06
145.2	2.43763e-06
145.3	2.43107e-06
145.4	2.42454e-06
145.5	2.41803e-06
145.6	2.41154e-06
145.7	2.40507e-06
145.8	2.39861e-06
145.9	2.33197e-06
146	2.25782e-06
146.1	2.18735e-06
146.2	2.12093e-06
146.3	2.05893e-06
146.4	2.00179e-06
146.5	1.94991e-06
146.6	1.90374e-06
146.7	1.8637e-06
146.8	1.83019e-06
146.9	1.80357e-06
147	1.78415e-06
147.1	1.77217e-06
147.2	1.76779e-06
147.3	1.77105e-06
147.4	1.78191e-06
147.5	1.80025e-06
147.6	1.82582e-06
147.7	1.85834e-06
147.8	1.88807e-06
147.9	1.91171e-06
148	1.93721e-06
148.1	1.9645e-06
148.2	1.99351e-06
148.3	2.02416e-06
148.4	2.05639e-06
148.5	2.09011e-06
148.6	2.12527e-06
148.7	2.16178e-06
148.8	2.19957e-06
148.9	2.2386e-06
149	2.27878e-06
149.1	2.32007e-06
149.2	2.3624e-06
149.3	2.40572e-06
149.4	2.44997e-06
149.5	2.49511e-06
149.6	2.54109e-06
149.7	2.58786e-06
149.8	2.63539e-06
149.9	2.68363e-06
150	2.73254e-06
150.1	2.78209e-06
150.2	2.83224e-06
150.3	2.88297e-06
150.4	2.84188e-06
150.5	2.79679e-06
150.6	2.75218e-06
150.7	2.70807e-06
150.8	2.66449e-06
150.9	2.62147e-06
151	2.57902e-06
151.1	2.53718e-06
151.2	2.49599e-06
151.3	2.45547e-06
151.4	2.41566e-06
151.5	2.37659e-06
151.6	2.3383e-06
151.7	2.30083e-06
151.8	2.26422e-06
151.9	2.22851e-06
152	2.19374e-06
152.1	2.15997e-06
152.2	2.12724e-06
152.3	2.09559e-06
152.4	2.06509e-06
152.5	2.03577e-06
152.6	2.00769e-06
152.7	1.98091e-06
152.8	1.95547e-06
152.9	1.93144e-06
153	1.89394e-06
153.1	1.85457e-06
153.2	1.82213e-06
153.3	1.797e-06
153.4	1.77948e-06
153.5	1.7698e-06
153.6	1.7681e-06
153.7	1.77438e-06
153.8	1.78858e-06
153.9	1.81049e-06
154	1.83986e-06
154.1	1.87632e-06
154.2	1.91947e-06
154.3	1.96888e-06
154.4	2.02408e-06
154.5	2.08461e-06
154.6	2.15003e-06
154.7	2.21991e-06
154.8	2.29383e-06
154.9	2.3291e-06
155	2.33983e-06
155.1	2.35063e-06
155.2	2.3615e-06
155.3	2.37243e-06
155.4	2.38342e-06
155.5	2.39448e-06
155.6	2.4056e-06
155.7	2.41677e-06
155.8	2.42801e-06
155.9	2.43931e-06
156	2.45066e-06
156.1	2.46208e-06
156.2	2.47355e-06
156.3	2.48507e-06
156.4	2.49665e-06
156.5	2.50828e-06
156.6	2.51997e-06
156.7	2.53171e-06
156.8	2.5435e-06
156.9	2.55535e-06
157	2.56724e-06
157.1	2.57919e-06
157.2	2.59118e-06
157.3	2.60322e-06
157.4	2.61531e-06
157.5	2.62745e-06
157.6	2.63963e-06
157.7	2.65186e-06
157.8	2.65267e-06
157.9	2.57829e-06
158	2.50578e-06
158.1	2.43529e-06
158.2	2.36701e-06
158.3	2.30113e-06
158.4	2.23786e-06
158.5	2.17744e-06
158.6	2.12009e-06
158.7	2.06609e-06
158.8	2.0157e-06
158.9	1.9692e-06
159	1.92686e-06
159.1	1.88898e-06
159.2	1.85581e-06
159.3	1.82762e-06
159.4	1.80465e-06
159.5	1.78709e-06
159.6	1.7751e-06
159.7	1.76879e-06
159.8	1.76824e-06
159.9	1.77343e-06
160	1.78275e-06
160.1	1.79632e-06
160.2	1.81409e-06
160.3	1.83594e-06
160.4	1.86174e-06
160.5	1.89131e-06
160.6	1.92448e-06
160.7	1.96108e-06
160.8	2.00091e-06
160.9	2.04378e-06
161	2.08952e-06
161.1	2.13792e-06
161.2	2.18882e-06
161.3	2.24205e-06
161.4	2.29744e-06
161.5	2.35485e-06
161.6	2.41412e-06
161.7	2.47513e-06
161.8	2.53774e-06
161.9	2.60185e-06
162	2.66734e-06
162.1	2.73412e-06
162.2	2.78103e-06
162.3	2.75625e-06
162.4	2.73163e-06
162.5	2.70716e-06
162.6	2.68286e-06
162.7	2.65873e-06
162.8	2.63477e-06
162.9	2.61099e-06
163	2.58739e-06
163.1	2.56397e-06
163.2	2.54075e-06
163.3	2.51773e-06
163.4	2.49491e-06
163.5	2.47229e-06
163.6	2.4499e-06
163.7	2.42772e-06
163.8	2.40577e-06
163.9	2.38405e-06
164	2.36257e-06
164.1	2.34133e-06
164.2	2.32035e-06
164.3	2.29963e-06
164.4	2.27917e-06
164.5	2.25899e-06
164.6	2.23909e-06
164.7	2.21947e-06
164.8	2.20016e-06
164.9	2.18114e-06
165	2.16244e-06
165.1	2.11403e-06
165.2	2.04953e-06
165.3	1.99046e-06
165.4	1.93731e-06
165.5	1.89059e-06
165.6	1.85077e-06
165.7	1.81832e-06
165.8	1.79363e-06
165.9	1.77704e-06
166	1.76875e-06
166.1	1.7689e-06
166.2	1.77748e-06
166.3	1.79436e-06
166.4	1.81933e-06
166.5	1.85204e-06
166.6	1.8921e-06
166.7	1.93906e-06
166.8	1.99242e-06
166.9	2.05169e-06
167	2.076e-06
167.1	2.09851e-06
167.2	2.12163e-06
167.3	2.14534e-06
167.4	2.16961e-06
167.5	2.19443e-06
167.6	2.21978e-06
167.7	2.24564e-06
167.8	2.272e-06
167.9	2.29883e-06
168	2.32613e-06
168.1	2.35387e-06
168.2	2.38205e-06
168.3	2.41063e-06
168.4	2.43962e-06
168.5	2.46899e-06
168.6	2.49874e-06
168.7	2.52884e-06
168.8	2.55929e-06
168.9	2.59007e-06
169	2.62118e-06
169.1	2.6526e-06
169.2	2.68432e-06
169.3	2.71633e-06
169.4	2.74861e-06
169.5	2.78117e-06
169.6	2.81399e-06
169.7	2.83551e-06
169.8	2.77391e-06
169.9	2.71324e-06
170	2.65355e-06
170.1	2.59491e-06
170.2	2.53741e-06
170.3	2.4811e-06
170.4	2.42609e-06
170.5	2.37245e-06
170.6	2.32029e-06
170.7	2.2697e-06
170.8	2.22079e-06
170.9	2.17368e-06
171	2.12849e-06
171.1	2.08534e-06
171.2	2.04436e-06
171.3	2.00568e-06
171.4	1.96944e-06
171.5	1.93577e-06
171.6	1.90482e-06
171.7	1.87671e-06
171.8	1.85158e-06
171.9	1.82955e-06
172	1.81073e-06
172.1	1.79372e-06
172.2	1.77862e-06
172.3	1.76997e-06
172.4	1.76788e-06
172.5	1.77236e-06
172.6	1.78338e-06
172.7	1.8008e-06
172.8	1.82445e-06
172.9	1.85409e-06
173	1.88943e-06
173.1	1.93017e-06
173.2	1.97596e-06
173.3	2.02647e-06
173.4	2.08135e-06
173.5	2.14027e-06
173.6	2.2029e-06
173.7	2.26893e-06
173.8	2.33808e-06
173.9	2.41008e-06
174	2.48468e-06
174.1	2.56166e-06
174.2	2.56019e-06
174.3	2.55568e-06
174.4	2.55117e-06
174.5	2.54668e-06
174.6	2.54219e-06
174.7	2.5377e-06
174.8	2.53323e-06
174.9	2.52876e-06
175	2.5243e-06
175.1	2.51985e-06
175.2	2.5154e-06
175.3	2.51097e-06
175.4	2.50654e-06
175.5	2.50212e-06
175.6	2.4977e-06
175.7	2.4933e-06
175.8	2.4889e-06
175.9	2.48451e-06
176	2.48013e-06
176.1	2.47575e-06
176.2	2.47139e-06
176.3	2.46703e-06
176.4	2.46268e-06
176.5	2.45834e-06
176.6	2.454e-06
176.7	2.44968e-06
176.8	2.44536e-06
176.9	2.44105e-06
177	2.43675e-06
177.1	2.41794e-06
177.2	2.3411e-06
177.3	2.26747e-06
177.4	2.19737e-06
177.5	2.13117e-06
177.6	2.06922e-06
177.7	2.01192e-06
177.8	1.95969e-06
177.9	1.91293e-06
178	1.87206e-06
178.1	1.83747e-06
178.2	1.80951e-06
178.3	1.78851e-06
178.4	1.7747e-06
178.5	1.76826e-06
178.6	1.76927e-06
178.7	1.77771e-06
178.8	1.79348e-06
178.9	1.81638e-06
179	1.84616e-06
179.1	1.87175e-06
179.2	1.89509e-06
179.3	1.92053e-06
179.4	1.94799e-06
179.5	1.97739e-06
179.6	2.00864e-06
179.7	2.04167e-06
179.8	2.07637e-06
179.9	2.11268e-06
180	2.1505e-06
180.1	2.18977e-06
180.2	2.2304e-06
180.3	2.27232e-06
180.4	2.31547e-06
180.5	2.35977e-06
180.6	2.40516e-06
180.7	2.45158e-06
180.8	2.49897e-06
180.9	2.54728e-06
181	2.59646e-06
181.1	2.64646e-06
181.2	2.69723e-06
181.3	2.74873e-06
181.4	2.80092e-06
181.5	2.85376e-06
181.6	2.86047e-06
181.7	2.81769e-06
181.8	2.77534e-06
181.9	2.73341e-06
182	2.69195e-06
182.1	2.65096e-06
182.2	2.61048e-06
182.3	2.57052e-06
182.4	2.53111e-06
182.5	2.49228e-06
182.6	2.45405e-06
182.7	2.41645e-06
182.8	2.37951e-06
182.9	2.34327e-06
183	2.30775e-06
183.1	2.273e-06
183.2	2.23904e-06
183.3	2.20591e-06
183.4	2.17365e-06
183.5	2.1423e-06
183.6	2.1119e-06
183.7	2.08249e-06
183.8	2.05412e-06
183.9	2.02682e-06
184	2.00065e-06
184.1	1.97564e-06
184.2	1.95185e-06
184.3	1.90768e-06
184.4	1.86589e-06
184.5	1.83103e-06
184.6	1.80349e-06
184.7	1.78361e-06
184.8	1.77165e-06
184.9	1.76777e-06
185	1.77202e-06
185.1	1.78435e-06
185.2	1.80459e-06
185.3	1.83247e-06
185.4	1.86766e-06
185.5	1.90976e-06
185.6	1.9583e-06
185.7	2.01284e-06
185.8	2.0729e-06
185.9	2.138e-06
186	2.20771e-06
186.1	2.28161e-06
186.2	2.29845e-06
186.3	2.31111e-06
186.4	2.32386e-06
186.5	2.33671e-06
186.6	2.34966e-06
186.7	2.3627e-06
186.8	2.37583e-06
186.9	2.38905e-06
187	2.40236e-06
187.1	2.41576e-06
187.2	2.42925e-06
187.3	2.44282e-06
187.4	2.45647e-06
187.5	2.47021e-06
187.6	2.48402e-06
187.7	2.49792e-06
187.8	2.51189e-06
187.9	2.52594e-06
188	2.54007e-06
188.1	2.55427e-06
188.2	2.56854e-06
188.3	2.58289e-06
188.4	2.5973e-06
188.5	2.61179e-06
188.6	2.62634e-06
188.7	2.64096e-06
188.8	2.65565e-06
188.9	2.6704e-06
189	2.68521e-06
189.1	2.6491e-06
189.2	2.5766e-06
189.3	2.50588e-06
189.4	2.43708e-06
189.5	2.37038e-06
189.6	2.30595e-06
189.7	2.244e-06
189.8	2.18472e-06
189.9	2.12836e-06
190	2.07513e-06
190.1	2.0253e-06
190.2	1.97912e-06
190.3	1.93684e-06
190.4	1.89874e-06
190.5	1.86506e-06
190.6	1.83604e-06
190.7	1.81192e-06
190.8	1.79289e-06
190.9	1.77912e-06
191	1.77072e-06
191.1	1.76777e-06
191.2	1.77027e-06
191.3	1.77744e-06
191.4	1.78923e-06
191.5	1.80554e-06
191.6	1.82626e-06
191.7	1.85124e-06
191.8	1.88031e-06
191.9	1.91327e-06
192	1.94994e-06
192.1	1.99011e-06
192.2	2.03357e-06
192.3	2.08012e-06
192.4	2.12954e-06
192.5	2.18166e-06
192.6	2.23627e-06
192.7	2.29321e-06
192.8	2.3523e-06
192.9	2.41338e-06
193	2.4763e-06
193.1	2.54094e-06
193.2	2.60716e-06
193.3	2.67484e-06
193.4	2.74388e-06
193.5	2.7484e-06
193.6	2.72632e-06
193.7	2.70438e-06
193.8	2.68256e-06
193.9	2.66089e-06
194	2.63935e-06
194.1	2.61795e-06
194.2	2.5967e-06
194.3	2.57559e-06
194.4	2.55464e-06
194.5	2.53385e-06
194.6	2.51321e-06
194.7	2.49275e-06
194.8	2.47245e-06
194.9	2.45232e-06
195	2.43237e-06
195.1	2.4126e-06
195.2	2.39302e-06
195.3	2.37363e-06
195.4	2.35443e-06
195.5	2.33544e-06
195.6	2.31664e-06
195.7	2.29806e-06
195.8	2.2797e-06
195.9	2.26155e-06
196	2.24363e-06
196.1	2.22595e-06
196.2	2.20849e-06
196.3	2.19129e-06
196.4	2.12874e-06
196.5	2.06331e-06
196.6	2.00317e-06
196.7	1.9488e-06
196.8	1.90071e-06
196.9	1.85938e-06
197	1.82527e-06
197.1	1.79879e-06
197.2	1.78029e-06
197.3	1.77e-06
197.4	1.76808e-06
197.5	1.77454e-06
197.6	1.78931e-06
197.7	1.81218e-06
197.8	1.84285e-06
197.9	1.88092e-06
198	1.92598e-06
198.1	1.97753e-06
198.2	2.02903e-06
198.3	2.0518e-06
198.4	2.07532e-06
198.5	2.09957e-06
198.6	2.12452e-06
198.7	2.15015e-06
198.8	2.17644e-06
198.9	2.20335e-06
199	2.23087e-06
199.1	2.25898e-06
199.2	2.28765e-06
199.3	2.31686e-06
199.4	2.3466e-06
199.5	2.37684e-06
199.6	2.40756e-06
199.7	2.43875e-06
199.8	2.47039e-06
199.9	2.50246e-06
200	2.53494e-06
200.1	2.56782e-06
200.2	2.60109e-06
200.3	2.63472e-06
200.4	2.66871e-06
200.5	2.70305e-06
200.6	2.73771e-06
200.7	2.77269e-06
200.8	2.80797e-06
200.9	2.84355e-06
201	2.81855e-06
201.1	2.7595e-06
201.2	2.70133e-06
201.3	2.64408e-06
201.4	2.58782e-06
201.5	2.5326e-06
201.6	2.47851e-06
201.7	2.42562e-06
201.8	2.374e-06
201.9	2.32374e-06
202	2.27494e-06
202.1	2.22768e-06
202.2	2.18207e-06
202.3	2.13821e-06
202.4	2.09621e-06
202.5	2.0562e-06
202.6	2.01827e-06
202.7	1.98257e-06
202.8	1.9492e-06
202.9	1.91829e-06
203	1.88995e-06
203.1	1.86432e-06
203.2	1.84149e-06
203.3	1.82159e-06
203.4	1.80166e-06
203.5	1.7837e-06
203.6	1.77239e-06
203.7	1.76786e-06
203.8	1.77015e-06
203.9	1.77924e-06
204	1.79503e-06
204.1	1.81734e-06
204.2	1.84594e-06
204.3	1.88053e-06
204.4	1.9208e-06
204.5	1.96639e-06
204.6	2.01695e-06
204.7	2.07211e-06
204.8	2.13152e-06
204.9	2.19482e-06
205	2.2617e-06
205.1	2.33184e-06
205.2	2.40496e-06
205.3	2.4808e-06
205.4	2.53013e-06
205.5	2.52802e-06
205.6	2.52591e-06
205.7	2.5238e-06
205.8	2.52169e-06
205.9	2.51958e-06
206	2.51748e-06
206.1	2.51537e-06
206.2	2.51327e-06
206.3	2.51117e-06
206.4	2.50908e-06
206.5	2.50698e-06
206.6	2.50489e-06
206.7	2.50279e-06
206.8	2.5007e-06
206.9	2.49861e-06
207	2.49653e-06
207.1	2.49444e-06
207.2	2.49236e-06
207.3	2.49028e-06
207.4	2.4882e-06
207.5	2.48612e-06
207.6	2.48404e-06
207.7	2.48197e-06
207.8	2.47989e-06
207.9	2.47782e-06
208	2.47575e-06
208.1	2.47368e-06
208.2	2.47162e-06
208.3	2.46955e-06
208.4	2.42534e-06
208.5	2.34929e-06
208.6	2.27632e-06
208.7	2.20676e-06
208.8	2.14092e-06
208.9	2.07917e-06
209	2.02187e-06
209.1	1.96941e-06
209.2	1.9222e-06
209.3	1.88063e-06
209.4	1.84508e-06
209.5	1.81589e-06
209.6	1.79339e-06
209.7	1.77783e-06
209.8	1.76939e-06
209.9	1.76816e-06
210	1.77418e-06
210.1	1.78736e-06
210.2	1.80754e-06
210.3	1.83451e-06
210.4	1.85673e-06
210.5	1.8796e-06
210.6	1.90483e-06
210.7	1.93233e-06
210.8	1.962e-06
210.9	1.99375e-06
211	2.02747e-06
211.1	2.06308e-06
211.2	2.10047e-06
211.3	2.13955e-06
211.4	2.18024e-06
211.5	2.22244e-06
211.6	2.26606e-06
211.7	2.31104e-06
211.8	2.35728e-06
211.9	2.40472e-06
212	2.45329e-06
212.1	2.50292e-06
212.2	2.55355e-06
212.3	2.60513e-06
212.4	2.65759e-06
212.5	2.71088e-06
212.6	2.76496e-06
212.7	2.81979e-06
212.8	2.87427e-06
212.9	2.83389e-06
213	2.79387e-06
213.1	2.75423e-06
213.2	2.71499e-06
213.3	2.67615e-06
213.4	2.63775e-06
213.5	2.5998e-06
213.6	2.56232e-06
213.7	2.52534e-06
213.8	2.48886e-06
213.9	2.45293e-06
214	2.41755e-06
214.1	2.38276e-06
214.2	2.34858e-06
214.3	2.31503e-06
214.4	2.28216e-06
214.5	2.24998e-06
214.6	2.21852e-06
214.7	2.18783e-06
214.8	2.15792e-06
214.9	2.12884e-06
215	2.10061e-06
215.1	2.07328e-06
215.2	2.04687e-06
215.3	2.02143e-06
215.4	1.99699e-06
215.5	1.97204e-06
215.6	1.92155e-06
215.7	1.87748e-06
215.8	1.84031e-06
215.9	1.81044e-06
216	1.78826e-06
216.1	1.77405e-06
216.2	1.76799e-06
216.3	1.77019e-06
216.4	1.78059e-06
216.5	1.79907e-06
216.6	1.82537e-06
216.7	1.85917e-06
216.8	1.90006e-06
216.9	1.9476e-06
217	2.00131e-06
217.1	2.06072e-06
217.2	2.12534e-06
217.3	2.19471e-06
217.4	2.25459e-06
217.5	2.26894e-06
217.6	2.28344e-06
217.7	2.29807e-06
217.8	2.31284e-06
217.9	2.32774e-06
218	2.34278e-06
218.1	2.35794e-06
218.2	2.37323e-06
218.3	2.38864e-06
218.4	2.40418e-06
218.5	2.41983e-06
218.6	2.4356e-06
218.7	2.45149e-06
218.8	2.46749e-06
218.9	2.4836e-06
219	2.49981e-06
219.1	2.51613e-06
219.2	2.53256e-06
219.3	2.54909e-06
219.4	2.56571e-06
219.5	2.58244e-06
219.6	2.59926e-06
219.7	2.61617e-06
219.8	2.63318e-06
219.9	2.65028e-06
220	2.66747e-06
220.1	2.68474e-06
220.2	2.7021e-06
220.3	2.71679e-06
220.4	2.6447e-06
220.5	2.57416e-06
220.6	2.50531e-06
220.7	2.43829e-06
220.8	2.37325e-06
220.9	2.31036e-06
221	2.2498e-06
221.1	2.19178e-06
221.2	2.13648e-06
221.3	2.08413e-06
221.4	2.03495e-06
221.5	1.98919e-06
221.6	1.94708e-06
221.7	1.90886e-06
221.8	1.87478e-06
221.9	1.84506e-06
222	1.81991e-06
222.1	1.79953e-06
222.2	1.78408e-06
222.3	1.77369e-06
222.4	1.76844e-06
222.5	1.76838e-06
222.6	1.77333e-06
222.7	1.78321e-06
222.8	1.79793e-06
222.9	1.81739e-06
223	1.84143e-06
223.1	1.86986e-06
223.2	1.90251e-06
223.3	1.93914e-06
223.4	1.97955e-06
223.5	2.02351e-06
223.6	2.07078e-06
223.7	2.12115e-06
223.8	2.1744e-06
223.9	2.23033e-06
224	2.28874e-06
224.1	2.34945e-06
224.2	2.41228e-06
224.3	2.47706e-06
224.4	2.54366e-06
224.5	2.61193e-06
224.6	2.68174e-06
224.7	2.73614e-06
224.8	2.71663e-06
224.9	2.69722e-06
225	2.67792e-06
225.1	2.65872e-06
225.2	2.63963e-06
225.3	2.62065e-06
225.4	2.60179e-06
225.5	2.58304e-06
225.6	2.56442e-06
225.7	2.54591e-06
225.8	2.52753e-06
225.9	2.50928e-06
226	2.49115e-06
226.1	2.47316e-06
226.2	2.4553e-06
226.3	2.43759e-06
226.4	2.42001e-06
226.5	2.40258e-06
226.6	2.3853e-06
226.7	2.36817e-06
226.8	2.35119e-06
226.9	2.33437e-06
227	2.31772e-06
227.1	2.30122e-06
227.2	2.2849e-06
227.3	2.26875e-06
227.4	2.25277e-06
227.5	2.23698e-06
227.6	2.21365e-06
227.7	2.1428e-06
227.8	2.07662e-06
227.9	2.01558e-06
228	1.96017e-06
228.1	1.91087e-06
228.2	1.86817e-06
228.3	1.83252e-06
228.4	1.80434e-06
228.5	1.784e-06
228.6	1.77175e-06
228.7	1.76777e-06
228.8	1.77211e-06
228.9	1.78472e-06
229	1.80541e-06
229.1	1.83392e-06
229.2	1.86989e-06
229.3	1.91289e-06
229.4	1.96247e-06
229.5	2.00523e-06
229.6	2.02875e-06
229.7	2.05316e-06
229.8	2.07844e-06
229.9	2.10454e-06
230	2.13145e-06
230.1	2.15912e-06
230.2	2.18754e-06
230.3	2.21667e-06
230.4	2.24648e-06
230.5	2.27695e-06
230.6	2.30805e-06
230.7	2.33976e-06
230.8	2.37206e-06
230.9	2.40491e-06
231	2.4383e-06
231.1	2.4722e-06
231.2	2.50659e-06
231.3	2.54146e-06
231.4	2.57679e-06
231.5	2.61255e-06
231.6	2.64873e-06
231.7	2.68531e-06
231.8	2.72227e-06
231.9	2.75961e-06
232	2.7973e-06
232.1	2.83533e-06
232.2	2.8586e-06
232.3	2.80137e-06
232.4	2.74491e-06
232.5	2.68926e-06
232.6	2.63447e-06
232.7	2.5806e-06
232.8	2.52771e-06
232.9	2.47585e-06
233	2.42511e-06
233.1	2.37554e-06
233.2	2.32722e-06
233.3	2.28023e-06
233.4	2.23466e-06
233.5	2.1906e-06
233.6	2.14813e-06
233.7	2.10736e-06
233.8	2.06838e-06
233.9	2.03129e-06
234	1.99621e-06
234.1	1.96324e-06
234.2	1.93249e-06
234.3	1.90406e-06
234.4	1.87807e-06
234.5	1.8546e-06
234.6	1.83377e-06
234.7	1.8104e-06
234.8	1.78962e-06
234.9	1.77564e-06
235	1.76863e-06
235.1	1.76867e-06
235.2	1.77577e-06
235.3	1.78983e-06
235.4	1.8107e-06
235.5	1.83815e-06
235.6	1.87188e-06
235.7	1.91156e-06
235.8	1.95683e-06
235.9	2.00731e-06
236	2.06263e-06
236.1	2.12239e-06
236.2	2.18624e-06
236.3	2.25383e-06
236.4	2.32484e-06
236.5	2.39895e-06
236.6	2.4759e-06
236.7	2.49666e-06
236.8	2.4969e-06
236.9	2.49713e-06
237	2.49737e-06
237.1	2.4976e-06
237.2	2.49784e-06
237.3	2.49807e-06
237.4	2.49831e-06
237.5	2.49854e-06
237.6	2.49878e-06
237.7	2.49901e-06
237.8	2.49925e-06
237.9	2.49949e-06
238	2.49972e-06
238.1	2.49996e-06
238.2	2.50019e-06
238.3	2.50043e-06
238.4	2.50066e-06
238.5	2.5009e-06
238.6	2.50113e-06
238.7	2.50137e-06
238.8	2.5016e-06
238.9	2.50184e-06
239	2.50207e-06
239.1	2.50231e-06
239.2	2.50255e-06
239.3	2.50278e-06
239.4	2.50302e-06
239.5	2.50325e-06
239.6	2.50349e-06
239.7	2.4317e-06
239.8	2.35658e-06
239.9	2.28443e-06
240	2.21553e-06
240.1	2.1502e-06
240.2	2.08878e-06
240.3	2.03162e-06
240.4	1.97908e-06
240.5	1.93155e-06
240.6	1.8894e-06
240.7	1.853e-06
240.8	1.8227e-06
240.9	1.7988e-06
241	1.78156e-06
241.1	1.77118e-06
241.2	1.76777e-06
241.3	1.77138e-06
241.4	1.78196e-06
241.5	1.79939e-06
241.6	1.82345e-06
241.7	1.84297e-06
241.8	1.86521e-06
241.9	1.89009e-06
242	1.91749e-06
242.1	1.94731e-06
242.2	1.97945e-06
242.3	2.01378e-06
242.4	2.05021e-06
242.5	2.08861e-06
242.6	2.1289e-06
242.7	2.17095e-06
242.8	2.21466e-06
242.9	2.25996e-06
243	2.30673e-06
243.1	2.35489e-06
243.2	2.40436e-06
243.3	2.45505e-06
243.4	2.5069e-06
243.5	2.55984e-06
243.6	2.61379e-06
243.7	2.6687e-06
243.8	2.72451e-06
243.9	2.78116e-06
244	2.83861e-06
244.1	2.84536e-06
244.2	2.80775e-06
244.3	2.77047e-06
244.4	2.73354e-06
244.5	2.69695e-06
244.6	2.66074e-06
244.7	2.62492e-06
244.8	2.58949e-06
244.9	2.55448e-06
245	2.51991e-06
245.1	2.48579e-06
245.2	2.45215e-06
245.3	2.419e-06
245.4	2.38636e-06
245.5	2.35425e-06
245.6	2.3227e-06
245.7	2.29173e-06
245.8	2.26136e-06
245.9	2.23163e-06
246	2.20254e-06
246.1	2.17413e-06
246.2	2.14643e-06
246.3	2.11947e-06
246.4	2.09327e-06
246.5	2.06785e-06
246.6	2.04326e-06
246.7	2.01952e-06
246.8	1.98804e-06
246.9	1.93547e-06
247	1.88927e-06
247.1	1.8499e-06
247.2	1.81781e-06
247.3	1.7934e-06
247.4	1.77697e-06
247.5	1.76876e-06
247.6	1.76887e-06
247.7	1.7773e-06
247.8	1.79394e-06
247.9	1.81856e-06
248	1.85085e-06
248.1	1.8904e-06
248.2	1.93679e-06
248.3	1.98951e-06
248.4	2.0481e-06
248.5	2.11205e-06
248.6	2.18091e-06
248.7	2.22449e-06
248.8	2.24055e-06
248.9	2.2568e-06
249	2.27324e-06
249.1	2.28986e-06
249.2	2.30666e-06
249.3	2.32364e-06
249.4	2.34079e-06
249.5	2.35811e-06
249.6	2.3756e-06
249.7	2.39324e-06
249.8	2.41105e-06
249.9	2.429e-06
250	2.44711e-06
250.1	2.46537e-06
250.2	2.48377e-06
250.3	2.50231e-06
250.4	2.52098e-06
250.5	2.5398e-06
250.6	2.55874e-06
250.7	2.57782e-06
250.8	2.59702e-06
250.9	2.61634e-06
251	2.63579e-06
251.1	2.65535e-06
251.2	2.67503e-06
251.3	2.69482e-06
251.4	2.71472e-06
251.5	2.73473e-06
251.6	2.70956e-06
251.7	2.63957e-06
251.8	2.57107e-06
251.9	2.50416e-06
252	2.43898e-06
252.1	2.37569e-06
252.2	2.31441e-06
252.3	2.25534e-06
252.4	2.19863e-06
252.5	2.14448e-06
252.6	2.0931e-06
252.7	2.04467e-06
252.8	1.99943e-06
252.9	1.95759e-06
253	1.91937e-06
253.1	1.88499e-06
253.2	1.85468e-06
253.3	1.82862e-06
253.4	1.80701e-06
253.5	1.79001e-06
253.6	1.77774e-06
253.7	1.7703e-06
253.8	1.76777e-06
253.9	1.77038e-06
254	1.77823e-06
254.1	1.79124e-06
254.2	1.80931e-06
254.3	1.83228e-06
254.4	1.85997e-06
254.5	1.89217e-06
254.6	1.92867e-06
254.7	1.96922e-06
254.8	2.01357e-06
254.9	2.06148e-06
255	2.11271e-06
255.1	2.16702e-06
255.2	2.22419e-06
255.3	2.284e-06
255.4	2.34625e-06
255.5	2.41075e-06
255.6	2.47733e-06
255.7	2.54582e-06
255.8	2.61607e-06
255.9	2.68795e-06
256	2.7026e-06
256.1	2.68574e-06
256.2	2.66896e-06
256.3	2.65226e-06
256.4	2.63565e-06
256.5	2.61912e-06
256.6	2.60267e-06
256.7	2.58632e-06
256.8	2.57005e-06
256.9	2.55388e-06
257	2.5378e-06
257.1	2.52182e-06
257.2	2.50593e-06
257.3	2.49014e-06
257.4	2.47446e-06
257.5	2.45887e-06
257.6	2.44339e-06
257.7	2.42802e-06
257.8	2.41276e-06
257.9	2.39761e-06
258	2.38257e-06
258.1	2.36765e-06
258.2	2.35284e-06
258.3	2.33816e-06
258.4	2.3236e-06
258.5	2.30916e-06
258.6	2.29484e-06
258.7	2.28066e-06
258.8	2.26661e-06
258.9	2.22746e-06
259	2.15617e-06
259.1	2.08943e-06
259.2	2.02768e-06
259.3	1.97138e-06
259.4	1.92103e-06
259.5	1.87709e-06
259.6	1.84002e-06
259.7	1.81026e-06
259.8	1.78815e-06
259.9	1.774e-06
260	1.76799e-06
260.1	1.7702e-06
260.2	1.7806e-06
260.3	1.79905e-06
260.4	1.82531e-06
260.5	1.85905e-06
260.6	1.89986e-06
260.7	1.9473e-06
260.8	1.98271e-06
260.9	2.00683e-06
261	2.03201e-06
261.1	2.0582e-06
261.2	2.08536e-06
261.3	2.11345e-06
261.4	2.14245e-06
261.5	2.17231e-06
261.6	2.20299e-06
261.7	2.23447e-06
261.8	2.2667e-06
261.9	2.29967e-06
262	2.33333e-06
262.1	2.36766e-06
262.2	2.40263e-06
262.3	2.43822e-06
262.4	2.47438e-06
262.5	2.51111e-06
262.6	2.54837e-06
262.7	2.58615e-06
262.8	2.62441e-06
262.9	2.66315e-06
263	2.70233e-06
263.1	2.74194e-06
263.2	2.78197e-06
263.3	2.82239e-06
263.4	2.86318e-06
263.5	2.83866e-06
263.6	2.78408e-06
263.7	2.73021e-06
263.8	2.6771e-06
263.9	2.62479e-06
264	2.57333e-06
264.1	2.52278e-06
264.2	2.47319e-06
264.3	2.42461e-06
264.4	2.37712e-06
264.5	2.33077e-06
264.6	2.28564e-06
264.7	2.2418e-06
264.8	2.19932e-06
264.9	2.1583e-06
265	2.1188e-06
265.1	2.08093e-06
265.2	2.04476e-06
265.3	2.0104e-06
265.4	1.97793e-06
265.5	1.94745e-06
265.6	1.91906e-06
265.7	1.89284e-06
265.8	1.8689e-06
265.9	1.84731e-06
266	1.81988e-06
266.1	1.79629e-06
266.2	1.77965e-06
266.3	1.77015e-06
266.4	1.7679e-06
266.5	1.77294e-06
266.6	1.7852e-06
266.7	1.80454e-06
266.8	1.83072e-06
266.9	1.86347e-06
267	1.90244e-06
267.1	1.94727e-06
267.2	1.99754e-06
267.3	2.05287e-06
267.4	2.11286e-06
267.5	2.17713e-06
267.6	2.2453e-06
267.7	2.31703e-06
267.8	2.392e-06
267.9	2.46178e-06
268	2.4643e-06
268.1	2.46682e-06
268.2	2.46935e-06
268.3	2.47188e-06
268.4	2.47441e-06
268.5	2.47694e-06
268.6	2.47948e-06
268.7	2.48202e-06
268.8	2.48456e-06
268.9	2.48711e-06
269	2.48966e-06
269.1	2.49221e-06
269.2	2.49476e-06
269.3	2.49732e-06
269.4	2.49988e-06
269.5	2.50244e-06
269.6	2.505e-06
269.7	2.50757e-06
269.8	2.51014e-06
269.9	2.51271e-06
270	2.51528e-06
270.1	2.51786e-06
270.2	2.52044e-06
270.3	2.52302e-06
270.4	2.5256e-06
270.5	2.52819e-06
270.6	2.53078e-06
270.7	2.53337e-06
270.8	2.53597e-06
270.9	2.51371e-06
271	2.43707e-06
271.1	2.36302e-06
271.2	2.29181e-06
271.3	2.22372e-06
271.4	2.15904e-06
271.5	2.09808e-06
271.6	2.04118e-06
271.7	1.98869e-06
271.8	1.94097e-06
271.9	1.89837e-06
272	1.86125e-06
272.1	1.82994e-06
272.2	1.80474e-06
272.3	1.78591e-06
272.4	1.77365e-06
272.5	1.76811e-06
272.6	1.76934e-06
272.7	1.77733e-06
272.8	1.79199e-06
272.9	1.81201e-06
273	1.83046e-06
273.1	1.85191e-06
273.2	1.87628e-06
273.3	1.90345e-06
273.4	1.93331e-06
273.5	1.96572e-06
273.6	2.00057e-06
273.7	2.03773e-06
273.8	2.07708e-06
273.9	2.1185e-06
274	2.16186e-06
274.1	2.20705e-06
274.2	2.25396e-06
274.3	2.30249e-06
274.4	2.35254e-06
274.5	2.404e-06
274.6	2.4568e-06
274.7	2.51085e-06
274.8	2.56607e-06
274.9	2.62238e-06
275	2.67972e-06
275.1	2.73803e-06
275.2	2.79723e-06
275.3	2.8521e-06
275.4	2.81697e-06
275.5	2.78212e-06
275.6	2.74756e-06
275.7	2.71331e-06
275.8	2.67937e-06
275.9	2.64576e-06
276	2.6125e-06
276.1	2.57958e-06
276.2	2.54704e-06
276.3	2.51488e-06
276.4	2.48311e-06
276.5	2.45175e-06
276.6	2.42083e-06
276.7	2.39035e-06
276.8	2.36033e-06
276.9	2.33079e-06
277	2.30175e-06
277.1	2.27323e-06
277.2	2.24525e-06
277.3	2.21782e-06
277.4	2.19097e-06
277.5	2.16472e-06
277.6	2.1391e-06
277.7	2.11412e-06
277.8	2.0898e-06
277.9	2.06618e-06
278	2.04328e-06
278.1	2.00385e-06
278.2	1.94938e-06
278.3	1.90119e-06
278.4	1.85976e-06
278.5	1.82555e-06
278.6	1.79898e-06
278.7	1.7804e-06
278.8	1.77004e-06
278.9	1.76806e-06
279	1.77449e-06
279.1	1.78922e-06
279.2	1.81207e-06
279.3	1.84273e-06
279.4	1.88081e-06
279.5	1.92588e-06
279.6	1.97746e-06
279.7	2.03506e-06
279.8	2.09817e-06
279.9	2.16632e-06
280	2.19558e-06
280.1	2.21325e-06
280.2	2.23117e-06
280.3	2.24934e-06
280.4	2.26775e-06
280.5	2.28639e-06
280.6	2.30526e-06
280.7	2.32436e-06
280.8	2.34367e-06
280.9	2.36319e-06
281	2.38292e-06
281.1	2.40286e-06
281.2	2.42299e-06
281.3	2.44331e-06
281.4	2.46382e-06
281.5	2.48452e-06
281.6	2.50539e-06
281.7	2.52643e-06
281.8	2.54765e-06
281.9	2.56903e-06
282	2.59057e-06
282.1	2.61227e-06
282.2	2.63412e-06
282.3	2.65612e-06
282.4	2.67827e-06
282.5	2.70056e-06
282.6	2.72299e-06
282.7	2.74555e-06
282.8	2.76825e-06
282.9	2.70162e-06
283	2.63381e-06
283.1	2.5674e-06
283.2	2.5025e-06
283.3	2.43924e-06
283.4	2.37775e-06
283.5	2.31817e-06
283.6	2.26064e-06
283.7	2.20533e-06
283.8	2.15242e-06
283.9	2.10207e-06
284	2.05448e-06
284.1	2.00985e-06
284.2	1.96838e-06
284.3	1.93026e-06
284.4	1.89571e-06
284.5	1.86492e-06
284.6	1.83808e-06
284.7	1.81536e-06
284.8	1.79693e-06
284.9	1.78291e-06
285	1.7734e-06
285.1	1.76837e-06
285.2	1.76855e-06
285.3	1.77426e-06
285.4	1.78544e-06
285.5	1.802e-06
285.6	1.82378e-06
285.7	1.85061e-06
285.8	1.88226e-06
285.9	1.91851e-06
286	1.95908e-06
286.1	2.00373e-06
286.2	2.05219e-06
286.3	2.10418e-06
286.4	2.15947e-06
286.5	2.21779e-06
286.6	2.27892e-06
286.7	2.34264e-06
286.8	2.40874e-06
286.9	2.47703e-06
287	2.54734e-06
287.1	2.6195e-06
287.2	2.68432e-06
287.3	2.67001e-06
287.4	2.65575e-06
287.5	2.64156e-06
287.6	2.62743e-06
287.7	2.61336e-06
287.8	2.59936e-06
287.9	2.58542e-06
288	2.57154e-06
288.1	2.55774e-06
288.2	2.544e-06
288.3	2.53033e-06
288.4	2.51673e-06
288.5	2.5032e-06
288.6	2.48974e-06
288.7	2.47636e-06
288.8	2.46305e-06
288.9	2.44981e-06
289	2.43666e-06
289.1	2.42358e-06
289.2	2.41058e-06
289.3	2.39767e-06
289.4	2.38483e-06
289.5	2.37208e-06
289.6	2.35942e-06
289.7	2.34684e-06
289.8	2.33435e-06
289.9	2.32195e-06
290	2.30964e-06
290.1	2.29742e-06
290.2	2.24038e-06
290.3	2.16885e-06
290.4	2.10172e-06
290.5	2.03942e-06
290.6	1.98241e-06
290.7	1.93116e-06
290.8	1.88612e-06
290.9	1.84777e-06
291	1.81653e-06
291.1	1.79275e-06
291.2	1.77675e-06
291.3	1.76874e-06
291.4	1.76882e-06
291.5	1.777e-06
291.6	1.79315e-06
291.7	1.81708e-06
291.8	1.84847e-06
291.9	1.88696e-06
292	1.93212e-06
292.1	1.96143e-06
292.2	1.98602e-06
292.3	2.01184e-06
292.4	2.03883e-06
292.5	2.06695e-06
292.6	2.09615e-06
292.7	2.12639e-06
292.8	2.15762e-06
292.9	2.18981e-06
293	2.22291e-06
293.1	2.25688e-06
293.2	2.29168e-06
293.3	2.32727e-06
293.4	2.36363e-06
293.5	2.4007e-06
293.6	2.43847e-06
293.7	2.4769e-06
293.8	2.51596e-06
293.9	2.55562e-06
294	2.59585e-06
294.1	2.63663e-06
294.2	2.67794e-06
294.3	2.71973e-06
294.4	2.76201e-06
294.5	2.80474e-06
294.6	2.8479e-06
294.7	2.87124e-06
294.8	2.81869e-06
294.9	2.76676e-06
295	2.7155e-06
295.1	2.66494e-06
295.2	2.61512e-06
295.3	2.56609e-06
295.4	2.51789e-06
295.5	2.47057e-06
295.6	2.42419e-06
295.7	2.37879e-06
295.8	2.33444e-06
295.9	2.29119e-06
296	2.24911e-06
296.1	2.20827e-06
296.2	2.16873e-06
296.3	2.13058e-06
296.4	2.09387e-06
296.5	2.0587e-06
296.6	2.02514e-06
296.7	1.99328e-06
296.8	1.96319e-06
296.9	1.93495e-06
297	1.90866e-06
297.1	1.88439e-06
297.2	1.86222e-06
297.3	1.83e-06
297.4	1.80365e-06
297.5	1.78437e-06
297.6	1.77237e-06
297.7	1.76781e-06
297.8	1.77074e-06
297.9	1.78113e-06
298	1.79884e-06
298.1	1.82367e-06
298.2	1.85532e-06
298.3	1.89346e-06
298.4	1.9377e-06
298.5	1.98764e-06
298.6	2.04285e-06
298.7	2.10292e-06
298.8	2.16746e-06
298.9	2.23606e-06
299	2.30837e-06
299.1	2.38405e-06
299.2	2.42828e-06
299.3	2.43303e-06
299.4	2.43778e-06
299.5	2.44254e-06
299.6	2.44731e-06
299.7	2.45209e-06
299.8	2.45688e-06
299.9	2.46169e-06
300	2.4665e-06
300.1	2.47132e-06
300.2	2.47615e-06
300.3	2.481e-06
300.4	2.48585e-06
300.5	2.49071e-06
300.6	2.49558e-06
300.7	2.50046e-06
300.8	2.50535e-06
300.9	2.51025e-06
301	2.51516e-06
301.1	2.52008e-06
301.2	2.52501e-06
301.3	2.52994e-06
301.4	2.53489e-06
301.5	2.53984e-06
301.6	2.54481e-06
301.7	2.54978e-06
301.8	2.55477e-06
301.9	2.55976e-06
302	2.56476e-06
302.1	2.56977e-06
302.2	2.51684e-06
302.3	2.44151e-06
302.4	2.36865e-06
302.5	2.29852e-06
302.6	2.23136e-06
302.7	2.16744e-06
302.8	2.10708e-06
302.9	2.05058e-06
303	1.99826e-06
303.1	1.95047e-06
303.2	1.90754e-06
303.3	1.86981e-06
303.4	1.8376e-06
303.5	1.81121e-06
303.6	1.79088e-06
303.7	1.77684e-06
303.8	1.76923e-06
303.9	1.76813e-06
304	1.77355e-06
304.1	1.78544e-06
304.2	1.80198e-06
304.3	1.81917e-06
304.4	1.83968e-06
304.5	1.8634e-06
304.6	1.89021e-06
304.7	1.91997e-06
304.8	1.95255e-06
304.9	1.98782e-06
305	2.02563e-06
305.1	2.06584e-06
305.2	2.10832e-06
305.3	2.15293e-06
305.4	2.19955e-06
305.5	2.24804e-06
305.6	2.29828e-06
305.7	2.35018e-06
305.8	2.40361e-06
305.9	2.45849e-06
306	2.5147e-06
306.1	2.57218e-06
306.2	2.63083e-06
306.3	2.69057e-06
306.4	2.75134e-06
306.5	2.81307e-06
306.6	2.82152e-06
306.7	2.78915e-06
306.8	2.75704e-06
306.9	2.72518e-06
307	2.69359e-06
307.1	2.66228e-06
307.2	2.63126e-06
307.3	2.60054e-06
307.4	2.57012e-06
307.5	2.54003e-06
307.6	2.51027e-06
307.7	2.48084e-06
307.8	2.45178e-06
307.9	2.42308e-06
308	2.39477e-06
308.1	2.36685e-06
308.2	2.33934e-06
308.3	2.31225e-06
308.4	2.28561e-06
308.5	2.25942e-06
308.6	2.23369e-06
308.7	2.20846e-06
308.8	2.18373e-06
308.9	2.15952e-06
309	2.13585e-06
309.1	2.11274e-06
309.2	2.09021e-06
309.3	2.06826e-06
309.4	2.01941e-06
309.5	1.9632e-06
309.6	1.91317e-06
309.7	1.86982e-06
309.8	1.83361e-06
309.9	1.80499e-06
310	1.7843e-06
310.1	1.77184e-06
310.2	1.76777e-06
310.3	1.77215e-06
310.4	1.78493e-06
310.5	1.80592e-06
310.6	1.83483e-06
310.7	1.87132e-06
310.8	1.91493e-06
310.9	1.9652e-06
311	2.02163e-06
311.1	2.08372e-06
311.2	2.14898e-06
311.3	2.16784e-06
311.4	2.18702e-06
311.5	2.20652e-06
311.6	2.22634e-06
311.7	2.24647e-06
311.8	2.26689e-06
311.9	2.28761e-06
312	2.3086e-06
312.1	2.32987e-06
312.2	2.3514e-06
312.3	2.3732e-06
312.4	2.39525e-06
312.5	2.41754e-06
312.6	2.44007e-06
312.7	2.46284e-06
312.8	2.48583e-06
312.9	2.50904e-06
313	2.53246e-06
313.1	2.55609e-06
313.2	2.57992e-06
313.3	2.60395e-06
313.4	2.62817e-06
313.5	2.65258e-06
313.6	2.67717e-06
313.7	2.70193e-06
313.8	2.72686e-06
313.9	2.75196e-06
314	2.77723e-06
314.1	2.75989e-06
314.2	2.69308e-06
314.3	2.6275e-06
314.4	2.56324e-06
314.5	2.50042e-06
314.6	2.43914e-06
314.7	2.37951e-06
314.8	2.32168e-06
314.9	2.26577e-06
315	2.21192e-06
315.1	2.16031e-06
315.2	2.11108e-06
315.3	2.06441e-06
315.4	2.02048e-06
315.5	1.97947e-06
315.6	1.94156e-06
315.7	1.90694e-06
315.8	1.87579e-06
315.9	1.84828e-06
316	1.82459e-06
316.1	1.80486e-06
316.2	1.78923e-06
316.3	1.77779e-06
316.4	1.77014e-06
316.5	1.76779e-06
316.6	1.77126e-06
316.7	1.78051e-06
316.8	1.79544e-06
316.9	1.81592e-06
317	1.84177e-06
317.1	1.87276e-06
317.2	1.90864e-06
317.3	1.94914e-06
317.4	1.99399e-06
317.5	2.04288e-06
317.6	2.09555e-06
317.7	2.15171e-06
317.8	2.21109e-06
317.9	2.27346e-06
318	2.33855e-06
318.1	2.40617e-06
318.2	2.47609e-06
318.3	2.54812e-06
318.4	2.62211e-06
318.5	2.65009e-06
318.6	2.63836e-06
318.7	2.62668e-06
318.8	2.61503e-06
318.9	2.60343e-06
319	2.59188e-06
319.1	2.58037e-06
319.2	2.5689e-06
319.3	2.55748e-06
319.4	2.54611e-06
319.5	2.53478e-06
319.6	2.5235e-06
319.7	2.51227e-06
319.8	2.50109e-06
319.9	2.48996e-06
320	2.47887e-06
320.1	2.46784e-06
320.2	2.45686e-06
320.3	2.44594e-06
320.4	2.43506e-06
320.5	2.42425e-06
320.6	2.41348e-06
320.7	2.40277e-06
320.8	2.39212e-06
320.9	2.38152e-06
321	2.37098e-06
321.1	2.3605e-06
321.2	2.35008e-06
321.3	2.33972e-06
321.4	2.32788e-06
321.5	2.25242e-06
321.6	2.18083e-06
321.7	2.11348e-06
321.8	2.05081e-06
321.9	1.99324e-06
322	1.94124e-06
322.1	1.89526e-06
322.2	1.85575e-06
322.3	1.82313e-06
322.4	1.79778e-06
322.5	1.78001e-06
322.6	1.77004e-06
322.7	1.76801e-06
322.8	1.77394e-06
322.9	1.78775e-06
323	1.80928e-06
323.1	1.83823e-06
323.2	1.87427e-06
323.3	1.91701e-06
323.4	1.94139e-06
323.5	1.9663e-06
323.6	1.99263e-06
323.7	2.0203e-06
323.8	2.04928e-06
323.9	2.0795e-06
324	2.11091e-06
324.1	2.14346e-06
324.2	2.17709e-06
324.3	2.21177e-06
324.4	2.24743e-06
324.5	2.28404e-06
324.6	2.32154e-06
324.7	2.3599e-06
324.8	2.39908e-06
324.9	2.43903e-06
325	2.47972e-06
325.1	2.52111e-06
325.2	2.56317e-06
325.3	2.60586e-06
325.4	2.64916e-06
325.5	2.69304e-06
325.6	2.73746e-06
325.7	2.78241e-06
325.8	2.82785e-06
325.9	2.87377e-06
326	2.84862e-06
326.1	2.79877e-06
326.2	2.7495e-06
326.3	2.70085e-06
326.4	2.65285e-06
326.5	2.60553e-06
326.6	2.55893e-06
326.7	2.5131e-06
326.8	2.46807e-06
326.9	2.42389e-06
327	2.38061e-06
327.1	2.33827e-06
327.2	2.29693e-06
327.3	2.25665e-06
327.4	2.21748e-06
327.5	2.17948e-06
327.6	2.14272e-06
327.7	2.10725e-06
327.8	2.07315e-06
327.9	2.04048e-06
328	2.00931e-06
328.1	1.97972e-06
328.2	1.95178e-06
328.3	1.92555e-06
328.4	1.90111e-06
328.5	1.87651e-06
328.6	1.84067e-06
328.7	1.81164e-06
328.8	1.78975e-06
328.9	1.77527e-06
329	1.76838e-06
329.1	1.76916e-06
329.2	1.77761e-06
329.3	1.79362e-06
329.4	1.81698e-06
329.5	1.84743e-06
329.6	1.88461e-06
329.7	1.92814e-06
329.8	1.97759e-06
329.9	2.03254e-06
330	2.09255e-06
330.1	2.15721e-06
330.2	2.22609e-06
330.3	2.29883e-06
330.4	2.37508e-06
330.5	2.39593e-06
330.6	2.40283e-06
330.7	2.40975e-06
330.8	2.41669e-06
330.9	2.42365e-06
331	2.43063e-06
331.1	2.43764e-06
331.2	2.44467e-06
331.3	2.45173e-06
331.4	2.4588e-06
331.5	2.4659e-06
331.6	2.47302e-06
331.7	2.48016e-06
331.8	2.48732e-06
331.9	2.4945e-06
332	2.50171e-06
332.1	2.50893e-06
332.2	2.51618e-06
332.3	2.52344e-06
332.4	2.53073e-06
332.5	2.53803e-06
332.6	2.54536e-06
332.7	2.5527e-06
332.8	2.56007e-06
332.9	2.56745e-06
333	2.57486e-06
333.1	2.58228e-06
333.2	2.58972e-06
333.3	2.59718e-06
333.4	2.59508e-06
333.5	2.51899e-06
333.6	2.44508e-06
333.7	2.37354e-06
333.8	2.30459e-06
333.9	2.23848e-06
334	2.17546e-06
334.1	2.11581e-06
334.2	2.05981e-06
334.3	2.00779e-06
334.4	1.96005e-06
334.5	1.91691e-06
334.6	1.87869e-06
334.7	1.8457e-06
334.8	1.81822e-06
334.9	1.7965e-06
335	1.78076e-06
335.1	1.77115e-06
335.2	1.76777e-06
335.3	1.77066e-06
335.4	1.7798e-06
335.5	1.7933e-06
335.6	1.80909e-06
335.7	1.8285e-06
335.8	1.85142e-06
335.9	1.87773e-06
336	1.90727e-06
336.1	1.93992e-06
336.2	1.9755e-06
336.3	2.01387e-06
336.4	2.05487e-06
336.5	2.09834e-06
336.6	2.14414e-06
336.7	2.19212e-06
336.8	2.24214e-06
336.9	2.29406e-06
337	2.34776e-06
337.1	2.40312e-06
337.2	2.46003e-06
337.3	2.51838e-06
337.4	2.57808e-06
337.5	2.63903e-06
337.6	2.70115e-06
337.7	2.76437e-06
337.8	2.82142e-06
337.9	2.79159e-06
338	2.76197e-06
338.1	2.73256e-06
338.2	2.70338e-06
338.3	2.67444e-06
338.4	2.64573e-06
338.5	2.61728e-06
338.6	2.58908e-06
338.7	2.56115e-06
338.8	2.53349e-06
338.9	2.50612e-06
339	2.47904e-06
339.1	2.45226e-06
339.2	2.42579e-06
339.3	2.39965e-06
339.4	2.37384e-06
339.5	2.34838e-06
339.6	2.32327e-06
339.7	2.29853e-06
339.8	2.27417e-06
339.9	2.2502e-06
340	2.22664e-06
340.1	2.20349e-06
340.2	2.18078e-06
340.3	2.15851e-06
340.4	2.13669e-06
340.5	2.11536e-06
340.6	2.0945e-06
340.7	2.03464e-06
340.8	1.97687e-06
340.9	1.92517e-06
341	1.88004e-06
341.1	1.84196e-06
341.2	1.81137e-06
341.3	1.78866e-06
341.4	1.77413e-06
341.5	1.76798e-06
341.6	1.77031e-06
341.7	1.78107e-06
341.8	1.80012e-06
341.9	1.8272e-06
342	1.86195e-06
342.1	1.90396e-06
342.2	1.95275e-06
342.3	2.00784e-06
342.4	2.06873e-06
342.5	2.12106e-06
342.6	2.14124e-06
342.7	2.16183e-06
342.8	2.18283e-06
342.9	2.20423e-06
343	2.226e-06
343.1	2.24814e-06
343.2	2.27065e-06
343.3	2.2935e-06
343.4	2.31669e-06
343.5	2.3402e-06
343.6	2.36404e-06
343.7	2.38818e-06
343.8	2.41263e-06
343.9	2.43736e-06
344	2.46238e-06
344.1	2.48767e-06
344.2	2.51323e-06
344.3	2.53904e-06
344.4	2.5651e-06
344.5	2.5914e-06
344.6	2.61794e-06
344.7	2.64471e-06
344.8	2.67169e-06
344.9	2.69889e-06
345	2.7263e-06
345.1	2.75391e-06
345.2	2.78171e-06
345.3	2.80971e-06
345.4	2.74851e-06
345.5	2.68404e-06
345.6	2.62074e-06
345.7	2.55869e-06
345.8	2.49799e-06
345.9	2.43873e-06
346	2.38103e-06
346.1	2.32499e-06
346.2	2.27076e-06
346.3	2.21844e-06
346.4	2.16819e-06
346.5	2.12016e-06
346.6	2.07448e-06
346.7	2.03134e-06
346.8	1.99088e-06
346.9	1.95327e-06
347	1.91869e-06
347.1	1.8873e-06
347.2	1.85926e-06
347.3	1.83473e-06
347.4	1.81384e-06
347.5	1.79673e-06
347.6	1.7835e-06
347.7	1.773e-06
347.8	1.76806e-06
347.9	1.76921e-06
348	1.77642e-06
348.1	1.78963e-06
348.2	1.8087e-06
348.3	1.83345e-06
348.4	1.86366e-06
348.5	1.89907e-06
348.6	1.93938e-06
348.7	1.98431e-06
348.8	2.03354e-06
348.9	2.08677e-06
349	2.14371e-06
349.1	2.20406e-06
349.2	2.26756e-06
349.3	2.33394e-06
349.4	2.40297e-06
349.5	2.47442e-06
349.6	2.5481e-06
349.7	2.62381e-06
349.8	2.61688e-06
349.9	2.60769e-06
350	2.59852e-06
350.1	2.58939e-06
350.2	2.58028e-06
350.3	2.5712e-06
350.4	2.56215e-06
350.5	2.55313e-06
350.6	2.54413e-06
350.7	2.53517e-06
350.8	2.52624e-06
350.9	2.51733e-06
351	2.50846e-06
351.1	2.49962e-06
351.2	2.49081e-06
351.3	2.48203e-06
351.4	2.47328e-06
351.5	2.46457e-06
351.6	2.45588e-06
351.7	2.44723e-06
351.8	2.43862e-06
351.9	2.43003e-06
352	2.42148e-06
352.1	2.41297e-06
352.2	2.40449e-06
352.3	2.39605e-06
352.4	2.38764e-06
352.5	2.37926e-06
352.6	2.37092e-06
352.7	2.33881e-06
352.8	2.26359e-06
352.9	2.1921e-06
353	2.1247e-06
353.1	2.06182e-06
353.2	2.00385e-06
353.3	1.95126e-06
353.4	1.90447e-06
353.5	1.86394e-06
353.6	1.83007e-06
353.7	1.80324e-06
353.8	1.78376e-06
353.9	1.77189e-06
354	1.76777e-06
354.1	1.77146e-06
354.2	1.7829e-06
354.3	1.80196e-06
354.4	1.82839e-06
354.5	1.86188e-06
354.6	1.89914e-06
354.7	1.92256e-06
354.8	1.94765e-06
354.9	1.97435e-06
355	2.0026e-06
355.1	2.03233e-06
355.2	2.06348e-06
355.3	2.09598e-06
355.4	2.12978e-06
355.5	2.16481e-06
355.6	2.20101e-06
355.7	2.23833e-06
355.8	2.27671e-06
355.9	2.3161e-06
356	2.35645e-06
356.1	2.39771e-06
356.2	2.43983e-06
356.3	2.48278e-06
356.4	2.5265e-06
356.5	2.57095e-06
356.6	2.61611e-06
356.7	2.66194e-06
356.8	2.70839e-06
356.9	2.75545e-06
357	2.80307e-06
357.1	2.85124e-06
357.2	2.87378e-06
357.3	2.82612e-06
357.4	2.77898e-06
357.5	2.73238e-06
357.6	2.68634e-06
357.7	2.6409e-06
357.8	2.59608e-06
357.9	2.55192e-06
358	2.50846e-06
358.1	2.46573e-06
358.2	2.42377e-06
358.3	2.38261e-06
358.4	2.34231e-06
358.5	2.30291e-06
358.6	2.26446e-06
358.7	2.22699e-06
358.8	2.19057e-06
358.9	2.15525e-06
359	2.12108e-06
359.1	2.08812e-06
359.2	2.05643e-06
359.3	2.02606e-06
359.4	1.99708e-06
359.5	1.96955e-06
359.6	1.94353e-06
359.7	1.91908e-06
359.8	1.8903e-06
359.9	1.85182e-06
360	1.82018e-06
360.1	1.79574e-06
360.2	1.7788e-06
360.3	1.76957e-06
360.4	1.76818e-06
360.5	1.77464e-06
360.6	1.78886e-06
360.7	1.81067e-06
360.8	1.8398e-06
360.9	1.8759e-06
361	1.91858e-06
361.1	1.96741e-06
361.2	2.02195e-06
361.3	2.08175e-06
361.4	2.14636e-06
361.5	2.21538e-06
361.6	2.28839e-06
361.7	2.35578e-06
361.8	2.36471e-06
361.9	2.37369e-06
362	2.38271e-06
362.1	2.39177e-06
362.2	2.40087e-06
362.3	2.41002e-06
362.4	2.4192e-06
362.5	2.42842e-06
362.6	2.43769e-06
362.7	2.44699e-06
362.8	2.45633e-06
362.9	2.46571e-06
363	2.47513e-06
363.1	2.48459e-06
363.2	2.49408e-06
363.3	2.50361e-06
363.4	2.51317e-06
363.5	2.52278e-06
363.6	2.53241e-06
363.7	2.54208e-06
363.8	2.55179e-06
363.9	2.56153e-06
364	2.5713e-06
364.1	2.58111e-06
364.2	2.59095e-06
364.3	2.60083e-06
364.4	2.61073e-06
364.5	2.62067e-06
364.6	2.63064e-06
364.7	2.59469e-06
364.8	2.52024e-06
364.9	2.44785e-06
365	2.37773e-06
365.1	2.31009e-06
365.2	2.24513e-06
365.3	2.18311e-06
365.4	2.12428e-06
365.5	2.06891e-06
365.6	2.01729e-06
365.7	1.96972e-06
365.8	1.92649e-06
365.9	1.88789e-06
366	1.85423e-06
366.1	1.82578e-06
366.2	1.80277e-06
366.3	1.78542e-06
366.4	1.7739e-06
366.5	1.76832e-06
366.6	1.76874e-06
366.7	1.77515e-06
366.8	1.78596e-06
366.9	1.80018e-06
367	1.81834e-06
367.1	1.84032e-06
367.2	1.86599e-06
367.3	1.89521e-06
367.4	1.92779e-06
367.5	1.96359e-06
367.6	2.00243e-06
367.7	2.04413e-06
367.8	2.08853e-06
367.9	2.13545e-06
368	2.18473e-06
368.1	2.23622e-06
368.2	2.28976e-06
368.3	2.34523e-06
368.4	2.40247e-06
368.5	2.46138e-06
368.6	2.52182e-06
368.7	2.58371e-06
368.8	2.64692e-06
368.9	2.71138e-06
369	2.777e-06
369.1	2.78945e-06
369.2	2.76236e-06
369.3	2.73545e-06
369.4	2.70873e-06
369.5	2.6822e-06
369.6	2.65587e-06
369.7	2.62975e-06
369.8	2.60384e-06
369.9	2.57815e-06
370	2.55269e-06
370.1	2.52745e-06
370.2	2.50246e-06
370.3	2.47771e-06
370.4	2.45322e-06
370.5	2.42899e-06
370.6	2.40502e-06
370.7	2.38134e-06
370.8	2.35794e-06
370.9	2.33483e-06
371	2.31203e-06
371.1	2.28954e-06
371.2	2.26737e-06
371.3	2.24553e-06
371.4	2.22403e-06
371.5	2.20289e-06
371.6	2.1821e-06
371.7	2.16169e-06
371.8	2.14165e-06
371.9	2.11408e-06
372	2.04949e-06
372.1	1.99034e-06
372.2	1.93713e-06
372.3	1.89037e-06
372.4	1.85054e-06
372.5	1.8181e-06
372.6	1.79344e-06
372.7	1.7769e-06
372.8	1.7687e-06
372.9	1.76896e-06
373	1.77767e-06
373.1	1.79471e-06
373.2	1.81984e-06
373.3	1.85274e-06
373.4	1.89301e-06
373.5	1.94017e-06
373.6	1.99375e-06
373.7	2.05325e-06
373.8	2.09437e-06
373.9	2.11576e-06
374	2.13767e-06
374.1	2.16007e-06
374.2	2.18295e-06
374.3	2.20631e-06
374.4	2.23011e-06
374.5	2.25435e-06
374.6	2.27901e-06
374.7	2.30409e-06
374.8	2.32956e-06
374.9	2.35541e-06
375	2.38164e-06
375.1	2.40823e-06
375.2	2.43516e-06
375.3	2.46243e-06
375.4	2.49002e-06
375.5	2.51793e-06
375.6	2.54614e-06
375.7	2.57465e-06
375.8	2.60344e-06
375.9	2.63251e-06
376	2.66184e-06
376.1	2.69143e-06
376.2	2.72127e-06
376.3	2.75135e-06
376.4	2.78166e-06
376.5	2.8122e-06
376.6	2.79977e-06
376.7	2.73667e-06
376.8	2.67459e-06
376.9	2.61361e-06
377	2.55381e-06
377.1	2.49527e-06
377.2	2.43809e-06
377.3	2.38236e-06
377.4	2.32818e-06
377.5	2.27566e-06
377.6	2.22493e-06
377.7	2.17611e-06
377.8	2.12933e-06
377.9	2.08473e-06
378	2.04244e-06
378.1	2.00263e-06
378.2	1.96543e-06
378.3	1.93099e-06
378.4	1.89948e-06
378.5	1.87103e-06
378.6	1.84579e-06
378.7	1.82389e-06
378.8	1.80546e-06
378.9	1.79059e-06
379	1.7769e-06
379.1	1.76931e-06
379.2	1.76806e-06
379.3	1.77315e-06
379.4	1.78454e-06
379.5	1.80209e-06
379.6	1.82564e-06
379.7	1.85496e-06
379.8	1.88977e-06
379.9	1.92979e-06
380	1.97469e-06
380.1	2.02414e-06
380.2	2.07784e-06
380.3	2.13544e-06
380.4	2.19665e-06
380.5	2.26118e-06
380.6	2.32874e-06
380.7	2.39908e-06
380.8	2.47197e-06
380.9	2.54718e-06
381	2.5914e-06
381.1	2.58468e-06
381.2	2.57798e-06
381.3	2.57129e-06
381.4	2.56462e-06
381.5	2.55797e-06
381.6	2.55133e-06
381.7	2.5447e-06
381.8	2.5381e-06
381.9	2.53151e-06
382	2.52493e-06
382.1	2.51837e-06
382.2	2.51183e-06
382.3	2.5053e-06
382.4	2.4988e-06
382.5	2.4923e-06
382.6	2.48583e-06
382.7	2.47937e-06
382.8	2.47293e-06
382.9	2.46651e-06
383	2.46011e-06
383.1	2.45372e-06
383.2	2.44735e-06
383.3	2.441e-06
383.4	2.43467e-06
383.5	2.42835e-06
383.6	2.42205e-06
383.7	2.41578e-06
383.8	2.40952e-06
383.9	2.40328e-06
384	2.34871e-06
384.1	2.2739e-06
384.2	2.20267e-06
384.3	2.13539e-06
384.4	2.07245e-06
384.5	2.01424e-06
384.6	1.9612e-06
384.7	1.91376e-06
384.8	1.87233e-06
384.9	1.83732e-06
385	1.80911e-06
385.1	1.78802e-06
385.2	1.77431e-06
385.3	1.76813e-06
385.4	1.76959e-06
385.5	1.77864e-06
385.6	1.79519e-06
385.7	1.81902e-06
385.8	1.84986e-06
385.9	1.88171e-06
386	1.90492e-06
386.1	1.93004e-06
386.2	1.95699e-06
386.3	1.98569e-06
386.4	2.01607e-06
386.5	2.04806e-06
386.6	2.08158e-06
386.7	2.11655e-06
386.8	2.15292e-06
386.9	2.19061e-06
387	2.22954e-06
387.1	2.26967e-06
387.2	2.31092e-06
387.3	2.35323e-06
387.4	2.39656e-06
387.5	2.44084e-06
387.6	2.48603e-06
387.7	2.53207e-06
387.8	2.57893e-06
387.9	2.62655e-06
388	2.6749e-06
388.1	2.72394e-06
388.2	2.77362e-06
388.3	2.82393e-06
388.4	2.87482e-06
388.5	2.84876e-06
388.6	2.80385e-06
388.7	2.75941e-06
388.8	2.71547e-06
388.9	2.67204e-06
389	2.62915e-06
389.1	2.58684e-06
389.2	2.54512e-06
389.3	2.50403e-06
389.4	2.4636e-06
389.5	2.42387e-06
389.6	2.38486e-06
389.7	2.34661e-06
389.8	2.30916e-06
389.9	2.27256e-06
390	2.23684e-06
390.1	2.20204e-06
390.2	2.16821e-06
390.3	2.1354e-06
390.4	2.10366e-06
390.5	2.07302e-06
390.6	2.04355e-06
390.7	2.01529e-06
390.8	1.98829e-06
390.9	1.96261e-06
391	1.9383e-06
391.1	1.90436e-06
391.2	1.86336e-06
391.3	1.8292e-06
391.4	1.80227e-06
391.5	1.78291e-06
391.6	1.77136e-06
391.7	1.76778e-06
391.8	1.7722e-06
391.9	1.78458e-06
392	1.80475e-06
392.1	1.83245e-06
392.2	1.86734e-06
392.3	1.90904e-06
392.4	1.95711e-06
392.5	2.01108e-06
392.6	2.0705e-06
392.7	2.13492e-06
392.8	2.2039e-06
392.9	2.27701e-06
393	2.32369e-06
393.1	2.33461e-06
393.2	2.34559e-06
393.3	2.35665e-06
393.4	2.36777e-06
393.5	2.37896e-06
393.6	2.39022e-06
393.7	2.40154e-06
393.8	2.41292e-06
393.9	2.42436e-06
394	2.43587e-06
394.1	2.44744e-06
394.2	2.45907e-06
394.3	2.47075e-06
394.4	2.4825e-06
394.5	2.4943e-06
394.6	2.50616e-06
394.7	2.51807e-06
394.8	2.53004e-06
394.9	2.54207e-06
395	2.55415e-06
395.1	2.56628e-06
395.2	2.57846e-06
395.3	2.59069e-06
395.4	2.60298e-06
395.5	2.61531e-06
395.6	2.62769e-06
395.7	2.64012e-06
395.8	2.6526e-06
395.9	2.66513e-06
396	2.59338e-06
396.1	2.52065e-06
396.2	2.44989e-06
396.3	2.3813e-06
396.4	2.31505e-06
396.5	2.25135e-06
396.6	2.19043e-06
396.7	2.13253e-06
396.8	2.07789e-06
396.9	2.02679e-06
397	1.97949e-06
397.1	1.93628e-06
397.2	1.89742e-06
397.3	1.86321e-06
397.4	1.83389e-06
397.5	1.8097e-06
397.6	1.79085e-06
397.7	1.77752e-06
397.8	1.76982e-06
397.9	1.76783e-06
398	1.77157e-06
398.1	1.77992e-06
398.2	1.79242e-06
398.3	1.80919e-06
398.4	1.83009e-06
398.5	1.855e-06
398.6	1.88375e-06
398.7	1.91617e-06
398.8	1.95208e-06
398.9	1.99129e-06
399	2.03361e-06
399.1	2.07885e-06
399.2	2.12681e-06
399.3	2.17734e-06
399.4	2.23024e-06
399.5	2.28535e-06
399.6	2.34252e-06
399.7	2.4016e-06
399.8	2.46245e-06
399.9	2.52495e-06
400	2.58897e-06
400.1	2.65441e-06
400.2	2.72116e-06
400.3	2.78278e-06
400.4	2.75825e-06
400.5	2.73387e-06
400.6	2.70964e-06
400.7	2.68557e-06
400.8	2.66167e-06
400.9	2.63794e-06
401	2.61437e-06
401.1	2.59099e-06
401.2	2.56779e-06
401.3	2.54477e-06
401.4	2.52195e-06
401.5	2.49933e-06
401.6	2.4769e-06
401.7	2.45469e-06
401.8	2.43269e-06
401.9	2.41092e-06
402	2.38937e-06
402.1	2.36805e-06
402.2	2.34697e-06
402.3	2.32613e-06
402.4	2.30555e-06
402.5	2.28523e-06
402.6	2.26517e-06
402.7	2.24539e-06
402.8	2.22588e-06
402.9	2.20666e-06
403	2.18774e-06
403.1	2.16912e-06
403.2	2.12956e-06
403.3	2.0639e-06
403.4	2.00355e-06
403.5	1.949e-06
403.6	1.90077e-06
403.7	1.85932e-06
403.8	1.82514e-06
403.9	1.79864e-06
404	1.78015e-06
404.1	1.76992e-06
404.2	1.76811e-06
404.3	1.77474e-06
404.4	1.78971e-06
404.5	1.81281e-06
404.6	1.84375e-06
404.7	1.88213e-06
404.8	1.92751e-06
404.9	1.97941e-06
405	2.03733e-06
405.1	2.06889e-06
405.2	2.09138e-06
405.3	2.11449e-06
405.4	2.13821e-06
405.5	2.1625e-06
405.6	2.18736e-06
405.7	2.21276e-06
405.8	2.23869e-06
405.9	2.26512e-06
406	2.29205e-06
406.1	2.31944e-06
406.2	2.34729e-06
406.3	2.37559e-06
406.4	2.4043e-06
406.5	2.43343e-06
406.6	2.46295e-06
406.7	2.49285e-06
406.8	2.52312e-06
406.9	2.55375e-06
407	2.58471e-06
407.1	2.61601e-06
407.2	2.64762e-06
407.3	2.67954e-06
407.4	2.71176e-06
407.5	2.74426e-06
407.6	2.77704e-06
407.7	2.81008e-06
407.8	2.84338e-06
407.9	2.7851e-06
408	2.72448e-06
408.1	2.66483e-06
408.2	2.60621e-06
408.3	2.54869e-06
408.4	2.49236e-06
408.5	2.43728e-06
408.6	2.38356e-06
408.7	2.33128e-06
408.8	2.28053e-06
408.9	2.23144e-06
409	2.1841e-06
409.1	2.13864e-06
409.2	2.09517e-06
409.3	2.05383e-06
409.4	2.01474e-06
409.5	1.97804e-06
409.6	1.94386e-06
409.7	1.91233e-06
409.8	1.8836e-06
409.9	1.85779e-06
410	1.83503e-06
410.1	1.81542e-06
410.2	1.79847e-06
410.3	1.78175e-06
410.4	1.77148e-06
410.5	1.76778e-06
410.6	1.77068e-06
410.7	1.78015e-06
410.8	1.7961e-06
410.9	1.81834e-06
411	1.84665e-06
411.1	1.88076e-06
411.2	1.92036e-06
411.3	1.96511e-06
411.4	2.01468e-06
411.5	2.06871e-06
411.6	2.12687e-06
411.7	2.18883e-06
411.8	2.25427e-06
411.9	2.3229e-06
412	2.39445e-06
412.1	2.46866e-06
412.2	2.54529e-06
412.3	2.55777e-06
412.4	2.5535e-06
412.5	2.54924e-06
412.6	2.54499e-06
412.7	2.54074e-06
412.8	2.5365e-06
412.9	2.53226e-06
413	2.52803e-06
413.1	2.52381e-06
413.2	2.5196e-06
413.3	2.51539e-06
413.4	2.51119e-06
413.5	2.507e-06
413.6	2.50281e-06
413.7	2.49863e-06
413.8	2.49446e-06
413.9	2.49029e-06
414	2.48613e-06
414.1	2.48198e-06
414.2	2.47784e-06
414.3	2.4737e-06
414.4	2.46957e-06
414.5	2.46545e-06
414.6	2.46133e-06
414.7	2.45722e-06
414.8	2.45312e-06
414.9	2.44903e-06
415	2.44494e-06
415.1	2.44087e-06
415.2	2.43501e-06
415.3	2.35762e-06
415.4	2.28336e-06
415.5	2.21255e-06
415.6	2.14555e-06
415.7	2.0827e-06
415.8	2.02441e-06
415.9	1.97107e-06
416	1.9231e-06
416.1	1.8809e-06
416.2	1.84488e-06
416.3	1.8154e-06
416.4	1.79278e-06
416.5	1.77729e-06
416.6	1.76912e-06
416.7	1.76835e-06
416.8	1.77502e-06
416.9	1.78902e-06
417	1.8102e-06
417.1	1.8383e-06
417.2	1.86562e-06
417.3	1.88847e-06
417.4	1.91346e-06
417.5	1.94051e-06
417.6	1.96955e-06
417.7	2.00047e-06
417.8	2.03321e-06
417.9	2.06766e-06
418	2.10375e-06
418.1	2.1414e-06
418.2	2.18052e-06
418.3	2.22103e-06
418.4	2.26286e-06
418.5	2.30594e-06
418.6	2.3502e-06
418.7	2.39558e-06
418.8	2.44201e-06
418.9	2.48943e-06
419	2.53779e-06
419.1	2.58703e-06
419.2	2.63711e-06
419.3	2.68798e-06
419.4	2.73959e-06
419.5	2.79191e-06
419.6	2.84489e-06
419.7	2.86661e-06
419.8	2.82403e-06
419.9	2.78186e-06
420	2.74012e-06
420.1	2.69883e-06
420.2	2.65801e-06
420.3	2.61767e-06
420.4	2.57786e-06
420.5	2.53858e-06
420.6	2.49986e-06
420.7	2.46174e-06
420.8	2.42423e-06
420.9	2.38738e-06
421	2.3512e-06
421.1	2.31573e-06
421.2	2.281e-06
421.3	2.24706e-06
421.4	2.21392e-06
421.5	2.18164e-06
421.6	2.15024e-06
421.7	2.11978e-06
421.8	2.09028e-06
421.9	2.06179e-06
422	2.03436e-06
422.1	2.00802e-06
422.2	1.98282e-06
422.3	1.95881e-06
422.4	1.9186e-06
422.5	1.8752e-06
422.6	1.83863e-06
422.7	1.80931e-06
422.8	1.78758e-06
422.9	1.77373e-06
423	1.76795e-06
423.1	1.77031e-06
423.2	1.78078e-06
423.3	1.79922e-06
423.4	1.82539e-06
423.5	1.85896e-06
423.6	1.89953e-06
423.7	1.94668e-06
423.8	1.99994e-06
423.9	2.05883e-06
424	2.12288e-06
424.1	2.19164e-06
424.2	2.26469e-06
424.3	2.29277e-06
424.4	2.30559e-06
424.5	2.31852e-06
424.6	2.33154e-06
424.7	2.34467e-06
424.8	2.35789e-06
424.9	2.37121e-06
425	2.38463e-06
425.1	2.39814e-06
425.2	2.41173e-06
425.3	2.42542e-06
425.4	2.4392e-06
425.5	2.45306e-06
425.6	2.46701e-06
425.7	2.48104e-06
425.8	2.49515e-06
425.9	2.50935e-06
426	2.52362e-06
426.1	2.53797e-06
426.2	2.5524e-06
426.3	2.56691e-06
426.4	2.58149e-06
426.5	2.59614e-06
426.6	2.61086e-06
426.7	2.62566e-06
426.8	2.64052e-06
426.9	2.65545e-06
427	2.67045e-06
427.1	2.68552e-06
427.2	2.66387e-06
427.3	2.59122e-06
427.4	2.52031e-06
427.5	2.45127e-06
427.6	2.38429e-06
427.7	2.31953e-06
427.8	2.25719e-06
427.9	2.19747e-06
428	2.14059e-06
428.1	2.08678e-06
428.2	2.0363e-06
428.3	1.98938e-06
428.4	1.94629e-06
428.5	1.90729e-06
428.6	1.87263e-06
428.7	1.84256e-06
428.8	1.81731e-06
428.9	1.79707e-06
429	1.78203e-06
429.1	1.77231e-06
429.2	1.768e-06
429.3	1.76914e-06
429.4	1.77515e-06
429.5	1.78579e-06
429.6	1.80102e-06
429.7	1.82071e-06
429.8	1.84472e-06
429.9	1.87289e-06
430	1.90503e-06
430.1	1.94094e-06
430.2	1.98043e-06
430.3	2.02327e-06
430.4	2.06927e-06
430.5	2.11821e-06
430.6	2.1699e-06
430.7	2.22415e-06
430.8	2.28076e-06
430.9	2.33958e-06
431	2.40044e-06
431.1	2.46318e-06
431.2	2.52768e-06
431.3	2.59379e-06
431.4	2.66139e-06
431.5	2.73038e-06
431.6	2.74968e-06
431.7	2.72785e-06
431.8	2.70614e-06
431.9	2.68457e-06
432	2.66313e-06
432.1	2.64182e-06
432.2	2.62065e-06
432.3	2.59962e-06
432.4	2.57874e-06
432.5	2.55801e-06
432.6	2.53743e-06
432.7	2.517e-06
432.8	2.49674e-06
432.9	2.47664e-06
433	2.4567e-06
433.1	2.43694e-06
433.2	2.41736e-06
433.3	2.39796e-06
433.4	2.37874e-06
433.5	2.35971e-06
433.6	2.34088e-06
433.7	2.32224e-06
433.8	2.30381e-06
433.9	2.28559e-06
434	2.26758e-06
434.1	2.24979e-06
434.2	2.23222e-06
434.3	2.21489e-06
434.4	2.19779e-06
434.5	2.14438e-06
434.6	2.07783e-06
434.7	2.01646e-06
434.8	1.96075e-06
434.9	1.91119e-06
435	1.86828e-06
435.1	1.83248e-06
435.2	1.80422e-06
435.3	1.78385e-06
435.4	1.77164e-06
435.5	1.76777e-06
435.6	1.77229e-06
435.7	1.78514e-06
435.8	1.80614e-06
435.9	1.835e-06
436	1.87137e-06
436.1	1.91481e-06
436.2	1.96487e-06
436.3	2.02104e-06
436.4	2.04462e-06
436.5	2.06808e-06
436.6	2.09229e-06
436.7	2.11722e-06
436.8	2.14284e-06
436.9	2.16913e-06
437	2.19607e-06
437.1	2.22363e-06
437.2	2.25179e-06
437.3	2.28052e-06
437.4	2.30982e-06
437.5	2.33965e-06
437.6	2.36999e-06
437.7	2.40083e-06
437.8	2.43214e-06
437.9	2.46392e-06
438	2.49613e-06
438.1	2.52877e-06
438.2	2.56182e-06
438.3	2.59526e-06
438.4	2.62907e-06
438.5	2.66325e-06
438.6	2.69778e-06
438.7	2.73264e-06
438.8	2.76783e-06
438.9	2.80333e-06
439	2.83912e-06
439.1	2.82909e-06
439.2	2.77014e-06
439.3	2.71204e-06
439.4	2.65484e-06
439.5	2.59861e-06
439.6	2.54341e-06
439.7	2.48931e-06
439.8	2.43638e-06
439.9	2.38469e-06
440	2.33434e-06
440.1	2.28542e-06
440.2	2.238e-06
440.3	2.1922e-06
440.4	2.14811e-06
440.5	2.10584e-06
440.6	2.06551e-06
440.7	2.02723e-06
440.8	1.99112e-06
440.9	1.9573e-06
441	1.92588e-06
441.1	1.897e-06
441.2	1.87076e-06
441.3	1.84728e-06
441.4	1.82666e-06
441.5	1.8071e-06
441.6	1.7875e-06
441.7	1.77453e-06
441.8	1.76833e-06
441.9	1.76898e-06
442	1.77646e-06
442.1	1.7907e-06
442.2	1.81153e-06
442.3	1.83873e-06
442.4	1.87202e-06
442.5	1.91108e-06
442.6	1.95557e-06
442.7	2.00512e-06
442.8	2.05937e-06
442.9	2.11797e-06
443	2.18055e-06
443.1	2.24679e-06
443.2	2.31637e-06
443.3	2.389e-06
443.4	2.46441e-06
443.5	2.52708e-06
443.6	2.52521e-06
443.7	2.52334e-06
443.8	2.52147e-06
443.9	2.5196e-06
444	2.51773e-06
444.1	2.51586e-06
444.2	2.514e-06
444.3	2.51214e-06
444.4	2.51027e-06
444.5	2.50841e-06
444.6	2.50655e-06
444.7	2.50469e-06
444.8	2.50284e-06
444.9	2.50098e-06
445	2.49913e-06
445.1	2.49728e-06
445.2	2.49542e-06
445.3	2.49358e-06
445.4	2.49173e-06
445.5	2.48988e-06
445.6	2.48803e-06
445.7	2.48619e-06
445.8	2.48435e-06
445.9	2.48251e-06
446	2.48067e-06
446.1	2.47883e-06
446.2	2.47699e-06
446.3	2.47515e-06
446.4	2.47332e-06
446.5	2.44212e-06
446.6	2.36556e-06
446.7	2.29201e-06
446.8	2.22178e-06
446.9	2.15519e-06
447	2.09259e-06
447.1	2.03435e-06
447.2	1.98085e-06
447.3	1.93248e-06
447.4	1.88965e-06
447.5	1.85274e-06
447.6	1.82209e-06
447.7	1.79805e-06
447.8	1.78086e-06
447.9	1.77074e-06
448	1.7678e-06
448.1	1.77208e-06
448.2	1.78352e-06
448.3	1.802e-06
448.4	1.82729e-06
448.5	1.85086e-06
448.6	1.87317e-06
448.7	1.89788e-06
448.8	1.92491e-06
448.9	1.95416e-06
449	1.98552e-06
449.1	2.01891e-06
449.2	2.05421e-06
449.3	2.09135e-06
449.4	2.13021e-06
449.5	2.17071e-06
449.6	2.21275e-06
449.7	2.25625e-06
449.8	2.30114e-06
449.9	2.34732e-06
450	2.39472e-06
450.1	2.44328e-06
450.2	2.49292e-06
450.3	2.54358e-06
450.4	2.5952e-06
450.5	2.64773e-06
450.6	2.70111e-06
450.7	2.75529e-06
450.8	2.81023e-06
450.9	2.86588e-06
451	2.8395e-06
451.1	2.79968e-06
451.2	2.76024e-06
451.3	2.72118e-06
451.4	2.68253e-06
451.5	2.6443e-06
451.6	2.60651e-06
451.7	2.56919e-06
451.8	2.53234e-06
451.9	2.496e-06
452	2.46018e-06
452.1	2.42491e-06
452.2	2.39022e-06
452.3	2.35612e-06
452.4	2.32264e-06
452.5	2.28982e-06
452.6	2.25768e-06
452.7	2.22625e-06
452.8	2.19555e-06
452.9	2.16563e-06
453	2.13652e-06
453.1	2.10824e-06
453.2	2.08083e-06
453.3	2.05432e-06
453.4	2.02876e-06
453.5	2.00418e-06
453.6	1.98061e-06
453.7	1.93295e-06
453.8	1.88729e-06
453.9	1.84842e-06
454	1.81678e-06
454.1	1.79275e-06
454.2	1.77664e-06
454.3	1.76867e-06
454.4	1.76894e-06
454.5	1.77745e-06
454.6	1.79409e-06
454.7	1.81863e-06
454.8	1.85075e-06
454.9	1.89008e-06
455	1.93616e-06
455.1	1.98854e-06
455.2	2.04673e-06
455.3	2.11024e-06
455.4	2.17862e-06
455.5	2.2485e-06
455.6	2.263e-06
455.7	2.27764e-06
455.8	2.29243e-06
455.9	2.30736e-06
456	2.32243e-06
456.1	2.33764e-06
456.2	2.35298e-06
456.3	2.36845e-06
456.4	2.38405e-06
456.5	2.39977e-06
456.6	2.41562e-06
456.7	2.43159e-06
456.8	2.44767e-06
456.9	2.46388e-06
457	2.48019e-06
457.1	2.49662e-06
457.2	2.51316e-06
457.3	2.5298e-06
457.4	2.54655e-06
457.5	2.56341e-06
457.6	2.58036e-06
457.7	2.59741e-06
457.8	2.61456e-06
457.9	2.63181e-06
458	2.64915e-06
458.1	2.66658e-06
458.2	2.6841e-06
458.3	2.70171e-06
458.4	2.7194e-06
458.5	2.65898e-06
458.6	2.58831e-06
458.7	2.51929e-06
458.8	2.45207e-06
458.9	2.38678e-06
459	2.32359e-06
459.1	2.26269e-06
459.2	2.20425e-06
459.3	2.14849e-06
459.4	2.09561e-06
459.5	2.04583e-06
459.6	1.9994e-06
459.7	1.95654e-06
459.8	1.9175e-06
459.9	1.88251e-06
460	1.85181e-06
460.1	1.8256e-06
460.2	1.8041e-06
460.3	1.78746e-06
460.4	1.77582e-06
460.5	1.76929e-06
460.6	1.76791e-06
460.7	1.77159e-06
460.8	1.78025e-06
460.9	1.79381e-06
461	1.81215e-06
461.1	1.83514e-06
461.2	1.86261e-06
461.3	1.89435e-06
461.4	1.93016e-06
461.5	1.96982e-06
461.6	2.0131e-06
461.7	2.05977e-06
461.8	2.1096e-06
461.9	2.16239e-06
462	2.2179e-06
462.1	2.27596e-06
462.2	2.33636e-06
462.3	2.39893e-06
462.4	2.4635e-06
462.5	2.52993e-06
462.6	2.59807e-06
462.7	2.66778e-06
462.8	2.7367e-06
462.9	2.71744e-06
463	2.69828e-06
463.1	2.67922e-06
463.2	2.66026e-06
463.3	2.64141e-06
463.4	2.62267e-06
463.5	2.60404e-06
463.6	2.58552e-06
463.7	2.56712e-06
463.8	2.54883e-06
463.9	2.53067e-06
464	2.51263e-06
464.1	2.49472e-06
464.2	2.47693e-06
464.3	2.45928e-06
464.4	2.44176e-06
464.5	2.42438e-06
464.6	2.40714e-06
464.7	2.39004e-06
464.8	2.37309e-06
464.9	2.35629e-06
465	2.33964e-06
465.1	2.32315e-06
465.2	2.30681e-06
465.3	2.29064e-06
465.4	2.27464e-06
465.5	2.25881e-06
465.6	2.24315e-06
465.7	2.22766e-06
465.8	2.1585e-06
465.9	2.09125e-06
466	2.02904e-06
466.1	1.97233e-06
466.2	1.92161e-06
466.3	1.87737e-06
466.4	1.84008e-06
466.5	1.81016e-06
466.6	1.78799e-06
466.7	1.77386e-06
466.8	1.76795e-06
466.9	1.77036e-06
467	1.78104e-06
467.1	1.79986e-06
467.2	1.82655e-06
467.3	1.86078e-06
467.4	1.90215e-06
467.5	1.95019e-06
467.6	1.99813e-06
467.7	2.02152e-06
467.8	2.04583e-06
467.9	2.07102e-06
468	2.09707e-06
468.1	2.12393e-06
468.2	2.15158e-06
468.3	2.17999e-06
468.4	2.20914e-06
468.5	2.23898e-06
468.6	2.26949e-06
468.7	2.30066e-06
468.8	2.33244e-06
468.9	2.36482e-06
469	2.39777e-06
469.1	2.43127e-06
469.2	2.46529e-06
469.3	2.49982e-06
469.4	2.53484e-06
469.5	2.57032e-06
469.6	2.60624e-06
469.7	2.64259e-06
469.8	2.67935e-06
469.9	2.7165e-06
470	2.75403e-06
470.1	2.79193e-06
470.2	2.83016e-06
470.3	2.86847e-06
470.4	2.81136e-06
470.5	2.755e-06
470.6	2.69943e-06
470.7	2.64471e-06
470.8	2.59089e-06
470.9	2.53803e-06
471	2.48619e-06
471.1	2.43543e-06
471.2	2.38582e-06
471.3	2.33743e-06
471.4	2.29035e-06
471.5	2.24466e-06
471.6	2.20044e-06
471.7	2.15778e-06
471.8	2.11678e-06
471.9	2.07753e-06
472	2.04014e-06
472.1	2.00471e-06
472.2	1.97134e-06
472.3	1.94015e-06
472.4	1.91123e-06
472.5	1.8847e-06
472.6	1.86066e-06
472.7	1.83919e-06
472.8	1.81653e-06
472.9	1.79407e-06
473	1.77839e-06
473.1	1.76967e-06
473.2	1.76802e-06
473.3	1.77345e-06
473.4	1.7859e-06
473.5	1.80522e-06
473.6	1.83119e-06
473.7	1.86355e-06
473.8	1.90195e-06
473.9	1.94605e-06
474	1.99547e-06
474.1	2.04981e-06
474.2	2.10871e-06
474.3	2.17179e-06
474.4	2.2387e-06
474.5	2.3091e-06
474.6	2.38268e-06
474.7	2.45916e-06
474.8	2.49324e-06
474.9	2.49371e-06
475	2.49418e-06
475.1	2.49465e-06
475.2	2.49512e-06
475.3	2.49559e-06
475.4	2.49606e-06
475.5	2.49653e-06
475.6	2.497e-06
475.7	2.49747e-06
475.8	2.49794e-06
475.9	2.49841e-06
476	2.49888e-06
476.1	2.49935e-06
476.2	2.49982e-06
476.3	2.50029e-06
476.4	2.50076e-06
476.5	2.50123e-06
476.6	2.5017e-06
476.7	2.50218e-06
476.8	2.50265e-06
476.9	2.50312e-06
477	2.50359e-06
477.1	2.50406e-06
477.2	2.50453e-06
477.3	2.505e-06
477.4	2.50548e-06
477.5	2.50595e-06
477.6	2.50642e-06
477.7	2.50689e-06
477.8	2.44817e-06
477.9	2.37257e-06
478	2.29987e-06
478.1	2.23036e-06
478.2	2.16433e-06
478.3	2.10211e-06
478.4	2.04406e-06
478.5	1.99054e-06
478.6	1.94192e-06
478.7	1.89858e-06
478.8	1.86089e-06
478.9	1.8292e-06
479	1.80382e-06
479.1	1.78502e-06
479.2	1.77302e-06
479.3	1.76795e-06
479.4	1.76986e-06
479.5	1.77875e-06
479.6	1.7945e-06
479.7	1.81693e-06
479.8	1.83739e-06
479.9	1.859e-06
480	1.88329e-06
480.1	1.91016e-06
480.2	1.93949e-06
480.3	1.97118e-06
480.4	2.00512e-06
480.5	2.0412e-06
480.6	2.0793e-06
480.7	2.11932e-06
480.8	2.16114e-06
480.9	2.20467e-06
481	2.24981e-06
481.1	2.29645e-06
481.2	2.34452e-06
481.3	2.39393e-06
481.4	2.44459e-06
481.5	2.49643e-06
481.6	2.54938e-06
481.7	2.60336e-06
481.8	2.65833e-06
481.9	2.7142e-06
482	2.77094e-06
482.1	2.82849e-06
482.2	2.85023e-06
482.3	2.81284e-06
482.4	2.77577e-06
482.5	2.73903e-06
482.6	2.70265e-06
482.7	2.66662e-06
482.8	2.63097e-06
482.9	2.59572e-06
483	2.56088e-06
483.1	2.52646e-06
483.2	2.49248e-06
483.3	2.45897e-06
483.4	2.42594e-06
483.5	2.39341e-06
483.6	2.36141e-06
483.7	2.32995e-06
483.8	2.29905e-06
483.9	2.26875e-06
484	2.23905e-06
484.1	2.21e-06
484.2	2.18161e-06
484.3	2.1539e-06
484.4	2.12692e-06
484.5	2.10068e-06
484.6	2.07521e-06
484.7	2.05054e-06
484.8	2.0267e-06
484.9	2.00133e-06
485	1.94731e-06
485.1	1.89954e-06
485.2	1.8585e-06
485.3	1.82465e-06
485.4	1.7984e-06
485.5	1.78007e-06
485.6	1.76993e-06
485.7	1.7681e-06
485.8	1.77461e-06
485.9	1.78937e-06
486	1.81219e-06
486.1	1.84275e-06
486.2	1.88069e-06
486.3	1.92557e-06
486.4	1.97691e-06
486.5	2.03423e-06
486.6	2.09703e-06
486.7	2.16484e-06
486.8	2.21818e-06
486.9	2.23436e-06
487	2.25074e-06
487.1	2.26732e-06
487.2	2.28409e-06
487.3	2.30104e-06
487.4	2.31818e-06
487.5	2.33549e-06
487.6	2.35298e-06
487.7	2.37064e-06
487.8	2.38846e-06
487.9	2.40645e-06
488	2.42459e-06
488.1	2.44289e-06
488.2	2.46134e-06
488.3	2.47995e-06
488.4	2.49869e-06
488.5	2.51758e-06
488.6	2.53661e-06
488.7	2.55577e-06
488.8	2.57507e-06
488.9	2.59449e-06
489	2.61405e-06
489.1	2.63372e-06
489.2	2.65352e-06
489.3	2.67344e-06
489.4	2.69347e-06
489.5	2.71362e-06
489.6	2.73387e-06
489.7	2.72341e-06
489.8	2.65335e-06
489.9	2.58474e-06
490	2.51769e-06
490.1	2.45234e-06
490.2	2.38882e-06
490.3	2.32729e-06
490.4	2.2679e-06
490.5	2.21083e-06
490.6	2.15626e-06
490.7	2.10439e-06
490.8	2.05542e-06
490.9	2.00956e-06
491	1.96704e-06
491.1	1.92806e-06
491.2	1.89286e-06
491.3	1.86164e-06
491.4	1.8346e-06
491.5	1.81195e-06
491.6	1.79383e-06
491.7	1.7804e-06
491.8	1.77175e-06
491.9	1.76794e-06
492	1.76922e-06
492.1	1.77577e-06
492.2	1.78753e-06
492.3	1.80441e-06
492.4	1.82626e-06
492.5	1.8529e-06
492.6	1.88413e-06
492.7	1.91973e-06
492.8	1.95946e-06
492.9	2.00307e-06
493	2.05032e-06
493.1	2.10096e-06
493.2	2.15475e-06
493.3	2.21146e-06
493.4	2.27088e-06
493.5	2.33279e-06
493.6	2.397e-06
493.7	2.46334e-06
493.8	2.53163e-06
493.9	2.60173e-06
494	2.67348e-06
494.1	2.70271e-06
494.2	2.6861e-06
494.3	2.66956e-06
494.4	2.65311e-06
494.5	2.63674e-06
494.6	2.62045e-06
494.7	2.60424e-06
494.8	2.58812e-06
494.9	2.57209e-06
495	2.55614e-06
495.1	2.54029e-06
495.2	2.52453e-06
495.3	2.50886e-06
495.4	2.49329e-06
495.5	2.47781e-06
495.6	2.46244e-06
495.7	2.44717e-06
495.8	2.432e-06
495.9	2.41693e-06
496	2.40198e-06
496.1	2.38713e-06
496.2	2.37239e-06
496.3	2.35777e-06
496.4	2.34326e-06
496.5	2.32887e-06
496.6	2.3146e-06
496.7	2.30046e-06
496.8	2.28643e-06
496.9	2.27254e-06
497	2.2441e-06
497.1	2.1719e-06
497.2	2.10414e-06
497.3	2.04125e-06
497.4	1.98371e-06
497.5	1.93199e-06
497.6	1.88657e-06
497.7	1.84792e-06
497.8	1.81646e-06
497.9	1.79257e-06
498	1.77656e-06
498.1	1.76865e-06
498.2	1.76895e-06
498.3	1.77744e-06
498.4	1.79401e-06
498.5	1.81845e-06
498.6	1.85043e-06
498.7	1.88958e-06
498.8	1.93547e-06
498.9	1.97562e-06
499	1.99958e-06
499.1	2.02461e-06
499.2	2.05067e-06
499.3	2.07774e-06
499.4	2.10575e-06
499.5	2.13469e-06
499.6	2.16451e-06
499.7	2.19518e-06
499.8	2.22666e-06
499.9	2.25892e-06
