0	2.5e-06
0.1	2.5e-06
0.2	2.5e-06
0.3	2.5e-06
0.4	2.5e-06
0.5	2.5e-06
0.6	2.5e-06
0.7	2.5e-06
0.8	2.5e-06
0.9	2.5e-06
1	2.5e-06
1.1	2.5e-06
1.2	2.5e-06
1.3	2.5e-06
1.4	2.5e-06
1.5	2.5e-06
1.6	2.47366e-06
1.7	2.42433e-06
1.8	2.37611e-06
1.9	2.32908e-06
2	2.28331e-06
2.1	2.23887e-06
2.2	2.19585e-06
2.3	2.15433e-06
2.4	2.11439e-06
2.5	2.07614e-06
2.6	2.03966e-06
2.7	2.00505e-06
2.8	1.97241e-06
2.9	1.94184e-06
3	1.91344e-06
3.1	1.88731e-06
3.2	1.86354e-06
3.3	1.84222e-06
3.4	1.82344e-06
3.5	1.80728e-06
3.6	1.79381e-06
3.7	1.78309e-06
3.8	1.77413e-06
3.9	1.76897e-06
4	1.76788e-06
4.1	1.77087e-06
4.2	1.77792e-06
4.3	1.78898e-06
4.4	1.80398e-06
4.5	1.82281e-06
4.6	1.84537e-06
4.7	1.87152e-06
4.8	1.90111e-06
4.9	1.93398e-06
5	1.96996e-06
5.1	2.0089e-06
5.2	2.05062e-06
5.3	2.09495e-06
5.4	2.14174e-06
5.5	2.19083e-06
5.6	2.24205e-06
5.7	2.26876e-06
5.8	2.28133e-06
5.9	2.29401e-06
6	2.3068e-06
6.1	2.31968e-06
6.2	2.33267e-06
6.3	2.34575e-06
6.4	2.35893e-06
6.5	2.37221e-06
6.6	2.38558e-06
6.7	2.39904e-06
6.8	2.41259e-06
6.9	2.42623e-06
7	2.43996e-06
7.1	2.45378e-06
7.2	2.46767e-06
7.3	2.48165e-06
7.4	2.49572e-06
7.5	2.50986e-06
7.6	2.52408e-06
7.7	2.53838e-06
7.8	2.55276e-06
7.9	2.56721e-06
8	2.58173e-06
8.1	2.59633e-06
8.2	2.611e-06
8.3	2.62574e-06
8.4	2.64054e-06
8.5	2.65542e-06
8.6	2.67036e-06
8.7	2.64646e-06
8.8	2.60679e-06
8.9	2.56762e-06
9	2.52899e-06
9.1	2.49091e-06
9.2	2.45342e-06
9.3	2.41653e-06
9.4	2.38029e-06
9.5	2.3447e-06
9.6	2.30982e-06
9.7	2.27567e-06
9.8	2.24228e-06
9.9	2.20968e-06
10	2.17792e-06
10.1	2.14703e-06
10.2	2.11705e-06
10.3	2.08802e-06
10.4	2.05997e-06
10.5	2.03296e-06
10.6	2.00701e-06
10.7	1.98217e-06
10.8	1.95849e-06
10.9	1.93601e-06
11	1.91477e-06
11.1	1.8948e-06
11.2	1.86599e-06
11.3	1.83859e-06
11.4	1.81545e-06
11.5	1.79673e-06
11.6	1.78258e-06
11.7	1.77309e-06
11.8	1.76835e-06
11.9	1.76839e-06
12	1.77321e-06
12.1	1.78278e-06
12.2	1.79701e-06
12.3	1.81581e-06
12.4	1.83902e-06
12.5	1.86649e-06
12.6	1.89802e-06
12.7	1.93343e-06
12.8	1.9725e-06
12.9	2.01501e-06
13	2.04044e-06
13.1	2.06062e-06
13.2	2.08137e-06
13.3	2.10267e-06
13.4	2.1245e-06
13.5	2.14684e-06
13.6	2.16969e-06
13.7	2.19302e-06
13.8	2.21683e-06
13.9	2.24109e-06
14	2.26578e-06
14.1	2.29091e-06
14.2	2.31645e-06
14.3	2.34238e-06
14.4	2.3687e-06
14.5	2.3954e-06
14.6	2.42245e-06
14.7	2.44986e-06
14.8	2.4776e-06
14.9	2.50567e-06
15	2.53405e-06
15.1	2.56274e-06
15.2	2.59172e-06
15.3	2.62098e-06
15.4	2.65053e-06
15.5	2.68033e-06
15.6	2.7104e-06
15.7	2.71384e-06
15.8	2.68797e-06
15.9	2.66228e-06
16	2.63678e-06
16.1	2.61149e-06
16.2	2.5864e-06
16.3	2.56152e-06
16.4	2.53687e-06
16.5	2.51243e-06
16.6	2.48823e-06
16.7	2.46426e-06
16.8	2.44054e-06
16.9	2.41707e-06
17	2.39386e-06
17.1	2.37092e-06
17.2	2.34825e-06
17.3	2.32586e-06
17.4	2.30377e-06
17.5	2.28197e-06
17.6	2.26048e-06
17.7	2.23931e-06
17.8	2.21847e-06
17.9	2.19796e-06
18	2.17779e-06
18.1	2.15798e-06
18.2	2.13853e-06
18.3	2.11946e-06
18.4	2.10078e-06
18.5	2.07313e-06
18.6	2.02717e-06
18.7	1.9843e-06
18.8	1.94473e-06
18.9	1.90866e-06
19	1.8763e-06
19.1	1.84784e-06
19.2	1.82347e-06
19.3	1.80334e-06
19.4	1.78761e-06
19.5	1.77639e-06
19.6	1.76976e-06
19.7	1.76778e-06
19.8	1.77046e-06
19.9	1.77779e-06
20	1.7897e-06
20.1	1.8061e-06
20.2	1.82688e-06
20.3	1.85117e-06
20.4	1.8695e-06
20.5	1.88949e-06
20.6	1.91108e-06
20.7	1.93424e-06
20.8	1.95889e-06
20.9	1.98498e-06
21	2.01246e-06
21.1	2.04127e-06
21.2	2.07135e-06
21.3	2.10266e-06
21.4	2.13513e-06
21.5	2.16872e-06
21.6	2.20337e-06
21.7	2.23903e-06
21.8	2.27567e-06
21.9	2.31322e-06
22	2.35164e-06
22.1	2.39091e-06
22.2	2.43096e-06
22.3	2.47177e-06
22.4	2.5133e-06
22.5	2.55551e-06
22.6	2.59838e-06
22.7	2.63409e-06
22.8	2.6235e-06
22.9	2.61295e-06
23	2.60243e-06
23.1	2.59195e-06
23.2	2.5815e-06
23.3	2.5711e-06
23.4	2.56073e-06
23.5	2.5504e-06
23.6	2.54011e-06
23.7	2.52985e-06
23.8	2.51964e-06
23.9	2.50946e-06
24	2.49933e-06
24.1	2.48924e-06
24.2	2.47919e-06
24.3	2.46918e-06
24.4	2.45921e-06
24.5	2.44929e-06
24.6	2.43941e-06
24.7	2.42957e-06
24.8	2.41978e-06
24.9	2.41003e-06
25	2.40033e-06
25.1	2.39068e-06
25.2	2.38107e-06
25.3	2.37151e-06
25.4	2.362e-06
25.5	2.35254e-06
25.6	2.34312e-06
25.7	2.33376e-06
25.8	2.29327e-06
25.9	2.24216e-06
26	2.19289e-06
26.1	2.14559e-06
26.2	2.10041e-06
26.3	2.05747e-06
26.4	2.01692e-06
26.5	1.97891e-06
26.6	1.94359e-06
26.7	1.91111e-06
26.8	1.88161e-06
26.9	1.85523e-06
27	1.83211e-06
27.1	1.81238e-06
27.2	1.79615e-06
27.3	1.7835e-06
27.4	1.77453e-06
27.5	1.76928e-06
27.6	1.76779e-06
27.7	1.77006e-06
27.8	1.77557e-06
27.9	1.78425e-06
28	1.79609e-06
28.1	1.81101e-06
28.2	1.82894e-06
28.3	1.8498e-06
28.4	1.87349e-06
28.5	1.89989e-06
28.6	1.92891e-06
28.7	1.96043e-06
28.8	1.99431e-06
28.9	2.03046e-06
29	2.06875e-06
29.1	2.10905e-06
29.2	2.15127e-06
29.3	2.19528e-06
29.4	2.24099e-06
29.5	2.28829e-06
29.6	2.33708e-06
29.7	2.38728e-06
29.8	2.43577e-06
29.9	2.43968e-06
30	2.44359e-06
30.1	2.44752e-06
30.2	2.45145e-06
30.3	2.45538e-06
30.4	2.45933e-06
30.5	2.46328e-06
30.6	2.46723e-06
30.7	2.4712e-06
30.8	2.47517e-06
30.9	2.47914e-06
31	2.48313e-06
31.1	2.48712e-06
31.2	2.49111e-06
31.3	2.49512e-06
31.4	2.49913e-06
31.5	2.50314e-06
31.6	2.50716e-06
31.7	2.51119e-06
31.8	2.51523e-06
31.9	2.51927e-06
32	2.52332e-06
32.1	2.52737e-06
32.2	2.53143e-06
32.3	2.5355e-06
32.4	2.53957e-06
32.5	2.54365e-06
32.6	2.54774e-06
32.7	2.55183e-06
32.8	2.55592e-06
32.9	2.54973e-06
33	2.50219e-06
33.1	2.45553e-06
33.2	2.4098e-06
33.3	2.36507e-06
33.4	2.32138e-06
33.5	2.2788e-06
33.6	2.23739e-06
33.7	2.19721e-06
33.8	2.15835e-06
33.9	2.12085e-06
34	2.08482e-06
34.1	2.05031e-06
34.2	2.0174e-06
34.3	1.98618e-06
34.4	1.95673e-06
34.5	1.92913e-06
34.6	1.90346e-06
34.7	1.87979e-06
34.8	1.85821e-06
34.9	1.83879e-06
35	1.82159e-06
35.1	1.80668e-06
35.2	1.79173e-06
35.3	1.77953e-06
35.4	1.77161e-06
35.5	1.768e-06
35.6	1.76875e-06
35.7	1.77384e-06
35.8	1.78324e-06
35.9	1.79687e-06
36	1.81466e-06
36.1	1.83646e-06
36.2	1.86215e-06
36.3	1.89156e-06
36.4	1.92453e-06
36.5	1.96087e-06
36.6	2.0004e-06
36.7	2.04294e-06
36.8	2.0883e-06
36.9	2.1363e-06
37	2.18677e-06
37.1	2.20474e-06
37.2	2.22016e-06
37.3	2.23577e-06
37.4	2.25157e-06
37.5	2.26754e-06
37.6	2.28369e-06
37.7	2.30001e-06
37.8	2.3165e-06
37.9	2.33315e-06
38	2.34997e-06
38.1	2.36695e-06
38.2	2.38408e-06
38.3	2.40136e-06
38.4	2.41879e-06
38.5	2.43637e-06
38.6	2.45409e-06
38.7	2.47194e-06
38.8	2.48994e-06
38.9	2.50806e-06
39	2.52632e-06
39.1	2.5447e-06
39.2	2.56321e-06
39.3	2.58184e-06
39.4	2.60059e-06
39.5	2.61946e-06
39.6	2.63844e-06
39.7	2.65754e-06
39.8	2.67674e-06
39.9	2.69605e-06
40	2.68171e-06
40.1	2.64563e-06
40.2	2.60995e-06
40.3	2.57467e-06
40.4	2.53982e-06
40.5	2.50542e-06
40.6	2.47148e-06
40.7	2.43801e-06
40.8	2.40505e-06
40.9	2.37262e-06
41	2.34072e-06
41.1	2.3094e-06
41.2	2.27866e-06
41.3	2.24854e-06
41.4	2.21906e-06
41.5	2.19024e-06
41.6	2.16212e-06
41.7	2.13471e-06
41.8	2.10805e-06
41.9	2.08217e-06
42	2.05709e-06
42.1	2.03285e-06
42.2	2.00948e-06
42.3	1.987e-06
42.4	1.96544e-06
42.5	1.94485e-06
42.6	1.9125e-06
42.7	1.87913e-06
42.8	1.84979e-06
42.9	1.82468e-06
43	1.80397e-06
43.1	1.78782e-06
43.2	1.77636e-06
43.3	1.76966e-06
43.4	1.7678e-06
43.5	1.77078e-06
43.6	1.77857e-06
43.7	1.79112e-06
43.8	1.80833e-06
43.9	1.83006e-06
44	1.85616e-06
44.1	1.88644e-06
44.2	1.92071e-06
44.3	1.95876e-06
44.4	1.98332e-06
44.5	2.0043e-06
44.6	2.02608e-06
44.7	2.04864e-06
44.8	2.07194e-06
44.9	2.09596e-06
45	2.12069e-06
45.1	2.14609e-06
45.2	2.17214e-06
45.3	2.19881e-06
45.4	2.2261e-06
45.5	2.25396e-06
45.6	2.28239e-06
45.7	2.31136e-06
45.8	2.34085e-06
45.9	2.37084e-06
46	2.40132e-06
46.1	2.43226e-06
46.2	2.46364e-06
46.3	2.49546e-06
46.4	2.52769e-06
46.5	2.56032e-06
46.6	2.59334e-06
46.7	2.62672e-06
46.8	2.66046e-06
46.9	2.69453e-06
47	2.7053e-06
47.1	2.68372e-06
47.2	2.66228e-06
47.3	2.64098e-06
47.4	2.61981e-06
47.5	2.59878e-06
47.6	2.5779e-06
47.7	2.55717e-06
47.8	2.53659e-06
47.9	2.51617e-06
48	2.4959e-06
48.1	2.4758e-06
48.2	2.45587e-06
48.3	2.43612e-06
48.4	2.41654e-06
48.5	2.39714e-06
48.6	2.37792e-06
48.7	2.3589e-06
48.8	2.34007e-06
48.9	2.32144e-06
49	2.30301e-06
49.1	2.28479e-06
49.2	2.26679e-06
49.3	2.24901e-06
49.4	2.23145e-06
49.5	2.21412e-06
49.6	2.19702e-06
49.7	2.18017e-06
49.8	2.16356e-06
49.9	2.13121e-06
50	2.08284e-06
50.1	2.03719e-06
50.2	1.99448e-06
50.3	1.95488e-06
50.4	1.91859e-06
50.5	1.8858e-06
50.6	1.85669e-06
50.7	1.83145e-06
50.8	1.81024e-06
50.9	1.79319e-06
51	1.78042e-06
51.1	1.77204e-06
51.2	1.76809e-06
51.3	1.76862e-06
51.4	1.77361e-06
51.5	1.78304e-06
51.6	1.79682e-06
51.7	1.81486e-06
51.8	1.83092e-06
51.9	1.84862e-06
52	1.86835e-06
52.1	1.89003e-06
52.2	1.91362e-06
52.3	1.93903e-06
52.4	1.96619e-06
52.5	1.99504e-06
52.6	2.02551e-06
52.7	2.05751e-06
52.8	2.09098e-06
52.9	2.12586e-06
53	2.16206e-06
53.1	2.19954e-06
53.2	2.23821e-06
53.3	2.27803e-06
53.4	2.31893e-06
53.5	2.36086e-06
53.6	2.40376e-06
53.7	2.44758e-06
53.8	2.49228e-06
53.9	2.5378e-06
54	2.58411e-06
54.1	2.58155e-06
54.2	2.57527e-06
54.3	2.569e-06
54.4	2.56275e-06
54.5	2.55651e-06
54.6	2.55028e-06
54.7	2.54407e-06
54.8	2.53787e-06
54.9	2.53168e-06
55	2.52551e-06
55.1	2.51936e-06
55.2	2.51321e-06
55.3	2.50709e-06
55.4	2.50098e-06
55.5	2.49488e-06
55.6	2.4888e-06
55.7	2.48273e-06
55.8	2.47668e-06
55.9	2.47064e-06
56	2.46462e-06
56.1	2.45862e-06
56.2	2.45263e-06
56.3	2.44665e-06
56.4	2.44069e-06
56.5	2.43475e-06
56.6	2.42883e-06
56.7	2.42292e-06
56.8	2.41702e-06
56.9	2.41115e-06
57	2.40529e-06
57.1	2.39133e-06
57.2	2.33962e-06
57.3	2.28939e-06
57.4	2.24074e-06
57.5	2.19377e-06
57.6	2.1486e-06
57.7	2.10533e-06
57.8	2.06409e-06
57.9	2.02501e-06
58	1.98821e-06
58.1	1.95381e-06
58.2	1.92196e-06
58.3	1.89276e-06
58.4	1.86637e-06
58.5	1.84288e-06
58.6	1.82241e-06
58.7	1.80508e-06
58.8	1.79096e-06
58.9	1.78013e-06
59	1.77266e-06
59.1	1.76858e-06
59.2	1.76795e-06
59.3	1.77089e-06
59.4	1.7774e-06
59.5	1.78745e-06
59.6	1.80097e-06
59.7	1.81789e-06
59.8	1.83811e-06
59.9	1.86153e-06
60	1.88803e-06
60.1	1.91748e-06
60.2	1.94974e-06
60.3	1.98468e-06
60.4	2.02216e-06
60.5	2.06205e-06
60.6	2.10419e-06
60.7	2.14847e-06
60.8	2.19476e-06
60.9	2.24292e-06
61	2.29284e-06
61.1	2.34441e-06
61.2	2.37169e-06
61.3	2.37928e-06
61.4	2.38689e-06
61.5	2.39453e-06
61.6	2.40221e-06
61.7	2.40991e-06
61.8	2.41764e-06
61.9	2.4254e-06
62	2.43319e-06
62.1	2.441e-06
62.2	2.44885e-06
62.3	2.45672e-06
62.4	2.46461e-06
62.5	2.47254e-06
62.6	2.48049e-06
62.7	2.48847e-06
62.8	2.49647e-06
62.9	2.5045e-06
63	2.51256e-06
63.1	2.52064e-06
63.2	2.52874e-06
63.3	2.53687e-06
63.4	2.54503e-06
63.5	2.55321e-06
63.6	2.56141e-06
63.7	2.56964e-06
63.8	2.57789e-06
63.9	2.58617e-06
64	2.59447e-06
64.1	2.60279e-06
64.2	2.61114e-06
64.3	2.56895e-06
64.4	2.52462e-06
64.5	2.48102e-06
64.6	2.43821e-06
64.7	2.39621e-06
64.8	2.35507e-06
64.9	2.31484e-06
65	2.27556e-06
65.1	2.23729e-06
65.2	2.20008e-06
65.3	2.16399e-06
65.4	2.12906e-06
65.5	2.09536e-06
65.6	2.06295e-06
65.7	2.03189e-06
65.8	2.00224e-06
65.9	1.97407e-06
66	1.94744e-06
66.1	1.92242e-06
66.2	1.89906e-06
66.3	1.87744e-06
66.4	1.8576e-06
66.5	1.83961e-06
66.6	1.82005e-06
66.7	1.80077e-06
66.8	1.78581e-06
66.9	1.77529e-06
67	1.76929e-06
67.1	1.76784e-06
67.2	1.77097e-06
67.3	1.77864e-06
67.4	1.79081e-06
67.5	1.80737e-06
67.6	1.82821e-06
67.7	1.85318e-06
67.8	1.88212e-06
67.9	1.91486e-06
68	1.95119e-06
68.1	1.99092e-06
68.2	2.03386e-06
68.3	2.0798e-06
68.4	2.12458e-06
68.5	2.1421e-06
68.6	2.15993e-06
68.7	2.17806e-06
68.8	2.19649e-06
68.9	2.21521e-06
69	2.23421e-06
69.1	2.25349e-06
69.2	2.27303e-06
69.3	2.29283e-06
69.4	2.31289e-06
69.5	2.33319e-06
69.6	2.35374e-06
69.7	2.37452e-06
69.8	2.39553e-06
69.9	2.41676e-06
70	2.4382e-06
70.1	2.45986e-06
70.2	2.48173e-06
70.3	2.50379e-06
70.4	2.52605e-06
70.5	2.5485e-06
70.6	2.57114e-06
70.7	2.59395e-06
70.8	2.61694e-06
70.9	2.6401e-06
71	2.66343e-06
71.1	2.68692e-06
71.2	2.71057e-06
71.3	2.70412e-06
71.4	2.67194e-06
71.5	2.64006e-06
71.6	2.60848e-06
71.7	2.57723e-06
71.8	2.54631e-06
71.9	2.51574e-06
72	2.48552e-06
72.1	2.45568e-06
72.2	2.42622e-06
72.3	2.39716e-06
72.4	2.36851e-06
72.5	2.3403e-06
72.6	2.31252e-06
72.7	2.28521e-06
72.8	2.25838e-06
72.9	2.23205e-06
73	2.20622e-06
73.1	2.18093e-06
73.2	2.15619e-06
73.3	2.13201e-06
73.4	2.10843e-06
73.5	2.08545e-06
73.6	2.0631e-06
73.7	2.04141e-06
73.8	2.02038e-06
73.9	2.00004e-06
74	1.96449e-06
74.1	1.92598e-06
74.2	1.89121e-06
74.3	1.86039e-06
74.4	1.8337e-06
74.5	1.81134e-06
74.6	1.79346e-06
74.7	1.78021e-06
74.8	1.77168e-06
74.9	1.76795e-06
75	1.76904e-06
75.1	1.77494e-06
75.2	1.78562e-06
75.3	1.80097e-06
75.4	1.82089e-06
75.5	1.84523e-06
75.6	1.87381e-06
75.7	1.90644e-06
75.8	1.93034e-06
75.9	1.95131e-06
76	1.97338e-06
76.1	1.99649e-06
76.2	2.02062e-06
76.3	2.04573e-06
76.4	2.07179e-06
76.5	2.09875e-06
76.6	2.12658e-06
76.7	2.15526e-06
76.8	2.18474e-06
76.9	2.21499e-06
77	2.24599e-06
77.1	2.27771e-06
77.2	2.3101e-06
77.3	2.34315e-06
77.4	2.37683e-06
77.5	2.41111e-06
77.6	2.44597e-06
77.7	2.48138e-06
77.8	2.51732e-06
77.9	2.55376e-06
78	2.59069e-06
78.1	2.62809e-06
78.2	2.66593e-06
78.3	2.6853e-06
78.4	2.66808e-06
78.5	2.65095e-06
78.6	2.63391e-06
78.7	2.61696e-06
78.8	2.6001e-06
78.9	2.58333e-06
79	2.56666e-06
79.1	2.55009e-06
79.2	2.53361e-06
79.3	2.51724e-06
79.4	2.50097e-06
79.5	2.4848e-06
79.6	2.46874e-06
79.7	2.45279e-06
79.8	2.43696e-06
79.9	2.42123e-06
80	2.40562e-06
80.1	2.39013e-06
80.2	2.37476e-06
80.3	2.35951e-06
80.4	2.34439e-06
80.5	2.32939e-06
80.6	2.31453e-06
80.7	2.2998e-06
80.8	2.2852e-06
80.9	2.27074e-06
81	2.25642e-06
81.1	2.24224e-06
81.2	2.22821e-06
81.3	2.1876e-06
81.4	2.1378e-06
81.5	2.0904e-06
81.6	2.04555e-06
81.7	2.00344e-06
81.8	1.96423e-06
81.9	1.92811e-06
82	1.89524e-06
82.1	1.86581e-06
82.2	1.83997e-06
82.3	1.81788e-06
82.4	1.79969e-06
82.5	1.78549e-06
82.6	1.7754e-06
82.7	1.76949e-06
82.8	1.76779e-06
82.9	1.77031e-06
83	1.77705e-06
83.1	1.78795e-06
83.2	1.80042e-06
83.3	1.81473e-06
83.4	1.83153e-06
83.5	1.85074e-06
83.6	1.87228e-06
83.7	1.89608e-06
83.8	1.92206e-06
83.9	1.95012e-06
84	1.98018e-06
84.1	2.01215e-06
84.2	2.04594e-06
84.3	2.08146e-06
84.4	2.11863e-06
84.5	2.15735e-06
84.6	2.19755e-06
84.7	2.23915e-06
84.8	2.28206e-06
84.9	2.32623e-06
85	2.37157e-06
85.1	2.41802e-06
85.2	2.46552e-06
85.3	2.51401e-06
85.4	2.5302e-06
85.5	2.52809e-06
85.6	2.52598e-06
85.7	2.52387e-06
85.8	2.52176e-06
85.9	2.51966e-06
86	2.51756e-06
86.1	2.51545e-06
86.2	2.51336e-06
86.3	2.51126e-06
86.4	2.50916e-06
86.5	2.50707e-06
86.6	2.50497e-06
86.7	2.50288e-06
86.8	2.50079e-06
86.9	2.4987e-06
87	2.49662e-06
87.1	2.49453e-06
87.2	2.49245e-06
87.3	2.49037e-06
87.4	2.48829e-06
87.5	2.48622e-06
87.6	2.48414e-06
87.7	2.48207e-06
87.8	2.47999e-06
87.9	2.47792e-06
88	2.47586e-06
88.1	2.47379e-06
88.2	2.47173e-06
88.3	2.46966e-06
88.4	2.4676e-06
88.5	2.43052e-06
88.6	2.3806e-06
88.7	2.33193e-06
88.8	2.2846e-06
88.9	2.23869e-06
89	2.19429e-06
89.1	2.15149e-06
89.2	2.11039e-06
89.3	2.0711e-06
89.4	2.03371e-06
89.5	1.99834e-06
89.6	1.96509e-06
89.7	1.93407e-06
89.8	1.90539e-06
89.9	1.87916e-06
90	1.85549e-06
90.1	1.83446e-06
90.2	1.81617e-06
90.3	1.80072e-06
90.4	1.78816e-06
90.5	1.77856e-06
90.6	1.77166e-06
90.7	1.76809e-06
90.8	1.76845e-06
90.9	1.77273e-06
91	1.78089e-06
91.1	1.79289e-06
91.2	1.80865e-06
91.3	1.82808e-06
91.4	1.85105e-06
91.5	1.87744e-06
91.6	1.9071e-06
91.7	1.93988e-06
91.8	1.97564e-06
91.9	2.01421e-06
92	2.05543e-06
92.1	2.09915e-06
92.2	2.14521e-06
92.3	2.19347e-06
92.4	2.24378e-06
92.5	2.29601e-06
92.6	2.30801e-06
92.7	2.319e-06
92.8	2.33005e-06
92.9	2.34118e-06
93	2.35238e-06
93.1	2.36365e-06
93.2	2.37499e-06
93.3	2.3864e-06
93.4	2.39787e-06
93.5	2.40941e-06
93.6	2.42101e-06
93.7	2.43268e-06
93.8	2.44441e-06
93.9	2.4562e-06
94	2.46805e-06
94.1	2.47997e-06
94.2	2.49194e-06
94.3	2.50397e-06
94.4	2.51606e-06
94.5	2.5282e-06
94.6	2.54041e-06
94.7	2.55266e-06
94.8	2.56497e-06
94.9	2.57734e-06
95	2.58976e-06
95.1	2.60223e-06
95.2	2.61475e-06
95.3	2.62732e-06
95.4	2.63995e-06
95.5	2.65262e-06
95.6	2.62356e-06
95.7	2.58216e-06
95.8	2.54134e-06
95.9	2.50113e-06
96	2.46155e-06
96.1	2.42264e-06
96.2	2.38443e-06
96.3	2.34695e-06
96.4	2.31025e-06
96.5	2.27434e-06
96.6	2.23929e-06
96.7	2.20511e-06
96.8	2.17187e-06
96.9	2.1396e-06
97	2.10834e-06
97.1	2.07814e-06
97.2	2.04905e-06
97.3	2.02111e-06
97.4	1.99438e-06
97.5	1.96891e-06
97.6	1.94473e-06
97.7	1.92191e-06
97.8	1.90049e-06
97.9	1.88051e-06
98	1.85798e-06
98.1	1.83188e-06
98.2	1.81005e-06
98.3	1.79262e-06
98.4	1.77972e-06
98.5	1.77147e-06
98.6	1.76792e-06
98.7	1.76909e-06
98.8	1.77499e-06
98.9	1.78556e-06
99	1.80073e-06
99.1	1.82037e-06
99.2	1.84434e-06
99.3	1.87248e-06
99.4	1.90461e-06
99.5	1.94052e-06
99.6	1.98001e-06
99.7	2.02286e-06
99.8	2.06206e-06
99.9	2.08131e-06
100	2.10103e-06
100.1	2.12121e-06
100.2	2.14184e-06
100.3	2.1629e-06
100.4	2.18438e-06
100.5	2.20627e-06
100.6	2.22856e-06
100.7	2.25123e-06
100.8	2.27427e-06
100.9	2.29768e-06
101	2.32144e-06
101.1	2.34554e-06
101.2	2.36997e-06
101.3	2.39472e-06
101.4	2.41977e-06
101.5	2.44513e-06
101.6	2.47079e-06
101.7	2.49672e-06
101.8	2.52293e-06
101.9	2.5494e-06
102	2.57613e-06
102.1	2.60311e-06
102.2	2.63033e-06
102.3	2.65778e-06
102.4	2.68547e-06
102.5	2.71337e-06
102.6	2.71393e-06
102.7	2.68585e-06
102.8	2.658e-06
102.9	2.63038e-06
103	2.60299e-06
103.1	2.57585e-06
103.2	2.54896e-06
103.3	2.52233e-06
103.4	2.49597e-06
103.5	2.46988e-06
103.6	2.44409e-06
103.7	2.41859e-06
103.8	2.39339e-06
103.9	2.36851e-06
104	2.34395e-06
104.1	2.31973e-06
104.2	2.29585e-06
104.3	2.27233e-06
104.4	2.24917e-06
104.5	2.2264e-06
104.6	2.20401e-06
104.7	2.18203e-06
104.8	2.16047e-06
104.9	2.13933e-06
105	2.11863e-06
105.1	2.09839e-06
105.2	2.07861e-06
105.3	2.05931e-06
105.4	2.0199e-06
105.5	1.97724e-06
105.6	1.93797e-06
105.7	1.90229e-06
105.8	1.87042e-06
105.9	1.84254e-06
106	1.81885e-06
106.1	1.79951e-06
106.2	1.78466e-06
106.3	1.77441e-06
106.4	1.76885e-06
106.5	1.76802e-06
106.6	1.77191e-06
106.7	1.78052e-06
106.8	1.79375e-06
106.9	1.81153e-06
107	1.8337e-06
107.1	1.86012e-06
107.2	1.8826e-06
107.3	1.90266e-06
107.4	1.92414e-06
107.5	1.94702e-06
107.6	1.97123e-06
107.7	1.99672e-06
107.8	2.02346e-06
107.9	2.05139e-06
108	2.08046e-06
108.1	2.11063e-06
108.2	2.14184e-06
108.3	2.17406e-06
108.4	2.20724e-06
108.5	2.24134e-06
108.6	2.27631e-06
108.7	2.31213e-06
108.8	2.34874e-06
108.9	2.38611e-06
109	2.4242e-06
109.1	2.46299e-06
109.2	2.50244e-06
109.3	2.54252e-06
109.4	2.5832e-06
109.5	2.62446e-06
109.6	2.6544e-06
109.7	2.64155e-06
109.8	2.62875e-06
109.9	2.616e-06
110	2.60331e-06
110.1	2.59067e-06
110.2	2.57808e-06
110.3	2.56555e-06
110.4	2.55307e-06
110.5	2.54064e-06
110.6	2.52828e-06
110.7	2.51597e-06
110.8	2.50372e-06
110.9	2.49153e-06
111	2.4794e-06
111.1	2.46733e-06
111.2	2.45532e-06
111.3	2.44337e-06
111.4	2.43149e-06
111.5	2.41968e-06
111.6	2.40792e-06
111.7	2.39624e-06
111.8	2.38462e-06
111.9	2.37308e-06
112	2.3616e-06
112.1	2.35019e-06
112.2	2.33886e-06
112.3	2.32759e-06
112.4	2.3164e-06
112.5	2.30529e-06
112.6	2.29314e-06
112.7	2.24092e-06
112.8	2.19064e-06
112.9	2.14243e-06
113	2.09643e-06
113.1	2.05279e-06
113.2	2.01167e-06
113.3	1.97322e-06
113.4	1.93759e-06
113.5	1.90496e-06
113.6	1.87547e-06
113.7	1.84928e-06
113.8	1.82653e-06
113.9	1.80734e-06
114	1.79184e-06
114.1	1.78012e-06
114.2	1.77224e-06
114.3	1.76828e-06
114.4	1.76824e-06
114.5	1.77214e-06
114.6	1.77932e-06
114.7	1.78917e-06
114.8	1.80195e-06
114.9	1.81762e-06
115	1.83609e-06
115.1	1.85729e-06
115.2	1.88111e-06
115.3	1.90747e-06
115.4	1.93626e-06
115.5	1.96736e-06
115.6	2.00068e-06
115.7	2.03611e-06
115.8	2.07353e-06
115.9	2.11285e-06
116	2.15395e-06
116.1	2.19674e-06
116.2	2.24112e-06
116.3	2.28699e-06
116.4	2.33428e-06
116.5	2.38289e-06
116.6	2.43275e-06
116.7	2.47014e-06
116.8	2.47204e-06
116.9	2.47395e-06
117	2.47585e-06
117.1	2.47776e-06
117.2	2.47967e-06
117.3	2.48158e-06
117.4	2.4835e-06
117.5	2.48541e-06
117.6	2.48733e-06
117.7	2.48924e-06
117.8	2.49116e-06
117.9	2.49308e-06
118	2.495e-06
118.1	2.49693e-06
118.2	2.49885e-06
118.3	2.50078e-06
118.4	2.50271e-06
118.5	2.50463e-06
118.6	2.50657e-06
118.7	2.5085e-06
118.8	2.51043e-06
118.9	2.51237e-06
119	2.5143e-06
119.1	2.51624e-06
119.2	2.51818e-06
119.3	2.52012e-06
119.4	2.52206e-06
119.5	2.52401e-06
119.6	2.52595e-06
119.7	2.5279e-06
119.8	2.51217e-06
119.9	2.46358e-06
120	2.41599e-06
120.1	2.36946e-06
120.2	2.32405e-06
120.3	2.27982e-06
120.4	2.23685e-06
120.5	2.19522e-06
120.6	2.15499e-06
120.7	2.11626e-06
120.8	2.07909e-06
120.9	2.04359e-06
121	2.00983e-06
121.1	1.9779e-06
121.2	1.94791e-06
121.3	1.91993e-06
121.4	1.89405e-06
121.5	1.87037e-06
121.6	1.84896e-06
121.7	1.82991e-06
121.8	1.8133e-06
121.9	1.79918e-06
122	1.78689e-06
122.1	1.77635e-06
122.2	1.76996e-06
122.3	1.76777e-06
122.4	1.76979e-06
122.5	1.77602e-06
122.6	1.78641e-06
122.7	1.80088e-06
122.8	1.81934e-06
122.9	1.84167e-06
123	1.86773e-06
123.1	1.89737e-06
123.2	1.93041e-06
123.3	1.9667e-06
123.4	2.00605e-06
123.5	2.04829e-06
123.6	2.09324e-06
123.7	2.14073e-06
123.8	2.19059e-06
123.9	2.23106e-06
124	2.24498e-06
124.1	2.25904e-06
124.2	2.27324e-06
124.3	2.28758e-06
124.4	2.30206e-06
124.5	2.31666e-06
124.6	2.3314e-06
124.7	2.34626e-06
124.8	2.36125e-06
124.9	2.37636e-06
125	2.39159e-06
125.1	2.40694e-06
125.2	2.4224e-06
125.3	2.43797e-06
125.4	2.45366e-06
125.5	2.46946e-06
125.6	2.48536e-06
125.7	2.50137e-06
125.8	2.51748e-06
125.9	2.53369e-06
126	2.55e-06
126.1	2.56641e-06
126.2	2.58291e-06
126.3	2.59951e-06
126.4	2.6162e-06
126.5	2.63298e-06
126.6	2.64984e-06
126.7	2.6668e-06
126.8	2.68383e-06
126.9	2.66546e-06
127	2.62746e-06
127.1	2.58992e-06
127.2	2.55284e-06
127.3	2.51625e-06
127.4	2.48018e-06
127.5	2.44463e-06
127.6	2.40965e-06
127.7	2.37525e-06
127.8	2.34146e-06
127.9	2.3083e-06
128	2.2758e-06
128.1	2.24399e-06
128.2	2.21291e-06
128.3	2.18258e-06
128.4	2.15303e-06
128.5	2.1243e-06
128.6	2.09641e-06
128.7	2.06942e-06
128.8	2.04334e-06
128.9	2.01821e-06
129	1.99408e-06
129.1	1.97098e-06
129.2	1.94893e-06
129.3	1.92799e-06
129.4	1.90392e-06
129.5	1.87158e-06
129.6	1.84331e-06
129.7	1.81929e-06
129.8	1.79971e-06
129.9	1.78469e-06
130	1.77436e-06
130.1	1.7688e-06
130.2	1.76806e-06
130.3	1.77213e-06
130.4	1.781e-06
130.5	1.79458e-06
130.6	1.81277e-06
130.7	1.83543e-06
130.8	1.86241e-06
130.9	1.89351e-06
131	1.92854e-06
131.1	1.96729e-06
131.2	2.00266e-06
131.3	2.02298e-06
131.4	2.04398e-06
131.5	2.06565e-06
131.6	2.08795e-06
131.7	2.11087e-06
131.8	2.13439e-06
131.9	2.1585e-06
132	2.18316e-06
132.1	2.20837e-06
132.2	2.2341e-06
132.3	2.26033e-06
132.4	2.28706e-06
132.5	2.31426e-06
132.6	2.34191e-06
132.7	2.37e-06
132.8	2.39852e-06
132.9	2.42745e-06
133	2.45677e-06
133.1	2.48647e-06
133.2	2.51654e-06
133.3	2.54696e-06
133.4	2.57772e-06
133.5	2.60882e-06
133.6	2.64023e-06
133.7	2.67195e-06
133.8	2.70396e-06
133.9	2.7115e-06
134	2.68768e-06
134.1	2.66402e-06
134.2	2.64052e-06
134.3	2.61718e-06
134.4	2.59403e-06
134.5	2.57105e-06
134.6	2.54825e-06
134.7	2.52564e-06
134.8	2.50322e-06
134.9	2.481e-06
135	2.45899e-06
135.1	2.43718e-06
135.2	2.41559e-06
135.3	2.39421e-06
135.4	2.37307e-06
135.5	2.35216e-06
135.6	2.33148e-06
135.7	2.31105e-06
135.8	2.29087e-06
135.9	2.27095e-06
136	2.2513e-06
136.1	2.23192e-06
136.2	2.21281e-06
136.3	2.194e-06
136.4	2.17547e-06
136.5	2.15725e-06
136.6	2.13934e-06
136.7	2.12175e-06
136.8	2.07678e-06
136.9	2.03099e-06
137	1.98822e-06
137.1	1.94867e-06
137.2	1.91254e-06
137.3	1.88003e-06
137.4	1.85133e-06
137.5	1.82662e-06
137.6	1.80606e-06
137.7	1.78979e-06
137.8	1.77794e-06
137.9	1.77059e-06
138	1.76779e-06
138.1	1.76958e-06
138.2	1.77593e-06
138.3	1.7868e-06
138.4	1.80211e-06
138.5	1.82173e-06
138.6	1.84138e-06
138.7	1.8595e-06
138.8	1.87944e-06
138.9	1.90116e-06
139	1.9246e-06
139.1	1.94968e-06
139.2	1.97636e-06
139.3	2.00455e-06
139.4	2.03422e-06
139.5	2.06527e-06
139.6	2.09767e-06
139.7	2.13134e-06
139.8	2.16623e-06
139.9	2.20228e-06
140	2.23943e-06
140.1	2.27762e-06
140.2	2.31682e-06
140.3	2.35696e-06
140.4	2.398e-06
140.5	2.43989e-06
140.6	2.4826e-06
140.7	2.52607e-06
140.8	2.57028e-06
140.9	2.61321e-06
141	2.60469e-06
141.1	2.5962e-06
141.2	2.58773e-06
141.3	2.57928e-06
141.4	2.57086e-06
141.5	2.56246e-06
141.6	2.55409e-06
141.7	2.54574e-06
141.8	2.53742e-06
141.9	2.52912e-06
142	2.52085e-06
142.1	2.51261e-06
142.2	2.50439e-06
142.3	2.4962e-06
142.4	2.48804e-06
142.5	2.4799e-06
142.6	2.47179e-06
142.7	2.46371e-06
142.8	2.45566e-06
142.9	2.44763e-06
143	2.43964e-06
143.1	2.43167e-06
143.2	2.42373e-06
143.3	2.41582e-06
143.4	2.40794e-06
143.5	2.40009e-06
143.6	2.39227e-06
143.7	2.38449e-06
143.8	2.37673e-06
143.9	2.369e-06
144	2.34176e-06
144.1	2.29017e-06
144.2	2.24025e-06
144.3	2.19209e-06
144.4	2.14583e-06
144.5	2.10159e-06
144.6	2.0595e-06
144.7	2.01969e-06
144.8	1.98229e-06
144.9	1.94746e-06
145	1.91533e-06
145.1	1.88603e-06
145.2	1.8597e-06
145.3	1.83647e-06
145.4	1.81646e-06
145.5	1.79977e-06
145.6	1.7865e-06
145.7	1.77672e-06
145.8	1.7705e-06
145.9	1.76786e-06
146	1.76881e-06
146.1	1.77318e-06
146.2	1.78092e-06
146.3	1.792e-06
146.4	1.80636e-06
146.5	1.82392e-06
146.6	1.84458e-06
146.7	1.86824e-06
146.8	1.89479e-06
146.9	1.92412e-06
147	1.95609e-06
147.1	1.99058e-06
147.2	2.02746e-06
147.3	2.0666e-06
147.4	2.10788e-06
147.5	2.15117e-06
147.6	2.19636e-06
147.7	2.24332e-06
147.8	2.29196e-06
147.9	2.34216e-06
148	2.39383e-06
148.1	2.40788e-06
148.2	2.41359e-06
148.3	2.41932e-06
148.4	2.42506e-06
148.5	2.43082e-06
148.6	2.4366e-06
148.7	2.44239e-06
148.8	2.44819e-06
148.9	2.45401e-06
149	2.45985e-06
149.1	2.46569e-06
149.2	2.47156e-06
149.3	2.47744e-06
149.4	2.48333e-06
149.5	2.48924e-06
149.6	2.49516e-06
149.7	2.5011e-06
149.8	2.50705e-06
149.9	2.51301e-06
150	2.51899e-06
150.1	2.52498e-06
150.2	2.53098e-06
150.3	2.537e-06
150.4	2.54304e-06
150.5	2.54908e-06
150.6	2.55514e-06
150.7	2.56121e-06
150.8	2.5673e-06
150.9	2.5734e-06
151	2.57951e-06
151.1	2.58269e-06
151.2	2.53626e-06
151.3	2.49062e-06
151.4	2.44582e-06
151.5	2.40189e-06
151.6	2.3589e-06
151.7	2.31689e-06
151.8	2.27591e-06
151.9	2.23603e-06
152	2.1973e-06
152.1	2.15978e-06
152.2	2.12355e-06
152.3	2.08866e-06
152.4	2.05518e-06
152.5	2.02319e-06
152.6	1.99275e-06
152.7	1.96394e-06
152.8	1.93683e-06
152.9	1.91149e-06
153	1.888e-06
153.1	1.86642e-06
153.2	1.84683e-06
153.3	1.82928e-06
153.4	1.81327e-06
153.5	1.79558e-06
153.6	1.78215e-06
153.7	1.77307e-06
153.8	1.76842e-06
153.9	1.76823e-06
154	1.77251e-06
154.1	1.78121e-06
154.2	1.79427e-06
154.3	1.8116e-06
154.4	1.83309e-06
154.5	1.85858e-06
154.6	1.88791e-06
154.7	1.92091e-06
154.8	1.95738e-06
154.9	1.99715e-06
155	2.04002e-06
155.1	2.0858e-06
155.2	2.13429e-06
155.3	2.16639e-06
155.4	2.1829e-06
155.5	2.19966e-06
155.6	2.21665e-06
155.7	2.23388e-06
155.8	2.25133e-06
155.9	2.269e-06
156	2.28688e-06
156.1	2.30498e-06
156.2	2.32328e-06
156.3	2.34178e-06
156.4	2.36048e-06
156.5	2.37937e-06
156.6	2.39844e-06
156.7	2.4177e-06
156.8	2.43713e-06
156.9	2.45674e-06
157	2.47652e-06
157.1	2.49646e-06
157.2	2.51657e-06
157.3	2.53683e-06
157.4	2.55725e-06
157.5	2.57782e-06
157.6	2.59853e-06
157.7	2.61939e-06
157.8	2.64038e-06
157.9	2.66152e-06
158	2.68278e-06
158.1	2.70418e-06
158.2	2.69449e-06
158.3	2.66024e-06
158.4	2.62634e-06
158.5	2.5928e-06
158.6	2.55963e-06
158.7	2.52685e-06
158.8	2.49448e-06
158.9	2.46252e-06
159	2.431e-06
159.1	2.39992e-06
159.2	2.36932e-06
159.3	2.33921e-06
159.4	2.3096e-06
159.5	2.28053e-06
159.6	2.252e-06
159.7	2.22404e-06
159.8	2.19667e-06
159.9	2.16991e-06
160	2.14379e-06
160.1	2.11833e-06
160.2	2.09355e-06
160.3	2.06948e-06
160.4	2.04614e-06
160.5	2.02356e-06
160.6	2.00177e-06
160.7	1.98079e-06
160.8	1.95596e-06
160.9	1.91816e-06
161	1.88417e-06
161.1	1.85417e-06
161.2	1.82837e-06
161.3	1.80696e-06
161.4	1.79008e-06
161.5	1.77786e-06
161.6	1.7704e-06
161.7	1.76777e-06
161.8	1.76998e-06
161.9	1.77702e-06
162	1.78882e-06
162.1	1.80531e-06
162.2	1.82633e-06
162.3	1.85176e-06
162.4	1.88139e-06
162.5	1.91505e-06
162.6	1.94729e-06
162.7	1.9679e-06
162.8	1.98947e-06
162.9	2.01194e-06
163	2.0353e-06
163.1	2.05952e-06
163.2	2.08456e-06
163.3	2.1104e-06
163.4	2.137e-06
163.5	2.16434e-06
163.6	2.19239e-06
163.7	2.22112e-06
163.8	2.25052e-06
163.9	2.28054e-06
164	2.31117e-06
164.1	2.34239e-06
164.2	2.37416e-06
164.3	2.40648e-06
164.4	2.43931e-06
164.5	2.47263e-06
164.6	2.50644e-06
164.7	2.5407e-06
164.8	2.5754e-06
164.9	2.61052e-06
165	2.64605e-06
165.1	2.68196e-06
165.2	2.69734e-06
165.3	2.67785e-06
165.4	2.65847e-06
165.5	2.6392e-06
165.6	2.62005e-06
165.7	2.60101e-06
165.8	2.58209e-06
165.9	2.56329e-06
166	2.54462e-06
166.1	2.52607e-06
166.2	2.50766e-06
166.3	2.48937e-06
166.4	2.47123e-06
166.5	2.45322e-06
166.6	2.43535e-06
166.7	2.41762e-06
166.8	2.40005e-06
166.9	2.38263e-06
167	2.36536e-06
167.1	2.34825e-06
167.2	2.3313e-06
167.3	2.31451e-06
167.4	2.2979e-06
167.5	2.28145e-06
167.6	2.26519e-06
167.7	2.2491e-06
167.8	2.23319e-06
167.9	2.21748e-06
168	2.20196e-06
168.1	2.18368e-06
168.2	2.13329e-06
168.3	2.0854e-06
168.4	2.04016e-06
168.5	1.99776e-06
168.6	1.95839e-06
168.7	1.92222e-06
168.8	1.88945e-06
168.9	1.86026e-06
169	1.8348e-06
169.1	1.81325e-06
169.2	1.79575e-06
169.3	1.7824e-06
169.4	1.77331e-06
169.5	1.76854e-06
169.6	1.76813e-06
169.7	1.77207e-06
169.8	1.78035e-06
169.9	1.79289e-06
170	1.80805e-06
170.1	1.82314e-06
170.2	1.8405e-06
170.3	1.86006e-06
170.4	1.88177e-06
170.5	1.90554e-06
170.6	1.9313e-06
170.7	1.95897e-06
170.8	1.98847e-06
170.9	2.01972e-06
171	2.05265e-06
171.1	2.08716e-06
171.2	2.12319e-06
171.3	2.16066e-06
171.4	2.19949e-06
171.5	2.23962e-06
171.6	2.28097e-06
171.7	2.32348e-06
171.8	2.36709e-06
171.9	2.41174e-06
172	2.45737e-06
172.1	2.50393e-06
172.2	2.55136e-06
172.3	2.5581e-06
172.4	2.55383e-06
172.5	2.54957e-06
172.6	2.54532e-06
172.7	2.54108e-06
172.8	2.53684e-06
172.9	2.5326e-06
173	2.52838e-06
173.1	2.52416e-06
173.2	2.51995e-06
173.3	2.51574e-06
173.4	2.51154e-06
173.5	2.50735e-06
173.6	2.50317e-06
173.7	2.49899e-06
173.8	2.49482e-06
173.9	2.49066e-06
174	2.4865e-06
174.1	2.48235e-06
174.2	2.47821e-06
174.3	2.47407e-06
174.4	2.46995e-06
174.5	2.46582e-06
174.6	2.46171e-06
174.7	2.4576e-06
174.8	2.45351e-06
174.9	2.44941e-06
175	2.44533e-06
175.1	2.44125e-06
175.2	2.43718e-06
175.3	2.43312e-06
175.4	2.38488e-06
175.5	2.33464e-06
175.6	2.28581e-06
175.7	2.23848e-06
175.8	2.19277e-06
175.9	2.14875e-06
176	2.10655e-06
176.1	2.06628e-06
176.2	2.02804e-06
176.3	1.99196e-06
176.4	1.95815e-06
176.5	1.92674e-06
176.6	1.89785e-06
176.7	1.87158e-06
176.8	1.84806e-06
176.9	1.82738e-06
177	1.80965e-06
177.1	1.79496e-06
177.2	1.78337e-06
177.3	1.77495e-06
177.4	1.76972e-06
177.5	1.76777e-06
177.6	1.76957e-06
177.7	1.77512e-06
177.8	1.78438e-06
177.9	1.79728e-06
178	1.81376e-06
178.1	1.83372e-06
178.2	1.85703e-06
178.3	1.88359e-06
178.4	1.91326e-06
178.5	1.94588e-06
178.6	1.98132e-06
178.7	2.01943e-06
178.8	2.06006e-06
178.9	2.10307e-06
179	2.1483e-06
179.1	2.19563e-06
179.2	2.24492e-06
179.3	2.29604e-06
179.4	2.33653e-06
179.5	2.34576e-06
179.6	2.35504e-06
179.7	2.36436e-06
179.8	2.37374e-06
179.9	2.38315e-06
180	2.39262e-06
180.1	2.40213e-06
180.2	2.41168e-06
180.3	2.42128e-06
180.4	2.43092e-06
180.5	2.4406e-06
180.6	2.45033e-06
180.7	2.4601e-06
180.8	2.46991e-06
180.9	2.47976e-06
181	2.48966e-06
181.1	2.49959e-06
181.2	2.50956e-06
181.3	2.51957e-06
181.4	2.52962e-06
181.5	2.53971e-06
181.6	2.54984e-06
181.7	2.56e-06
181.8	2.5702e-06
181.9	2.58044e-06
182	2.59071e-06
182.1	2.60102e-06
182.2	2.61136e-06
182.3	2.62174e-06
182.4	2.63215e-06
182.5	2.59725e-06
182.6	2.55426e-06
182.7	2.51191e-06
182.8	2.47026e-06
182.9	2.42934e-06
183	2.38917e-06
183.1	2.34981e-06
183.2	2.31129e-06
183.3	2.27365e-06
183.4	2.23694e-06
183.5	2.20121e-06
183.6	2.1665e-06
183.7	2.13287e-06
183.8	2.10036e-06
183.9	2.06903e-06
184	2.03894e-06
184.1	2.01013e-06
184.2	1.98267e-06
184.3	1.95661e-06
184.4	1.93201e-06
184.5	1.90892e-06
184.6	1.8874e-06
184.7	1.86751e-06
184.8	1.8493e-06
184.9	1.82513e-06
185	1.8047e-06
185.1	1.78864e-06
185.2	1.77708e-06
185.3	1.77011e-06
185.4	1.76777e-06
185.5	1.77008e-06
185.6	1.77704e-06
185.7	1.78858e-06
185.8	1.80462e-06
185.9	1.82503e-06
186	1.84968e-06
186.1	1.87839e-06
186.2	1.91099e-06
186.3	1.94727e-06
186.4	1.98704e-06
186.5	2.03009e-06
186.6	2.07622e-06
186.7	2.10354e-06
186.8	2.12216e-06
186.9	2.14116e-06
187	2.16053e-06
187.1	2.18025e-06
187.2	2.20033e-06
187.3	2.22074e-06
187.4	2.24148e-06
187.5	2.26254e-06
187.6	2.28392e-06
187.7	2.3056e-06
187.8	2.32757e-06
187.9	2.34983e-06
188	2.37236e-06
188.1	2.39517e-06
188.2	2.41824e-06
188.3	2.44157e-06
188.4	2.46514e-06
188.5	2.48896e-06
188.6	2.51301e-06
188.7	2.53729e-06
188.8	2.56179e-06
188.9	2.5865e-06
189	2.61142e-06
189.1	2.63655e-06
189.2	2.66187e-06
189.3	2.68739e-06
189.4	2.71309e-06
189.5	2.71076e-06
189.6	2.68052e-06
189.7	2.65055e-06
189.8	2.62084e-06
189.9	2.59141e-06
190	2.56227e-06
190.1	2.53342e-06
190.2	2.50489e-06
190.3	2.47667e-06
190.4	2.44879e-06
190.5	2.42124e-06
190.6	2.39405e-06
190.7	2.36723e-06
190.8	2.34078e-06
190.9	2.31472e-06
191	2.28907e-06
191.1	2.26383e-06
191.2	2.23903e-06
191.3	2.21468e-06
191.4	2.19078e-06
191.5	2.16736e-06
191.6	2.14444e-06
191.7	2.12202e-06
191.8	2.10013e-06
191.9	2.07878e-06
192	2.05799e-06
192.1	2.03777e-06
192.2	2.01202e-06
192.3	1.96972e-06
192.4	1.93088e-06
192.5	1.89572e-06
192.6	1.86445e-06
192.7	1.83726e-06
192.8	1.81434e-06
192.9	1.79586e-06
193	1.78194e-06
193.1	1.77271e-06
193.2	1.76822e-06
193.3	1.76853e-06
193.4	1.77362e-06
193.5	1.78345e-06
193.6	1.79795e-06
193.7	1.81701e-06
193.8	1.84047e-06
193.9	1.86819e-06
194	1.897e-06
194.1	1.91703e-06
194.2	1.93832e-06
194.3	1.96084e-06
194.4	1.98454e-06
194.5	2.00938e-06
194.6	2.03533e-06
194.7	2.06233e-06
194.8	2.09034e-06
194.9	2.11934e-06
195	2.14927e-06
195.1	2.18009e-06
195.2	2.21178e-06
195.3	2.2443e-06
195.4	2.2776e-06
195.5	2.31166e-06
195.6	2.34644e-06
195.7	2.38191e-06
195.8	2.41804e-06
195.9	2.4548e-06
196	2.49217e-06
196.1	2.53011e-06
196.2	2.5686e-06
196.3	2.60762e-06
196.4	2.64714e-06
196.5	2.67198e-06
196.6	2.65686e-06
196.7	2.64181e-06
196.8	2.62683e-06
196.9	2.61192e-06
197	2.59708e-06
197.1	2.58231e-06
197.2	2.56762e-06
197.3	2.553e-06
197.4	2.53846e-06
197.5	2.524e-06
197.6	2.50961e-06
197.7	2.49531e-06
197.8	2.48109e-06
197.9	2.46695e-06
198	2.4529e-06
198.1	2.43893e-06
198.2	2.42506e-06
198.3	2.41127e-06
198.4	2.39757e-06
198.5	2.38397e-06
198.6	2.37046e-06
198.7	2.35704e-06
198.8	2.34372e-06
198.9	2.33051e-06
199	2.31739e-06
199.1	2.30437e-06
199.2	2.29146e-06
199.3	2.27866e-06
199.4	2.26596e-06
199.5	2.2391e-06
199.6	2.18791e-06
199.7	2.13889e-06
199.8	2.09218e-06
199.9	2.04794e-06
200	2.00633e-06
200.1	1.96752e-06
200.2	1.93168e-06
200.3	1.89898e-06
200.4	1.86959e-06
200.5	1.84365e-06
200.6	1.82132e-06
200.7	1.80273e-06
200.8	1.78801e-06
200.9	1.77723e-06
201	1.77049e-06
201.1	1.76782e-06
201.2	1.76923e-06
201.3	1.77474e-06
201.4	1.78399e-06
201.5	1.79495e-06
201.6	1.80863e-06
201.7	1.82498e-06
201.8	1.84393e-06
201.9	1.8654e-06
202	1.88931e-06
202.1	1.91555e-06
202.2	1.94405e-06
202.3	1.97469e-06
202.4	2.00738e-06
202.5	2.04203e-06
202.6	2.07854e-06
202.7	2.1168e-06
202.8	2.15673e-06
202.9	2.19823e-06
203	2.24123e-06
203.1	2.28562e-06
203.2	2.33134e-06
203.3	2.37831e-06
203.4	2.42645e-06
203.5	2.4757e-06
203.6	2.50242e-06
203.7	2.50226e-06
203.8	2.5021e-06
203.9	2.50194e-06
204	2.50178e-06
204.1	2.50161e-06
204.2	2.50145e-06
204.3	2.50129e-06
204.4	2.50113e-06
204.5	2.50097e-06
204.6	2.50081e-06
204.7	2.50064e-06
204.8	2.50048e-06
204.9	2.50032e-06
205	2.50016e-06
205.1	2.5e-06
205.2	2.49984e-06
205.3	2.49967e-06
205.4	2.49951e-06
205.5	2.49935e-06
205.6	2.49919e-06
205.7	2.49903e-06
205.8	2.49887e-06
205.9	2.4987e-06
206	2.49854e-06
206.1	2.49838e-06
206.2	2.49822e-06
206.3	2.49806e-06
206.4	2.4979e-06
206.5	2.49774e-06
206.6	2.49757e-06
206.7	2.47161e-06
206.8	2.4222e-06
206.9	2.37391e-06
207	2.32682e-06
207.1	2.28099e-06
207.2	2.23651e-06
207.3	2.19346e-06
207.4	2.15192e-06
207.5	2.11198e-06
207.6	2.07374e-06
207.7	2.03728e-06
207.8	2.00272e-06
207.9	1.97014e-06
208	1.93965e-06
208.1	1.91134e-06
208.2	1.88533e-06
208.3	1.86169e-06
208.4	1.84053e-06
208.5	1.82192e-06
208.6	1.80596e-06
208.7	1.7927e-06
208.8	1.78222e-06
208.9	1.77355e-06
209	1.76873e-06
209.1	1.76797e-06
209.2	1.77127e-06
209.3	1.77863e-06
209.4	1.78997e-06
209.5	1.80524e-06
209.6	1.82433e-06
209.7	1.84711e-06
209.8	1.87347e-06
209.9	1.90324e-06
210	1.93628e-06
210.1	1.97241e-06
210.2	2.01148e-06
210.3	2.05331e-06
210.4	2.09773e-06
210.5	2.14459e-06
210.6	2.19373e-06
210.7	2.24501e-06
210.8	2.27155e-06
210.9	2.284e-06
211	2.29656e-06
211.1	2.30922e-06
211.2	2.32197e-06
211.3	2.33483e-06
211.4	2.34778e-06
211.5	2.36082e-06
211.6	2.37396e-06
211.7	2.38719e-06
211.8	2.40051e-06
211.9	2.41391e-06
212	2.42741e-06
212.1	2.44098e-06
212.2	2.45464e-06
212.3	2.46839e-06
212.4	2.48221e-06
212.5	2.49612e-06
212.6	2.5101e-06
212.7	2.52416e-06
212.8	2.5383e-06
212.9	2.55251e-06
213	2.56679e-06
213.1	2.58115e-06
213.2	2.59558e-06
213.3	2.61007e-06
213.4	2.62464e-06
213.5	2.63927e-06
213.6	2.65397e-06
213.7	2.66873e-06
213.8	2.64576e-06
213.9	2.60594e-06
214	2.56664e-06
214.1	2.52786e-06
214.2	2.48965e-06
214.3	2.45203e-06
214.4	2.41502e-06
214.5	2.37866e-06
214.6	2.34296e-06
214.7	2.30798e-06
214.8	2.27373e-06
214.9	2.24025e-06
215	2.20758e-06
215.1	2.17575e-06
215.2	2.1448e-06
215.3	2.11477e-06
215.4	2.08569e-06
215.5	2.05762e-06
215.6	2.03059e-06
215.7	2.00464e-06
215.8	1.97981e-06
215.9	1.95616e-06
216	1.93371e-06
216.1	1.91252e-06
216.2	1.89262e-06
216.3	1.86381e-06
216.4	1.83673e-06
216.5	1.81392e-06
216.6	1.79554e-06
216.7	1.78173e-06
216.8	1.77259e-06
216.9	1.76819e-06
217	1.76857e-06
217.1	1.77373e-06
217.2	1.78363e-06
217.3	1.79819e-06
217.4	1.81729e-06
217.5	1.8408e-06
217.6	1.86854e-06
217.7	1.90034e-06
217.8	1.93599e-06
217.9	1.97529e-06
218	2.01801e-06
218.1	2.04312e-06
218.2	2.06326e-06
218.3	2.08396e-06
218.4	2.1052e-06
218.5	2.12697e-06
218.6	2.14925e-06
218.7	2.17202e-06
218.8	2.19526e-06
218.9	2.21897e-06
219	2.24313e-06
219.1	2.26773e-06
219.2	2.29274e-06
219.3	2.31816e-06
219.4	2.34398e-06
219.5	2.37017e-06
219.6	2.39674e-06
219.7	2.42366e-06
219.8	2.45092e-06
219.9	2.47852e-06
220	2.50644e-06
220.1	2.53467e-06
220.2	2.5632e-06
220.3	2.59202e-06
220.4	2.62112e-06
220.5	2.6505e-06
220.6	2.68014e-06
220.7	2.71003e-06
220.8	2.71459e-06
220.9	2.68854e-06
221	2.66268e-06
221.1	2.63701e-06
221.2	2.61155e-06
221.3	2.58629e-06
221.4	2.56125e-06
221.5	2.53644e-06
221.6	2.51184e-06
221.7	2.48749e-06
221.8	2.46337e-06
221.9	2.4395e-06
222	2.41589e-06
222.1	2.39254e-06
222.2	2.36946e-06
222.3	2.34666e-06
222.4	2.32415e-06
222.5	2.30193e-06
222.6	2.28002e-06
222.7	2.25842e-06
222.8	2.23714e-06
222.9	2.21619e-06
223	2.19558e-06
223.1	2.17533e-06
223.2	2.15543e-06
223.3	2.13591e-06
223.4	2.11676e-06
223.5	2.09801e-06
223.6	2.07005e-06
223.7	2.02426e-06
223.8	1.98157e-06
223.9	1.9422e-06
224	1.90635e-06
224.1	1.87423e-06
224.2	1.84602e-06
224.3	1.82192e-06
224.4	1.80209e-06
224.5	1.78666e-06
224.6	1.77576e-06
224.7	1.76946e-06
224.8	1.76782e-06
224.9	1.77085e-06
225	1.77852e-06
225.1	1.79078e-06
225.2	1.80753e-06
225.3	1.82864e-06
225.4	1.85305e-06
225.5	1.8715e-06
225.6	1.89158e-06
225.7	1.91326e-06
225.8	1.93647e-06
225.9	1.96117e-06
226	1.98729e-06
226.1	2.01479e-06
226.2	2.0436e-06
226.3	2.07367e-06
226.4	2.10496e-06
226.5	2.13739e-06
226.6	2.17093e-06
226.7	2.20552e-06
226.8	2.24112e-06
226.9	2.27767e-06
227	2.31514e-06
227.1	2.35347e-06
227.2	2.39263e-06
227.3	2.43258e-06
227.4	2.47327e-06
227.5	2.51468e-06
227.6	2.55676e-06
227.7	2.59949e-06
227.8	2.63601e-06
227.9	2.62525e-06
228	2.61452e-06
228.1	2.60383e-06
228.2	2.59318e-06
228.3	2.58256e-06
228.4	2.57199e-06
228.5	2.56145e-06
228.6	2.55095e-06
228.7	2.54049e-06
228.8	2.53008e-06
228.9	2.5197e-06
229	2.50936e-06
229.1	2.49907e-06
229.2	2.48881e-06
229.3	2.47861e-06
229.4	2.46844e-06
229.5	2.45832e-06
229.6	2.44824e-06
229.7	2.43821e-06
229.8	2.42822e-06
229.9	2.41828e-06
230	2.40838e-06
230.1	2.39854e-06
230.2	2.38874e-06
230.3	2.37899e-06
230.4	2.36928e-06
230.5	2.35963e-06
230.6	2.35003e-06
230.7	2.34048e-06
230.8	2.33098e-06
230.9	2.2905e-06
231	2.23939e-06
231.1	2.19014e-06
231.2	2.14288e-06
231.3	2.09775e-06
231.4	2.05488e-06
231.5	2.01442e-06
231.6	1.97651e-06
231.7	1.94131e-06
231.8	1.90897e-06
231.9	1.87963e-06
232	1.85344e-06
232.1	1.83053e-06
232.2	1.81102e-06
232.3	1.79503e-06
232.4	1.78265e-06
232.5	1.77396e-06
232.6	1.76901e-06
232.7	1.76783e-06
232.8	1.77044e-06
232.9	1.77622e-06
233	1.78516e-06
233.1	1.79724e-06
233.2	1.81238e-06
233.3	1.83051e-06
233.4	1.85155e-06
233.5	1.8754e-06
233.6	1.90195e-06
233.7	1.93109e-06
233.8	1.9627e-06
233.9	1.99667e-06
234	2.03288e-06
234.1	2.07121e-06
234.2	2.11155e-06
234.3	2.15378e-06
234.4	2.1978e-06
234.5	2.24349e-06
234.6	2.29076e-06
234.7	2.33952e-06
234.8	2.38966e-06
234.9	2.43841e-06
235	2.44217e-06
235.1	2.44593e-06
235.2	2.4497e-06
235.3	2.45347e-06
235.4	2.45726e-06
235.5	2.46104e-06
235.6	2.46484e-06
235.7	2.46864e-06
235.8	2.47244e-06
235.9	2.47625e-06
236	2.48007e-06
236.1	2.4839e-06
236.2	2.48773e-06
236.3	2.49156e-06
236.4	2.49541e-06
236.5	2.49926e-06
236.6	2.50311e-06
236.7	2.50697e-06
236.8	2.51084e-06
236.9	2.51471e-06
237	2.51859e-06
237.1	2.52247e-06
237.2	2.52636e-06
237.3	2.53026e-06
237.4	2.53416e-06
237.5	2.53806e-06
237.6	2.54198e-06
237.7	2.54589e-06
237.8	2.54982e-06
237.9	2.55375e-06
238	2.54808e-06
238.1	2.50043e-06
238.2	2.45367e-06
238.3	2.40785e-06
238.4	2.36303e-06
238.5	2.31926e-06
238.6	2.27662e-06
238.7	2.23515e-06
238.8	2.19493e-06
238.9	2.15603e-06
239	2.11852e-06
239.1	2.08247e-06
239.2	2.04796e-06
239.3	2.01508e-06
239.4	1.9839e-06
239.5	1.9545e-06
239.6	1.92697e-06
239.7	1.90139e-06
239.8	1.87783e-06
239.9	1.85637e-06
240	1.83709e-06
240.1	1.82006e-06
240.2	1.80534e-06
240.3	1.79059e-06
240.4	1.77875e-06
240.5	1.77117e-06
240.6	1.7679e-06
240.7	1.76898e-06
240.8	1.77439e-06
240.9	1.7841e-06
241	1.79802e-06
241.1	1.81608e-06
241.2	1.83814e-06
241.3	1.86406e-06
241.4	1.89369e-06
241.5	1.92685e-06
241.6	1.96336e-06
241.7	2.00305e-06
241.8	2.04572e-06
241.9	2.0912e-06
242	2.1393e-06
242.1	2.18985e-06
242.2	2.20753e-06
242.3	2.22285e-06
242.4	2.23835e-06
242.5	2.25403e-06
242.6	2.26989e-06
242.7	2.28592e-06
242.8	2.30212e-06
242.9	2.31848e-06
243	2.33501e-06
243.1	2.35169e-06
243.2	2.36853e-06
243.3	2.38552e-06
243.4	2.40266e-06
243.5	2.41995e-06
243.6	2.43738e-06
243.7	2.45495e-06
243.8	2.47265e-06
243.9	2.49049e-06
244	2.50846e-06
244.1	2.52656e-06
244.2	2.54478e-06
244.3	2.56312e-06
244.4	2.58159e-06
244.5	2.60017e-06
244.6	2.61887e-06
244.7	2.63767e-06
244.8	2.65659e-06
244.9	2.67562e-06
245	2.69475e-06
245.1	2.68145e-06
245.2	2.64521e-06
245.3	2.60937e-06
245.4	2.57394e-06
245.5	2.53894e-06
245.6	2.50439e-06
245.7	2.47031e-06
245.8	2.43671e-06
245.9	2.40362e-06
246	2.37106e-06
246.1	2.33905e-06
246.2	2.30762e-06
246.3	2.27678e-06
246.4	2.24656e-06
246.5	2.21699e-06
246.6	2.18809e-06
246.7	2.15989e-06
246.8	2.13242e-06
246.9	2.10571e-06
247	2.07978e-06
247.1	2.05467e-06
247.2	2.0304e-06
247.3	2.00701e-06
247.4	1.98453e-06
247.5	1.96299e-06
247.6	1.94241e-06
247.7	1.90997e-06
247.8	1.87688e-06
247.9	1.84784e-06
248	1.82305e-06
248.1	1.80266e-06
248.2	1.78685e-06
248.3	1.77572e-06
248.4	1.76937e-06
248.5	1.76785e-06
248.6	1.77117e-06
248.7	1.77931e-06
248.8	1.79219e-06
248.9	1.80972e-06
249	1.83177e-06
249.1	1.85817e-06
249.2	1.88874e-06
249.3	1.92328e-06
249.4	1.96158e-06
249.5	1.98587e-06
249.6	2.00684e-06
249.7	2.02861e-06
249.8	2.05113e-06
249.9	2.0744e-06
250	2.09838e-06
250.1	2.12305e-06
250.2	2.14838e-06
250.3	2.17436e-06
250.4	2.20096e-06
250.5	2.22815e-06
250.6	2.25592e-06
250.7	2.28425e-06
250.8	2.31311e-06
250.9	2.34248e-06
251	2.37235e-06
251.1	2.4027e-06
251.2	2.43351e-06
251.3	2.46476e-06
251.4	2.49644e-06
251.5	2.52852e-06
251.6	2.561e-06
251.7	2.59386e-06
251.8	2.62708e-06
251.9	2.66066e-06
252	2.69457e-06
252.1	2.70641e-06
252.2	2.68466e-06
252.3	2.66304e-06
252.4	2.64156e-06
252.5	2.62022e-06
252.6	2.59902e-06
252.7	2.57797e-06
252.8	2.55708e-06
252.9	2.53634e-06
253	2.51575e-06
253.1	2.49533e-06
253.2	2.47508e-06
253.3	2.455e-06
253.4	2.43509e-06
253.5	2.41537e-06
253.6	2.39582e-06
253.7	2.37647e-06
253.8	2.35731e-06
253.9	2.33835e-06
254	2.31959e-06
254.1	2.30104e-06
254.2	2.2827e-06
254.3	2.26458e-06
254.4	2.24668e-06
254.5	2.22901e-06
254.6	2.21158e-06
254.7	2.19439e-06
254.8	2.17744e-06
254.9	2.16074e-06
255	2.12814e-06
255.1	2.07988e-06
255.2	2.03437e-06
255.3	1.99181e-06
255.4	1.95238e-06
255.5	1.91628e-06
255.6	1.8837e-06
255.7	1.85483e-06
255.8	1.82984e-06
255.9	1.80889e-06
256	1.79213e-06
256.1	1.77966e-06
256.2	1.77159e-06
256.3	1.76798e-06
256.4	1.76884e-06
256.5	1.77418e-06
256.6	1.78396e-06
256.7	1.79809e-06
256.8	1.81648e-06
256.9	1.83259e-06
257	1.85043e-06
257.1	1.87028e-06
257.2	1.89208e-06
257.3	1.91575e-06
257.4	1.94123e-06
257.5	1.96845e-06
257.6	1.99734e-06
257.7	2.02783e-06
257.8	2.05984e-06
257.9	2.09331e-06
258	2.12816e-06
258.1	2.16434e-06
258.2	2.20177e-06
258.3	2.24039e-06
258.4	2.28014e-06
258.5	2.32097e-06
258.6	2.36281e-06
258.7	2.40562e-06
258.8	2.44934e-06
258.9	2.49393e-06
259	2.53934e-06
259.1	2.58552e-06
259.2	2.58359e-06
259.3	2.57714e-06
259.4	2.5707e-06
259.5	2.56427e-06
259.6	2.55786e-06
259.7	2.55147e-06
259.8	2.54509e-06
259.9	2.53872e-06
260	2.53237e-06
260.1	2.52604e-06
260.2	2.51972e-06
260.3	2.51341e-06
260.4	2.50712e-06
260.5	2.50085e-06
260.6	2.49459e-06
260.7	2.48835e-06
260.8	2.48212e-06
260.9	2.47591e-06
261	2.46972e-06
261.1	2.46354e-06
261.2	2.45738e-06
261.3	2.45124e-06
261.4	2.44511e-06
261.5	2.439e-06
261.6	2.4329e-06
261.7	2.42682e-06
261.8	2.42076e-06
261.9	2.41472e-06
262	2.4087e-06
262.1	2.40269e-06
262.2	2.38881e-06
262.3	2.33707e-06
262.4	2.28681e-06
262.5	2.23815e-06
262.6	2.19118e-06
262.7	2.14602e-06
262.8	2.10278e-06
262.9	2.06159e-06
263	2.02256e-06
263.1	1.98584e-06
263.2	1.95154e-06
263.3	1.9198e-06
263.4	1.89075e-06
263.5	1.8645e-06
263.6	1.84119e-06
263.7	1.82093e-06
263.8	1.80381e-06
263.9	1.78993e-06
264	1.77936e-06
264.1	1.77217e-06
264.2	1.76839e-06
264.3	1.76806e-06
264.4	1.7713e-06
264.5	1.7781e-06
264.6	1.78842e-06
264.7	1.80219e-06
264.8	1.81934e-06
264.9	1.83977e-06
265	1.86338e-06
265.1	1.89004e-06
265.2	1.91964e-06
265.3	1.95202e-06
265.4	1.98707e-06
265.5	2.02464e-06
265.6	2.06459e-06
265.7	2.1068e-06
265.8	2.15111e-06
265.9	2.19741e-06
266	2.24558e-06
266.1	2.2955e-06
266.2	2.34705e-06
266.3	2.37438e-06
266.4	2.38182e-06
266.5	2.38929e-06
266.6	2.39679e-06
266.7	2.40432e-06
266.8	2.41187e-06
266.9	2.41946e-06
267	2.42706e-06
267.1	2.4347e-06
267.2	2.44236e-06
267.3	2.45005e-06
267.4	2.45777e-06
267.5	2.46551e-06
267.6	2.47328e-06
267.7	2.48107e-06
267.8	2.48889e-06
267.9	2.49674e-06
268	2.50461e-06
268.1	2.5125e-06
268.2	2.52042e-06
268.3	2.52836e-06
268.4	2.53632e-06
268.5	2.54431e-06
268.6	2.55233e-06
268.7	2.56036e-06
268.8	2.56842e-06
268.9	2.5765e-06
269	2.58461e-06
269.1	2.59274e-06
269.2	2.60089e-06
269.3	2.60906e-06
269.4	2.5676e-06
269.5	2.52315e-06
269.6	2.47944e-06
269.7	2.43651e-06
269.8	2.3944e-06
269.9	2.35317e-06
270	2.31285e-06
270.1	2.2735e-06
270.2	2.23516e-06
270.3	2.19789e-06
270.4	2.16174e-06
270.5	2.12678e-06
270.6	2.09305e-06
270.7	2.06063e-06
270.8	2.02957e-06
270.9	1.99994e-06
271	1.9718e-06
271.1	1.94521e-06
271.2	1.92025e-06
271.3	1.89697e-06
271.4	1.87544e-06
271.5	1.85572e-06
271.6	1.83787e-06
271.7	1.81839e-06
271.8	1.79946e-06
271.9	1.78485e-06
272	1.77468e-06
272.1	1.76902e-06
272.2	1.76792e-06
272.3	1.77138e-06
272.4	1.77937e-06
272.5	1.79184e-06
272.6	1.8087e-06
272.7	1.82981e-06
272.8	1.85505e-06
272.9	1.88423e-06
273	1.91718e-06
273.1	1.95372e-06
273.2	1.99364e-06
273.3	2.03674e-06
273.4	2.08283e-06
273.5	2.12742e-06
273.6	2.14486e-06
273.7	2.16261e-06
273.8	2.18065e-06
273.9	2.19899e-06
274	2.21761e-06
274.1	2.23651e-06
274.2	2.25567e-06
274.3	2.2751e-06
274.4	2.29479e-06
274.5	2.31472e-06
274.6	2.3349e-06
274.7	2.35531e-06
274.8	2.37596e-06
274.9	2.39683e-06
275	2.41792e-06
275.1	2.43922e-06
275.2	2.46073e-06
275.3	2.48245e-06
275.4	2.50436e-06
275.5	2.52646e-06
275.6	2.54875e-06
275.7	2.57122e-06
275.8	2.59387e-06
275.9	2.61669e-06
276	2.63968e-06
276.1	2.66284e-06
276.2	2.68615e-06
276.3	2.70962e-06
276.4	2.70428e-06
276.5	2.67192e-06
276.6	2.63987e-06
276.7	2.60814e-06
276.8	2.57673e-06
276.9	2.54565e-06
277	2.51493e-06
277.1	2.48456e-06
277.2	2.45458e-06
277.3	2.42498e-06
277.4	2.39579e-06
277.5	2.36701e-06
277.6	2.33867e-06
277.7	2.31078e-06
277.8	2.28336e-06
277.9	2.25642e-06
278	2.22999e-06
278.1	2.20407e-06
278.2	2.1787e-06
278.3	2.15388e-06
278.4	2.12963e-06
278.5	2.10599e-06
278.6	2.08296e-06
278.7	2.06056e-06
278.8	2.03883e-06
278.9	2.01778e-06
279	1.99743e-06
279.1	1.9617e-06
279.2	1.92344e-06
279.3	1.88893e-06
279.4	1.85838e-06
279.5	1.83198e-06
279.6	1.80993e-06
279.7	1.79237e-06
279.8	1.77945e-06
279.9	1.77126e-06
280	1.76787e-06
280.1	1.7693e-06
280.2	1.77555e-06
280.3	1.78657e-06
280.4	1.80226e-06
280.5	1.82251e-06
280.6	1.84716e-06
280.7	1.87605e-06
280.8	1.90898e-06
280.9	1.93269e-06
281	1.9537e-06
281.1	1.97579e-06
281.2	1.99891e-06
281.3	2.02304e-06
281.4	2.04813e-06
281.5	2.07415e-06
281.6	2.10108e-06
281.7	2.12886e-06
281.8	2.15748e-06
281.9	2.18689e-06
282	2.21707e-06
282.1	2.24799e-06
282.2	2.27961e-06
282.3	2.3119e-06
282.4	2.34484e-06
282.5	2.37841e-06
282.6	2.41257e-06
282.7	2.4473e-06
282.8	2.48258e-06
282.9	2.51838e-06
283	2.55468e-06
283.1	2.59146e-06
283.2	2.6287e-06
283.3	2.66639e-06
283.4	2.68675e-06
283.5	2.66936e-06
283.6	2.65205e-06
283.7	2.63483e-06
283.8	2.61771e-06
283.9	2.60068e-06
284	2.58374e-06
284.1	2.5669e-06
284.2	2.55016e-06
284.3	2.53353e-06
284.4	2.51699e-06
284.5	2.50056e-06
284.6	2.48424e-06
284.7	2.46802e-06
284.8	2.45192e-06
284.9	2.43593e-06
285	2.42006e-06
285.1	2.4043e-06
285.2	2.38867e-06
285.3	2.37316e-06
285.4	2.35777e-06
285.5	2.34251e-06
285.6	2.32739e-06
285.7	2.31239e-06
285.8	2.29753e-06
285.9	2.28281e-06
286	2.26823e-06
286.1	2.25379e-06
286.2	2.2395e-06
286.3	2.22536e-06
286.4	2.18459e-06
286.5	2.13487e-06
286.6	2.08756e-06
286.7	2.04282e-06
286.8	2.00083e-06
286.9	1.96177e-06
287	1.92581e-06
287.1	1.89313e-06
287.2	1.8639e-06
287.3	1.83829e-06
287.4	1.81645e-06
287.5	1.79851e-06
287.6	1.7846e-06
287.7	1.77481e-06
287.8	1.76921e-06
287.9	1.76783e-06
288	1.7707e-06
288.1	1.77778e-06
288.2	1.78902e-06
288.3	1.80168e-06
288.4	1.81619e-06
288.5	1.83316e-06
288.6	1.85252e-06
288.7	1.8742e-06
288.8	1.89812e-06
288.9	1.9242e-06
289	1.95234e-06
289.1	1.98247e-06
289.2	2.01448e-06
289.3	2.0483e-06
289.4	2.08384e-06
289.5	2.121e-06
289.6	2.15971e-06
289.7	2.19988e-06
289.8	2.24143e-06
289.9	2.2843e-06
290	2.3284e-06
290.1	2.37367e-06
290.2	2.42004e-06
290.3	2.46745e-06
290.4	2.51585e-06
290.5	2.5325e-06
290.6	2.53022e-06
290.7	2.52795e-06
290.8	2.52567e-06
290.9	2.5234e-06
291	2.52113e-06
291.1	2.51887e-06
291.2	2.5166e-06
291.3	2.51434e-06
291.4	2.51208e-06
291.5	2.50982e-06
291.6	2.50756e-06
291.7	2.5053e-06
291.8	2.50305e-06
291.9	2.5008e-06
292	2.49855e-06
292.1	2.4963e-06
292.2	2.49406e-06
292.3	2.49182e-06
292.4	2.48957e-06
292.5	2.48734e-06
292.6	2.4851e-06
292.7	2.48286e-06
292.8	2.48063e-06
292.9	2.4784e-06
293	2.47617e-06
293.1	2.47394e-06
293.2	2.47172e-06
293.3	2.4695e-06
293.4	2.46728e-06
293.5	2.46506e-06
293.6	2.42828e-06
293.7	2.37829e-06
293.8	2.32957e-06
293.9	2.2822e-06
294	2.23625e-06
294.1	2.19183e-06
294.2	2.14903e-06
294.3	2.10794e-06
294.4	2.06867e-06
294.5	2.03132e-06
294.6	1.996e-06
294.7	1.96282e-06
294.8	1.93189e-06
294.9	1.90333e-06
295	1.87723e-06
295.1	1.8537e-06
295.2	1.83284e-06
295.3	1.81475e-06
295.4	1.7995e-06
295.5	1.78717e-06
295.6	1.77783e-06
295.7	1.7712e-06
295.8	1.76798e-06
295.9	1.76865e-06
296	1.77324e-06
296.1	1.78169e-06
296.2	1.79397e-06
296.3	1.80998e-06
296.4	1.82964e-06
296.5	1.85283e-06
296.6	1.87941e-06
296.7	1.90924e-06
296.8	1.94218e-06
296.9	1.97807e-06
297	2.01675e-06
297.1	2.05807e-06
297.2	2.10186e-06
297.3	2.14799e-06
297.4	2.19629e-06
297.5	2.24663e-06
297.6	2.29888e-06
297.7	2.31073e-06
297.8	2.32159e-06
297.9	2.33251e-06
298	2.34351e-06
298.1	2.35457e-06
298.2	2.3657e-06
298.3	2.3769e-06
298.4	2.38816e-06
298.5	2.39949e-06
298.6	2.41088e-06
298.7	2.42234e-06
298.8	2.43386e-06
298.9	2.44543e-06
299	2.45707e-06
299.1	2.46877e-06
299.2	2.48053e-06
299.3	2.49234e-06
299.4	2.50421e-06
299.5	2.51614e-06
299.6	2.52812e-06
299.7	2.54016e-06
299.8	2.55225e-06
299.9	2.5644e-06
300	2.57659e-06
300.1	2.58884e-06
300.2	2.60114e-06
300.3	2.61349e-06
300.4	2.62589e-06
300.5	2.63834e-06
300.6	2.65083e-06
300.7	2.62264e-06
300.8	2.5811e-06
300.9	2.54015e-06
301	2.4998e-06
301.1	2.4601e-06
301.2	2.42107e-06
301.3	2.38275e-06
301.4	2.34516e-06
301.5	2.30836e-06
301.6	2.27236e-06
301.7	2.23723e-06
301.8	2.20298e-06
301.9	2.16967e-06
302	2.13735e-06
302.1	2.10605e-06
302.2	2.07582e-06
302.3	2.04671e-06
302.4	2.01877e-06
302.5	1.99205e-06
302.6	1.96659e-06
302.7	1.94245e-06
302.8	1.91968e-06
302.9	1.89833e-06
303	1.87843e-06
303.1	1.85585e-06
303.2	1.83009e-06
303.3	1.80859e-06
303.4	1.7915e-06
303.5	1.77896e-06
303.6	1.77105e-06
303.7	1.76784e-06
303.8	1.76936e-06
303.9	1.77559e-06
304	1.78649e-06
304.1	1.80196e-06
304.2	1.8219e-06
304.3	1.84616e-06
304.4	1.87457e-06
304.5	1.90694e-06
304.6	1.94308e-06
304.7	1.98278e-06
304.8	2.02583e-06
304.9	2.06481e-06
305	2.08401e-06
305.1	2.10368e-06
305.2	2.12379e-06
305.3	2.14435e-06
305.4	2.16533e-06
305.5	2.18672e-06
305.6	2.20852e-06
305.7	2.23071e-06
305.8	2.25328e-06
305.9	2.27621e-06
306	2.29951e-06
306.1	2.32315e-06
306.2	2.34712e-06
306.3	2.37142e-06
306.4	2.39604e-06
306.5	2.42096e-06
306.6	2.44617e-06
306.7	2.47168e-06
306.8	2.49746e-06
306.9	2.52352e-06
307	2.54983e-06
307.1	2.5764e-06
307.2	2.60322e-06
307.3	2.63027e-06
307.4	2.65756e-06
307.5	2.68507e-06
307.6	2.7128e-06
307.7	2.71448e-06
307.8	2.68623e-06
307.9	2.6582e-06
308	2.63041e-06
308.1	2.60286e-06
308.2	2.57555e-06
308.3	2.5485e-06
308.4	2.52172e-06
308.5	2.49521e-06
308.6	2.46897e-06
308.7	2.44303e-06
308.8	2.41739e-06
308.9	2.39205e-06
309	2.36704e-06
309.1	2.34235e-06
309.2	2.31801e-06
309.3	2.29401e-06
309.4	2.27037e-06
309.5	2.24711e-06
309.6	2.22424e-06
309.7	2.20176e-06
309.8	2.17968e-06
309.9	2.15803e-06
310	2.13682e-06
310.1	2.11605e-06
310.2	2.09574e-06
310.3	2.07591e-06
310.4	2.05656e-06
310.5	2.01695e-06
310.6	1.97449e-06
310.7	1.93543e-06
310.8	1.89999e-06
310.9	1.86837e-06
311	1.84076e-06
311.1	1.81736e-06
311.2	1.79832e-06
311.3	1.78378e-06
311.4	1.77386e-06
311.5	1.76863e-06
311.6	1.76814e-06
311.7	1.77238e-06
311.8	1.78133e-06
311.9	1.79492e-06
312	1.81303e-06
312.1	1.83554e-06
312.2	1.86229e-06
312.3	1.8847e-06
312.4	1.90484e-06
312.5	1.92639e-06
312.6	1.94931e-06
312.7	1.97355e-06
312.8	1.99907e-06
312.9	2.02581e-06
313	2.05373e-06
313.1	2.08278e-06
313.2	2.11291e-06
313.3	2.14408e-06
313.4	2.17625e-06
313.5	2.20936e-06
313.6	2.24339e-06
313.7	2.27828e-06
313.8	2.314e-06
313.9	2.35051e-06
314	2.38777e-06
314.1	2.42575e-06
314.2	2.46442e-06
314.3	2.50375e-06
314.4	2.54369e-06
314.5	2.58424e-06
314.6	2.62535e-06
314.7	2.65617e-06
314.8	2.64314e-06
314.9	2.63017e-06
315	2.61725e-06
315.1	2.60438e-06
315.2	2.59157e-06
315.3	2.57881e-06
315.4	2.56611e-06
315.5	2.55346e-06
315.6	2.54087e-06
315.7	2.52834e-06
315.8	2.51587e-06
315.9	2.50346e-06
316	2.49111e-06
316.1	2.47882e-06
316.2	2.46659e-06
316.3	2.45443e-06
316.4	2.44233e-06
316.5	2.4303e-06
316.6	2.41833e-06
316.7	2.40644e-06
316.8	2.39461e-06
316.9	2.38285e-06
317	2.37116e-06
317.1	2.35954e-06
317.2	2.34799e-06
317.3	2.33652e-06
317.4	2.32513e-06
317.5	2.31381e-06
317.6	2.30256e-06
317.7	2.29025e-06
317.8	2.23806e-06
317.9	2.18781e-06
318	2.13965e-06
318.1	2.09371e-06
318.2	2.05016e-06
318.3	2.00913e-06
318.4	1.9708e-06
318.5	1.93531e-06
318.6	1.90283e-06
318.7	1.87352e-06
318.8	1.84753e-06
318.9	1.825e-06
319	1.80605e-06
319.1	1.79081e-06
319.2	1.77936e-06
319.3	1.77178e-06
319.4	1.76813e-06
319.5	1.76842e-06
319.6	1.77265e-06
319.7	1.78011e-06
319.8	1.7902e-06
319.9	1.80321e-06
320	1.81908e-06
320.1	1.83774e-06
320.2	1.8591e-06
320.3	1.88307e-06
320.4	1.90956e-06
320.5	1.93845e-06
320.6	1.96964e-06
320.7	2.00303e-06
320.8	2.03851e-06
320.9	2.07596e-06
321	2.1153e-06
321.1	2.1564e-06
321.2	2.19918e-06
321.3	2.24353e-06
321.4	2.28938e-06
321.5	2.33662e-06
321.6	2.38517e-06
321.7	2.43496e-06
321.8	2.47267e-06
321.9	2.47442e-06
322	2.47617e-06
322.1	2.47791e-06
322.2	2.47966e-06
322.3	2.48141e-06
322.4	2.48317e-06
322.5	2.48492e-06
322.6	2.48667e-06
322.7	2.48843e-06
322.8	2.49019e-06
322.9	2.49195e-06
323	2.49371e-06
323.1	2.49547e-06
323.2	2.49723e-06
323.3	2.49899e-06
323.4	2.50076e-06
323.5	2.50252e-06
323.6	2.50429e-06
323.7	2.50606e-06
323.8	2.50783e-06
323.9	2.5096e-06
324	2.51137e-06
324.1	2.51314e-06
324.2	2.51492e-06
324.3	2.51669e-06
324.4	2.51847e-06
324.5	2.52025e-06
324.6	2.52203e-06
324.7	2.52381e-06
324.8	2.52559e-06
324.9	2.51031e-06
325	2.46163e-06
325.1	2.41395e-06
325.2	2.36734e-06
325.3	2.32186e-06
325.4	2.27757e-06
325.5	2.23456e-06
325.6	2.19288e-06
325.7	2.15263e-06
325.8	2.11388e-06
325.9	2.07672e-06
326	2.04123e-06
326.1	2.0075e-06
326.2	1.97563e-06
326.3	1.9457e-06
326.4	1.9178e-06
326.5	1.89203e-06
326.6	1.86847e-06
326.7	1.8472e-06
326.8	1.82832e-06
326.9	1.81188e-06
327	1.79796e-06
327.1	1.78587e-06
327.2	1.77568e-06
327.3	1.76963e-06
327.4	1.76777e-06
327.5	1.77012e-06
327.6	1.77666e-06
327.7	1.78735e-06
327.8	1.8021e-06
327.9	1.82082e-06
328	1.84339e-06
328.1	1.86967e-06
328.2	1.8995e-06
328.3	1.93273e-06
328.4	1.96917e-06
328.5	2.00866e-06
328.6	2.05102e-06
328.7	2.09608e-06
328.8	2.14365e-06
328.9	2.19359e-06
329	2.23391e-06
329.1	2.24771e-06
329.2	2.26166e-06
329.3	2.27575e-06
329.4	2.28996e-06
329.5	2.30431e-06
329.6	2.31879e-06
329.7	2.3334e-06
329.8	2.34813e-06
329.9	2.36298e-06
330	2.37795e-06
330.1	2.39304e-06
330.2	2.40824e-06
330.3	2.42356e-06
330.4	2.43899e-06
330.5	2.45452e-06
330.6	2.47016e-06
330.7	2.48591e-06
330.8	2.50176e-06
330.9	2.51771e-06
331	2.53376e-06
331.1	2.54991e-06
331.2	2.56615e-06
331.3	2.58249e-06
331.4	2.59891e-06
331.5	2.61543e-06
331.6	2.63204e-06
331.7	2.64873e-06
331.8	2.6655e-06
331.9	2.68236e-06
332	2.66497e-06
332.1	2.62682e-06
332.2	2.58913e-06
332.3	2.5519e-06
332.4	2.51517e-06
332.5	2.47896e-06
332.6	2.44329e-06
332.7	2.40818e-06
332.8	2.37365e-06
332.9	2.33975e-06
333	2.30648e-06
333.1	2.27389e-06
333.2	2.24199e-06
333.3	2.21082e-06
333.4	2.18041e-06
333.5	2.1508e-06
333.6	2.12201e-06
333.7	2.09408e-06
333.8	2.06705e-06
333.9	2.04094e-06
334	2.01581e-06
334.1	1.99167e-06
334.2	1.96858e-06
334.3	1.94656e-06
334.4	1.92566e-06
334.5	1.90141e-06
334.6	1.86937e-06
334.7	1.84141e-06
334.8	1.81772e-06
334.9	1.79846e-06
335	1.78379e-06
335.1	1.7738e-06
335.2	1.76859e-06
335.3	1.76819e-06
335.4	1.7726e-06
335.5	1.7818e-06
335.6	1.79571e-06
335.7	1.81422e-06
335.8	1.83719e-06
335.9	1.86445e-06
336	1.89583e-06
336.1	1.93112e-06
336.2	1.9701e-06
336.3	2.00529e-06
336.4	2.02559e-06
336.5	2.04656e-06
336.6	2.06819e-06
336.7	2.09044e-06
336.8	2.11331e-06
336.9	2.13677e-06
337	2.1608e-06
337.1	2.18539e-06
337.2	2.21051e-06
337.3	2.23614e-06
337.4	2.26228e-06
337.5	2.2889e-06
337.6	2.31599e-06
337.7	2.34352e-06
337.8	2.37149e-06
337.9	2.39988e-06
338	2.42867e-06
338.1	2.45785e-06
338.2	2.48741e-06
338.3	2.51733e-06
338.4	2.5476e-06
338.5	2.57821e-06
338.6	2.60914e-06
338.7	2.64039e-06
338.8	2.67194e-06
338.9	2.70379e-06
339	2.71243e-06
339.1	2.68843e-06
339.2	2.66459e-06
339.3	2.64092e-06
339.4	2.61742e-06
339.5	2.59409e-06
339.6	2.57094e-06
339.7	2.54798e-06
339.8	2.52521e-06
339.9	2.50264e-06
340	2.48027e-06
340.1	2.4581e-06
340.2	2.43615e-06
340.3	2.41441e-06
340.4	2.3929e-06
340.5	2.37161e-06
340.6	2.35057e-06
340.7	2.32976e-06
340.8	2.30921e-06
340.9	2.28891e-06
341	2.26887e-06
341.1	2.24911e-06
341.2	2.22962e-06
341.3	2.21041e-06
341.4	2.1915e-06
341.5	2.17288e-06
341.6	2.15457e-06
341.7	2.13658e-06
341.8	2.11891e-06
341.9	2.07376e-06
342	2.02812e-06
342.1	1.98552e-06
342.2	1.94616e-06
342.3	1.91023e-06
342.4	1.87795e-06
342.5	1.84949e-06
342.6	1.82504e-06
342.7	1.80476e-06
342.8	1.7888e-06
342.9	1.77725e-06
343	1.77023e-06
343.1	1.76777e-06
343.2	1.7699e-06
343.3	1.7766e-06
343.4	1.78782e-06
343.5	1.80347e-06
343.6	1.82344e-06
343.7	1.84316e-06
343.8	1.86141e-06
343.9	1.88146e-06
344	1.90328e-06
344.1	1.92678e-06
344.2	1.95193e-06
344.3	1.97864e-06
344.4	2.00687e-06
344.5	2.03654e-06
344.6	2.0676e-06
344.7	2.09998e-06
344.8	2.13362e-06
344.9	2.16847e-06
345	2.20446e-06
345.1	2.24155e-06
345.2	2.27968e-06
345.3	2.31879e-06
345.4	2.35884e-06
345.5	2.39978e-06
345.6	2.44157e-06
345.7	2.48416e-06
345.8	2.52752e-06
345.9	2.5716e-06
346	2.61527e-06
346.1	2.60658e-06
346.2	2.59792e-06
346.3	2.58927e-06
346.4	2.58066e-06
346.5	2.57206e-06
346.6	2.5635e-06
346.7	2.55496e-06
346.8	2.54644e-06
346.9	2.53796e-06
347	2.52949e-06
347.1	2.52106e-06
347.2	2.51265e-06
347.3	2.50427e-06
347.4	2.49592e-06
347.5	2.4876e-06
347.6	2.4793e-06
347.7	2.47104e-06
347.8	2.4628e-06
347.9	2.45459e-06
348	2.44641e-06
348.1	2.43826e-06
348.2	2.43014e-06
348.3	2.42205e-06
348.4	2.414e-06
348.5	2.40597e-06
348.6	2.39797e-06
348.7	2.39001e-06
348.8	2.38208e-06
348.9	2.37418e-06
349	2.36631e-06
349.1	2.33909e-06
349.2	2.28749e-06
349.3	2.23757e-06
349.4	2.18943e-06
349.5	2.14319e-06
349.6	2.09899e-06
349.7	2.05695e-06
349.8	2.01721e-06
349.9	1.97991e-06
350	1.94519e-06
350.1	1.91318e-06
350.2	1.88404e-06
350.3	1.85788e-06
350.4	1.83484e-06
350.5	1.81504e-06
350.6	1.79859e-06
350.7	1.78557e-06
350.8	1.77607e-06
350.9	1.77013e-06
351	1.7678e-06
351.1	1.76906e-06
351.2	1.77372e-06
351.3	1.78174e-06
351.4	1.79307e-06
351.5	1.80767e-06
351.6	1.82544e-06
351.7	1.84629e-06
351.8	1.87013e-06
351.9	1.89683e-06
352	1.92629e-06
352.1	1.95837e-06
352.2	1.99295e-06
352.3	2.02991e-06
352.4	2.06911e-06
352.5	2.11043e-06
352.6	2.15374e-06
352.7	2.19894e-06
352.8	2.2459e-06
352.9	2.29452e-06
353	2.34469e-06
353.1	2.39632e-06
353.2	2.41047e-06
353.3	2.41604e-06
353.4	2.42161e-06
353.5	2.42721e-06
353.6	2.43281e-06
353.7	2.43844e-06
353.8	2.44407e-06
353.9	2.44972e-06
354	2.45539e-06
354.1	2.46107e-06
354.2	2.46676e-06
354.3	2.47247e-06
354.4	2.47819e-06
354.5	2.48392e-06
354.6	2.48967e-06
354.7	2.49543e-06
354.8	2.50121e-06
354.9	2.507e-06
355	2.5128e-06
355.1	2.51861e-06
355.2	2.52444e-06
355.3	2.53028e-06
355.4	2.53613e-06
355.5	2.542e-06
355.6	2.54788e-06
355.7	2.55377e-06
355.8	2.55968e-06
355.9	2.56559e-06
356	2.57152e-06
356.1	2.57746e-06
356.2	2.58125e-06
356.3	2.5347e-06
356.4	2.48895e-06
356.5	2.44404e-06
356.6	2.40001e-06
356.7	2.35693e-06
356.8	2.31484e-06
356.9	2.27379e-06
357	2.23384e-06
357.1	2.19506e-06
357.2	2.1575e-06
357.3	2.12124e-06
357.4	2.08633e-06
357.5	2.05285e-06
357.6	2.02087e-06
357.7	1.99046e-06
357.8	1.96169e-06
357.9	1.93464e-06
358	1.90938e-06
358.1	1.88598e-06
358.2	1.86451e-06
358.3	1.84505e-06
358.4	1.82765e-06
358.5	1.81171e-06
358.6	1.79436e-06
358.7	1.78128e-06
358.8	1.77256e-06
358.9	1.76825e-06
359	1.7684e-06
359.1	1.773e-06
359.2	1.78201e-06
359.3	1.79537e-06
359.4	1.81299e-06
359.5	1.83474e-06
359.6	1.86047e-06
359.7	1.89003e-06
359.8	1.92323e-06
359.9	1.9599e-06
360	1.99984e-06
360.1	2.04286e-06
360.2	2.08876e-06
360.3	2.13737e-06
360.4	2.16921e-06
360.5	2.18563e-06
360.6	2.20229e-06
360.7	2.21919e-06
360.8	2.23631e-06
360.9	2.25365e-06
361	2.2712e-06
361.1	2.28897e-06
361.2	2.30694e-06
361.3	2.32512e-06
361.4	2.34349e-06
361.5	2.36205e-06
361.6	2.38081e-06
361.7	2.39974e-06
361.8	2.41885e-06
361.9	2.43814e-06
362	2.4576e-06
362.1	2.47723e-06
362.2	2.49702e-06
362.3	2.51696e-06
362.4	2.53707e-06
362.5	2.55732e-06
362.6	2.57772e-06
362.7	2.59827e-06
362.8	2.61896e-06
362.9	2.63978e-06
363	2.66074e-06
363.1	2.68183e-06
363.2	2.70305e-06
363.3	2.69443e-06
363.4	2.66002e-06
363.5	2.62596e-06
363.6	2.59226e-06
363.7	2.55894e-06
363.8	2.52601e-06
363.9	2.49348e-06
364	2.46138e-06
364.1	2.42972e-06
364.2	2.39852e-06
364.3	2.36779e-06
364.4	2.33756e-06
364.5	2.30784e-06
364.6	2.27866e-06
364.7	2.25003e-06
364.8	2.22197e-06
364.9	2.19452e-06
365	2.16768e-06
365.1	2.14149e-06
365.2	2.11597e-06
365.3	2.09113e-06
365.4	2.06702e-06
365.5	2.04365e-06
365.6	2.02105e-06
365.7	1.99924e-06
365.8	1.97826e-06
365.9	1.95316e-06
366	1.91563e-06
366.1	1.88191e-06
366.2	1.8522e-06
366.3	1.82671e-06
366.4	1.80561e-06
366.5	1.78905e-06
366.6	1.77717e-06
366.7	1.77006e-06
366.8	1.76777e-06
366.9	1.77033e-06
367	1.77771e-06
367.1	1.78985e-06
367.2	1.80666e-06
367.3	1.82801e-06
367.4	1.85374e-06
367.5	1.88368e-06
367.6	1.91762e-06
367.7	1.94974e-06
367.8	1.97037e-06
367.9	1.99194e-06
368	2.01441e-06
368.1	2.03776e-06
368.2	2.06195e-06
368.3	2.08695e-06
368.4	2.11274e-06
368.5	2.13928e-06
368.6	2.16656e-06
368.7	2.19453e-06
368.8	2.22319e-06
368.9	2.25249e-06
369	2.28241e-06
369.1	2.31294e-06
369.2	2.34404e-06
369.3	2.3757e-06
369.4	2.40789e-06
369.5	2.44059e-06
369.6	2.47378e-06
369.7	2.50744e-06
369.8	2.54156e-06
369.9	2.57611e-06
370	2.61108e-06
370.1	2.64645e-06
370.2	2.6822e-06
370.3	2.69862e-06
370.4	2.67895e-06
370.5	2.6594e-06
370.6	2.63996e-06
370.7	2.62063e-06
370.8	2.60142e-06
370.9	2.58233e-06
371	2.56337e-06
371.1	2.54453e-06
371.2	2.52582e-06
371.3	2.50725e-06
371.4	2.4888e-06
371.5	2.4705e-06
371.6	2.45234e-06
371.7	2.43432e-06
371.8	2.41645e-06
371.9	2.39873e-06
372	2.38117e-06
372.1	2.36376e-06
372.2	2.34651e-06
372.3	2.32943e-06
372.4	2.31252e-06
372.5	2.29578e-06
372.6	2.27921e-06
372.7	2.26283e-06
372.8	2.24663e-06
372.9	2.23061e-06
373	2.21479e-06
373.1	2.19917e-06
373.2	2.18058e-06
373.3	2.13029e-06
373.4	2.0825e-06
373.5	2.03738e-06
373.6	1.99513e-06
373.7	1.95591e-06
373.8	1.91993e-06
373.9	1.88735e-06
374	1.85838e-06
374.1	1.83316e-06
374.2	1.81187e-06
374.3	1.79464e-06
374.4	1.78158e-06
374.5	1.7728e-06
374.6	1.76835e-06
374.7	1.76827e-06
374.8	1.77256e-06
374.9	1.78119e-06
375	1.79408e-06
375.1	1.80944e-06
375.2	1.82471e-06
375.3	1.84223e-06
375.4	1.86193e-06
375.5	1.88376e-06
375.6	1.90763e-06
375.7	1.93347e-06
375.8	1.96121e-06
375.9	1.99076e-06
376	2.02205e-06
376.1	2.05499e-06
376.2	2.08951e-06
376.3	2.12553e-06
376.4	2.16297e-06
376.5	2.20176e-06
376.6	2.24184e-06
376.7	2.28314e-06
376.8	2.32558e-06
376.9	2.36911e-06
377	2.41367e-06
377.1	2.4592e-06
377.2	2.50566e-06
377.3	2.55298e-06
377.4	2.56026e-06
377.5	2.55583e-06
377.6	2.5514e-06
377.7	2.54698e-06
377.8	2.54257e-06
377.9	2.53817e-06
378	2.53377e-06
378.1	2.52938e-06
378.2	2.52499e-06
378.3	2.52062e-06
378.4	2.51625e-06
378.5	2.51189e-06
378.6	2.50753e-06
378.7	2.50319e-06
378.8	2.49885e-06
378.9	2.49452e-06
379	2.49019e-06
379.1	2.48588e-06
379.2	2.48157e-06
379.3	2.47727e-06
379.4	2.47297e-06
379.5	2.46869e-06
379.6	2.46441e-06
379.7	2.46014e-06
379.8	2.45588e-06
379.9	2.45162e-06
380	2.44738e-06
380.1	2.44314e-06
380.2	2.43891e-06
380.3	2.43469e-06
380.4	2.43047e-06
380.5	2.38247e-06
380.6	2.33218e-06
380.7	2.28332e-06
380.8	2.23597e-06
380.9	2.19024e-06
381	2.14623e-06
381.1	2.10405e-06
381.2	2.06381e-06
381.3	2.02562e-06
381.4	1.98961e-06
381.5	1.95589e-06
381.6	1.92458e-06
381.7	1.89581e-06
381.8	1.86969e-06
381.9	1.84633e-06
382	1.82584e-06
382.1	1.80831e-06
382.2	1.79385e-06
382.3	1.7825e-06
382.4	1.77435e-06
382.5	1.7694e-06
382.6	1.76778e-06
382.7	1.76989e-06
382.8	1.77574e-06
382.9	1.78527e-06
383	1.79844e-06
383.1	1.81516e-06
383.2	1.83533e-06
383.3	1.85885e-06
383.4	1.88559e-06
383.5	1.91541e-06
383.6	1.94818e-06
383.7	1.98374e-06
383.8	2.02194e-06
383.9	2.06266e-06
384	2.10572e-06
384.1	2.151e-06
384.2	2.19836e-06
384.3	2.24767e-06
384.4	2.2988e-06
384.5	2.3393e-06
384.6	2.3484e-06
384.7	2.35754e-06
384.8	2.36672e-06
384.9	2.37595e-06
385	2.38523e-06
385.1	2.39455e-06
385.2	2.40391e-06
385.3	2.41332e-06
385.4	2.42277e-06
385.5	2.43226e-06
385.6	2.44179e-06
385.7	2.45137e-06
385.8	2.46098e-06
385.9	2.47064e-06
386	2.48033e-06
386.1	2.49006e-06
386.2	2.49984e-06
386.3	2.50965e-06
386.4	2.5195e-06
386.5	2.52938e-06
386.6	2.53931e-06
386.7	2.54927e-06
386.8	2.55926e-06
386.9	2.5693e-06
387	2.57936e-06
387.1	2.58947e-06
387.2	2.5996e-06
387.3	2.60977e-06
387.4	2.61998e-06
387.5	2.63022e-06
387.6	2.59611e-06
387.7	2.55298e-06
387.8	2.51052e-06
387.9	2.46874e-06
388	2.4277e-06
388.1	2.38743e-06
388.2	2.34796e-06
388.3	2.30935e-06
388.4	2.27162e-06
388.5	2.23484e-06
388.6	2.19904e-06
388.7	2.16428e-06
388.8	2.1306e-06
388.9	2.09806e-06
389	2.06671e-06
389.1	2.03661e-06
389.2	2.00781e-06
389.3	1.98037e-06
389.4	1.95434e-06
389.5	1.92979e-06
389.6	1.90677e-06
389.7	1.88533e-06
389.8	1.86554e-06
389.9	1.84744e-06
390	1.82342e-06
390.1	1.80333e-06
390.2	1.78762e-06
390.3	1.7764e-06
390.4	1.76977e-06
390.5	1.76778e-06
390.6	1.77043e-06
390.7	1.77772e-06
390.8	1.78957e-06
390.9	1.80591e-06
391	1.82661e-06
391.1	1.85153e-06
391.2	1.88049e-06
391.3	1.91332e-06
391.4	1.94982e-06
391.5	1.98979e-06
391.6	2.03302e-06
391.7	2.07931e-06
391.8	2.10632e-06
391.9	2.12487e-06
392	2.14379e-06
392.1	2.16308e-06
392.2	2.18271e-06
392.3	2.20269e-06
392.4	2.22301e-06
392.5	2.24365e-06
392.6	2.2646e-06
392.7	2.28586e-06
392.8	2.30742e-06
392.9	2.32927e-06
393	2.3514e-06
393.1	2.37381e-06
393.2	2.39648e-06
393.3	2.41941e-06
393.4	2.44259e-06
393.5	2.46602e-06
393.6	2.48968e-06
393.7	2.51358e-06
393.8	2.5377e-06
393.9	2.56204e-06
394	2.58659e-06
394.1	2.61135e-06
394.2	2.6363e-06
394.3	2.66145e-06
394.4	2.68679e-06
394.5	2.71232e-06
394.6	2.71111e-06
394.7	2.6807e-06
394.8	2.65055e-06
394.9	2.62068e-06
395	2.59109e-06
395.1	2.56179e-06
395.2	2.53279e-06
395.3	2.5041e-06
395.4	2.47574e-06
395.5	2.44771e-06
395.6	2.42002e-06
395.7	2.3927e-06
395.8	2.36574e-06
395.9	2.33917e-06
396	2.31299e-06
396.1	2.28722e-06
396.2	2.26188e-06
396.3	2.23697e-06
396.4	2.21252e-06
396.5	2.18854e-06
396.6	2.16504e-06
396.7	2.14203e-06
396.8	2.11955e-06
396.9	2.0976e-06
397	2.07619e-06
397.1	2.05535e-06
397.2	2.0351e-06
397.3	2.00904e-06
397.4	1.96695e-06
397.5	1.92834e-06
397.6	1.89343e-06
397.7	1.86242e-06
397.8	1.83552e-06
397.9	1.8129e-06
398	1.79472e-06
398.1	1.78113e-06
398.2	1.77223e-06
398.3	1.76809e-06
398.4	1.76873e-06
398.5	1.77417e-06
398.6	1.78435e-06
398.7	1.79919e-06
398.8	1.81858e-06
398.9	1.84238e-06
399	1.87041e-06
399.1	1.89921e-06
399.2	1.9193e-06
399.3	1.94064e-06
399.4	1.96319e-06
399.5	1.98691e-06
399.6	2.01176e-06
399.7	2.0377e-06
399.8	2.06468e-06
399.9	2.09266e-06
400	2.12162e-06
400.1	2.15149e-06
400.2	2.18226e-06
400.3	2.21388e-06
400.4	2.24631e-06
400.5	2.27953e-06
400.6	2.31349e-06
400.7	2.34816e-06
400.8	2.38352e-06
400.9	2.41953e-06
401	2.45617e-06
401.1	2.4934e-06
401.2	2.53121e-06
401.3	2.56956e-06
401.4	2.60843e-06
401.5	2.6478e-06
401.6	2.67359e-06
401.7	2.6583e-06
401.8	2.64307e-06
401.9	2.62791e-06
402	2.61283e-06
402.1	2.59782e-06
402.2	2.58288e-06
402.3	2.56802e-06
402.4	2.55323e-06
402.5	2.53853e-06
402.6	2.5239e-06
402.7	2.50935e-06
402.8	2.49489e-06
402.9	2.48051e-06
403	2.46622e-06
403.1	2.45202e-06
403.2	2.4379e-06
403.3	2.42387e-06
403.4	2.40994e-06
403.5	2.39609e-06
403.6	2.38235e-06
403.7	2.36869e-06
403.8	2.35514e-06
403.9	2.34169e-06
404	2.32834e-06
404.1	2.31509e-06
404.2	2.30195e-06
404.3	2.28891e-06
404.4	2.27598e-06
404.5	2.26317e-06
404.6	2.23613e-06
404.7	2.185e-06
404.8	2.13603e-06
404.9	2.0894e-06
405	2.04525e-06
405.1	2.00376e-06
405.2	1.96508e-06
405.3	1.9294e-06
405.4	1.89687e-06
405.5	1.86766e-06
405.6	1.84194e-06
405.7	1.81984e-06
405.8	1.80151e-06
405.9	1.78705e-06
406	1.77657e-06
406.1	1.77013e-06
406.2	1.76778e-06
406.3	1.76953e-06
406.4	1.77537e-06
406.5	1.78492e-06
406.6	1.7961e-06
406.7	1.80999e-06
406.8	1.82654e-06
406.9	1.84566e-06
407	1.86728e-06
407.1	1.89131e-06
407.2	1.91767e-06
407.3	1.94625e-06
407.4	1.97697e-06
407.5	2.00972e-06
407.6	2.04441e-06
407.7	2.08094e-06
407.8	2.11921e-06
407.9	2.15913e-06
408	2.20061e-06
408.1	2.24357e-06
408.2	2.28792e-06
408.3	2.33359e-06
408.4	2.38049e-06
408.5	2.42856e-06
408.6	2.47772e-06
408.7	2.50484e-06
408.8	2.50451e-06
408.9	2.50419e-06
409	2.50387e-06
409.1	2.50354e-06
409.2	2.50322e-06
409.3	2.5029e-06
409.4	2.50257e-06
409.5	2.50225e-06
409.6	2.50193e-06
409.7	2.5016e-06
409.8	2.50128e-06
409.9	2.50096e-06
410	2.50063e-06
410.1	2.50031e-06
410.2	2.49999e-06
410.3	2.49966e-06
410.4	2.49934e-06
410.5	2.49902e-06
410.6	2.49869e-06
410.7	2.49837e-06
410.8	2.49805e-06
410.9	2.49772e-06
411	2.4974e-06
411.1	2.49708e-06
411.2	2.49676e-06
411.3	2.49643e-06
411.4	2.49611e-06
411.5	2.49579e-06
411.6	2.49547e-06
411.7	2.49514e-06
411.8	2.46955e-06
411.9	2.42006e-06
412	2.3717e-06
412.1	2.32454e-06
412.2	2.27867e-06
412.3	2.23415e-06
412.4	2.19106e-06
412.5	2.14951e-06
412.6	2.10957e-06
412.7	2.07133e-06
412.8	2.03491e-06
412.9	2.00039e-06
413	1.96787e-06
413.1	1.93746e-06
413.2	1.90925e-06
413.3	1.88335e-06
413.4	1.85985e-06
413.5	1.83885e-06
413.6	1.82042e-06
413.7	1.80465e-06
413.8	1.79162e-06
413.9	1.78137e-06
414	1.77299e-06
414.1	1.76851e-06
414.2	1.76808e-06
414.3	1.7717e-06
414.4	1.77936e-06
414.5	1.79099e-06
414.6	1.80652e-06
414.7	1.82585e-06
414.8	1.84887e-06
414.9	1.87543e-06
415	1.90539e-06
415.1	1.93859e-06
415.2	1.97487e-06
415.3	2.01406e-06
415.4	2.05599e-06
415.5	2.10051e-06
415.6	2.14744e-06
415.7	2.19664e-06
415.8	2.24795e-06
415.9	2.27434e-06
416	2.28667e-06
416.1	2.2991e-06
416.2	2.31163e-06
416.3	2.32426e-06
416.4	2.33698e-06
416.5	2.3498e-06
416.6	2.36271e-06
416.7	2.3757e-06
416.8	2.38879e-06
416.9	2.40196e-06
417	2.41522e-06
417.1	2.42857e-06
417.2	2.442e-06
417.3	2.45551e-06
417.4	2.4691e-06
417.5	2.48276e-06
417.6	2.49651e-06
417.7	2.51034e-06
417.8	2.52423e-06
417.9	2.53821e-06
418	2.55225e-06
418.1	2.56637e-06
418.2	2.58056e-06
418.3	2.59481e-06
418.4	2.60914e-06
418.5	2.62353e-06
418.6	2.63799e-06
418.7	2.65251e-06
418.8	2.6671e-06
418.9	2.64506e-06
419	2.60509e-06
419.1	2.56564e-06
419.2	2.52672e-06
419.3	2.48838e-06
419.4	2.45063e-06
419.5	2.4135e-06
419.6	2.37701e-06
419.7	2.34121e-06
419.8	2.30612e-06
419.9	2.27178e-06
420	2.23822e-06
420.1	2.20547e-06
420.2	2.17357e-06
420.3	2.14256e-06
420.4	2.11248e-06
420.5	2.08337e-06
420.6	2.05527e-06
420.7	2.02822e-06
420.8	2.00227e-06
420.9	1.97746e-06
421	1.95382e-06
421.1	1.93141e-06
421.2	1.91027e-06
421.3	1.89044e-06
421.4	1.86165e-06
421.5	1.8349e-06
421.6	1.81242e-06
421.7	1.79437e-06
421.8	1.7809e-06
421.9	1.77211e-06
422	1.76806e-06
422.1	1.76878e-06
422.2	1.77428e-06
422.3	1.78451e-06
422.4	1.79939e-06
422.5	1.8188e-06
422.6	1.84259e-06
422.7	1.87062e-06
422.8	1.90267e-06
422.9	1.93857e-06
423	1.97809e-06
423.1	2.02102e-06
423.2	2.04581e-06
423.3	2.06591e-06
423.4	2.08656e-06
423.5	2.10774e-06
423.6	2.12944e-06
423.7	2.15165e-06
423.8	2.17434e-06
423.9	2.1975e-06
424	2.22112e-06
424.1	2.24518e-06
424.2	2.26967e-06
424.3	2.29457e-06
424.4	2.31987e-06
424.5	2.34557e-06
424.6	2.37164e-06
424.7	2.39807e-06
424.8	2.42485e-06
424.9	2.45197e-06
425	2.47943e-06
425.1	2.50719e-06
425.2	2.53527e-06
425.3	2.56365e-06
425.4	2.59231e-06
425.5	2.62125e-06
425.6	2.65046e-06
425.7	2.67993e-06
425.8	2.70965e-06
425.9	2.71532e-06
426	2.6891e-06
426.1	2.66306e-06
426.2	2.63723e-06
426.3	2.6116e-06
426.4	2.58618e-06
426.5	2.56097e-06
426.6	2.536e-06
426.7	2.51125e-06
426.8	2.48674e-06
426.9	2.46247e-06
427	2.43845e-06
427.1	2.4147e-06
427.2	2.39121e-06
427.3	2.368e-06
427.4	2.34507e-06
427.5	2.32243e-06
427.6	2.30009e-06
427.7	2.27806e-06
427.8	2.25634e-06
427.9	2.23496e-06
428	2.21391e-06
428.1	2.19321e-06
428.2	2.17286e-06
428.3	2.15288e-06
428.4	2.13328e-06
428.5	2.11406e-06
428.6	2.09525e-06
428.7	2.06698e-06
428.8	2.02135e-06
428.9	1.97884e-06
429	1.93968e-06
429.1	1.90405e-06
429.2	1.87217e-06
429.3	1.84422e-06
429.4	1.8204e-06
429.5	1.80085e-06
429.6	1.78573e-06
429.7	1.77515e-06
429.8	1.76918e-06
429.9	1.76788e-06
430	1.77125e-06
430.1	1.77927e-06
430.2	1.79188e-06
430.3	1.80898e-06
430.4	1.83044e-06
430.5	1.85496e-06
430.6	1.87351e-06
430.7	1.89369e-06
430.8	1.91544e-06
430.9	1.93871e-06
431	1.96345e-06
431.1	1.9896e-06
431.2	2.01712e-06
431.3	2.04593e-06
431.4	2.07599e-06
431.5	2.10725e-06
431.6	2.13965e-06
431.7	2.17314e-06
431.8	2.20767e-06
431.9	2.2432e-06
432	2.27968e-06
432.1	2.31705e-06
432.2	2.35529e-06
432.3	2.39435e-06
432.4	2.43418e-06
432.5	2.47476e-06
432.6	2.51604e-06
432.7	2.55799e-06
432.8	2.60058e-06
432.9	2.63793e-06
433	2.62699e-06
433.1	2.61609e-06
433.2	2.60523e-06
433.3	2.5944e-06
433.4	2.58362e-06
433.5	2.57287e-06
433.6	2.56216e-06
433.7	2.5515e-06
433.8	2.54087e-06
433.9	2.53029e-06
434	2.51975e-06
434.1	2.50925e-06
434.2	2.4988e-06
434.3	2.48838e-06
434.4	2.47802e-06
434.5	2.46769e-06
434.6	2.45741e-06
434.7	2.44718e-06
434.8	2.437e-06
434.9	2.42686e-06
435	2.41677e-06
435.1	2.40673e-06
435.2	2.39673e-06
435.3	2.38679e-06
435.4	2.3769e-06
435.5	2.36705e-06
435.6	2.35726e-06
435.7	2.34752e-06
435.8	2.33783e-06
435.9	2.3282e-06
436	2.28772e-06
436.1	2.23662e-06
436.2	2.18739e-06
436.3	2.14017e-06
436.4	2.09509e-06
436.5	2.05229e-06
436.6	2.01191e-06
436.7	1.97411e-06
436.8	1.93904e-06
436.9	1.90684e-06
437	1.87767e-06
437.1	1.85166e-06
437.2	1.82895e-06
437.3	1.80968e-06
437.4	1.79393e-06
437.5	1.78182e-06
437.6	1.77342e-06
437.7	1.76877e-06
437.8	1.76791e-06
437.9	1.77084e-06
438	1.77689e-06
438.1	1.7861e-06
438.2	1.79841e-06
438.3	1.81377e-06
438.4	1.83211e-06
438.5	1.85332e-06
438.6	1.87733e-06
438.7	1.90402e-06
438.8	1.93327e-06
438.9	1.96498e-06
439	1.99903e-06
439.1	2.0353e-06
439.2	2.07368e-06
439.3	2.11405e-06
439.4	2.15629e-06
439.5	2.2003e-06
439.6	2.24598e-06
439.7	2.29323e-06
439.8	2.34194e-06
439.9	2.39204e-06
440	2.44105e-06
440.1	2.44465e-06
440.2	2.44826e-06
440.3	2.45188e-06
440.4	2.4555e-06
440.5	2.45912e-06
440.6	2.46275e-06
440.7	2.46639e-06
440.8	2.47003e-06
440.9	2.47368e-06
441	2.47734e-06
441.1	2.481e-06
441.2	2.48466e-06
441.3	2.48833e-06
441.4	2.49201e-06
441.5	2.49569e-06
441.6	2.49938e-06
441.7	2.50307e-06
441.8	2.50677e-06
441.9	2.51047e-06
442	2.51418e-06
442.1	2.5179e-06
442.2	2.52162e-06
442.3	2.52534e-06
442.4	2.52907e-06
442.5	2.53281e-06
442.6	2.53655e-06
442.7	2.54029e-06
442.8	2.54404e-06
442.9	2.5478e-06
443	2.55156e-06
443.1	2.54642e-06
443.2	2.49866e-06
443.3	2.4518e-06
443.4	2.40589e-06
443.5	2.36098e-06
443.6	2.31714e-06
443.7	2.27443e-06
443.8	2.2329e-06
443.9	2.19264e-06
444	2.15371e-06
444.1	2.11617e-06
444.2	2.08012e-06
444.3	2.04562e-06
444.4	2.01276e-06
444.5	1.98162e-06
444.6	1.95228e-06
444.7	1.92482e-06
444.8	1.89932e-06
444.9	1.87587e-06
445	1.85454e-06
445.1	1.83541e-06
445.2	1.81855e-06
445.3	1.80401e-06
445.4	1.78948e-06
445.5	1.77799e-06
445.6	1.77076e-06
445.7	1.76783e-06
445.8	1.76924e-06
445.9	1.77497e-06
446	1.78498e-06
446.1	1.79919e-06
446.2	1.81752e-06
446.3	1.83983e-06
446.4	1.86598e-06
446.5	1.89582e-06
446.6	1.92918e-06
446.7	1.96586e-06
446.8	2.0057e-06
446.9	2.04851e-06
447	2.0941e-06
447.1	2.1423e-06
447.2	2.19294e-06
447.3	2.21032e-06
447.4	2.22553e-06
447.5	2.24092e-06
447.6	2.25649e-06
447.7	2.27223e-06
447.8	2.28814e-06
447.9	2.30422e-06
448	2.32046e-06
448.1	2.33685e-06
448.2	2.35341e-06
448.3	2.37011e-06
448.4	2.38696e-06
448.5	2.40396e-06
448.6	2.4211e-06
448.7	2.43838e-06
448.8	2.4558e-06
448.9	2.47335e-06
449	2.49104e-06
449.1	2.50885e-06
449.2	2.52678e-06
449.3	2.54484e-06
449.4	2.56302e-06
449.5	2.58132e-06
449.6	2.59973e-06
449.7	2.61826e-06
449.8	2.6369e-06
449.9	2.65564e-06
450	2.67449e-06
450.1	2.69344e-06
450.2	2.68117e-06
450.3	2.64477e-06
450.4	2.60877e-06
450.5	2.57319e-06
450.6	2.53805e-06
450.7	2.50335e-06
450.8	2.46913e-06
450.9	2.4354e-06
451	2.40218e-06
451.1	2.3695e-06
451.2	2.33737e-06
451.3	2.30583e-06
451.4	2.27488e-06
451.5	2.24457e-06
451.6	2.21491e-06
451.7	2.18593e-06
451.8	2.15766e-06
451.9	2.13013e-06
452	2.10336e-06
452.1	2.07739e-06
452.2	2.05225e-06
452.3	2.02796e-06
452.4	2.00456e-06
452.5	1.98207e-06
452.6	1.96054e-06
452.7	1.93999e-06
452.8	1.90746e-06
452.9	1.87466e-06
453	1.84592e-06
453.1	1.82143e-06
453.2	1.80138e-06
453.3	1.78589e-06
453.4	1.77511e-06
453.5	1.7691e-06
453.6	1.76793e-06
453.7	1.77159e-06
453.8	1.78007e-06
453.9	1.79328e-06
454	1.81114e-06
454.1	1.8335e-06
454.2	1.86019e-06
454.3	1.89105e-06
454.4	1.92586e-06
454.5	1.96442e-06
454.6	1.98842e-06
454.7	2.00938e-06
454.8	2.03113e-06
454.9	2.05363e-06
455	2.07686e-06
455.1	2.10079e-06
455.2	2.1254e-06
455.3	2.15067e-06
455.4	2.17658e-06
455.5	2.20309e-06
455.6	2.2302e-06
455.7	2.25787e-06
455.8	2.2861e-06
455.9	2.31485e-06
456	2.34411e-06
456.1	2.37386e-06
456.2	2.40408e-06
456.3	2.43475e-06
456.4	2.46587e-06
456.5	2.4974e-06
456.6	2.52934e-06
456.7	2.56167e-06
456.8	2.59437e-06
456.9	2.62744e-06
457	2.66085e-06
457.1	2.6946e-06
457.2	2.70751e-06
457.3	2.68558e-06
457.4	2.66379e-06
457.5	2.64213e-06
457.6	2.62062e-06
457.7	2.59926e-06
457.8	2.57804e-06
457.9	2.55698e-06
458	2.53608e-06
458.1	2.51533e-06
458.2	2.49476e-06
458.3	2.47435e-06
458.4	2.45412e-06
458.5	2.43406e-06
458.6	2.41419e-06
458.7	2.3945e-06
458.8	2.37501e-06
458.9	2.35572e-06
459	2.33662e-06
459.1	2.31773e-06
459.2	2.29906e-06
459.3	2.2806e-06
459.4	2.26236e-06
459.5	2.24435e-06
459.6	2.22658e-06
459.7	2.20904e-06
459.8	2.19175e-06
459.9	2.17471e-06
460	2.15792e-06
460.1	2.12506e-06
460.2	2.07692e-06
460.3	2.03155e-06
460.4	1.98914e-06
460.5	1.94989e-06
460.6	1.91398e-06
460.7	1.88162e-06
460.8	1.85298e-06
460.9	1.82824e-06
461	1.80756e-06
461.1	1.79108e-06
461.2	1.77893e-06
461.3	1.77117e-06
461.4	1.76789e-06
461.5	1.76909e-06
461.6	1.77478e-06
461.7	1.7849e-06
461.8	1.79938e-06
461.9	1.81813e-06
462	1.83427e-06
462.1	1.85226e-06
462.2	1.87223e-06
462.3	1.89413e-06
462.4	1.91789e-06
462.5	1.94344e-06
462.6	1.97072e-06
462.7	1.99964e-06
462.8	2.03015e-06
462.9	2.06217e-06
463	2.09563e-06
463.1	2.13046e-06
463.2	2.1666e-06
463.3	2.20399e-06
463.4	2.24255e-06
463.5	2.28224e-06
463.6	2.32299e-06
463.7	2.36475e-06
463.8	2.40746e-06
463.9	2.45108e-06
464	2.49556e-06
464.1	2.54086e-06
464.2	2.58692e-06
464.3	2.58562e-06
464.4	2.57899e-06
464.5	2.57238e-06
464.6	2.56579e-06
464.7	2.55921e-06
464.8	2.55265e-06
464.9	2.5461e-06
465	2.53957e-06
465.1	2.53306e-06
465.2	2.52656e-06
465.3	2.52007e-06
465.4	2.5136e-06
465.5	2.50715e-06
465.6	2.50072e-06
465.7	2.4943e-06
465.8	2.4879e-06
465.9	2.48151e-06
466	2.47514e-06
466.1	2.46879e-06
466.2	2.46246e-06
466.3	2.45614e-06
466.4	2.44984e-06
466.5	2.44356e-06
466.6	2.43729e-06
466.7	2.43105e-06
466.8	2.42482e-06
466.9	2.41861e-06
467	2.41241e-06
467.1	2.40624e-06
467.2	2.40008e-06
467.3	2.38629e-06
467.4	2.33451e-06
467.5	2.28423e-06
467.6	2.23555e-06
467.7	2.18858e-06
467.8	2.14344e-06
467.9	2.10023e-06
468	2.05908e-06
468.1	2.02012e-06
468.2	1.98347e-06
468.3	1.94927e-06
468.4	1.91765e-06
468.5	1.88874e-06
468.6	1.86265e-06
468.7	1.83952e-06
468.8	1.81946e-06
468.9	1.80256e-06
469	1.78892e-06
469.1	1.77862e-06
469.2	1.7717e-06
469.3	1.76822e-06
469.4	1.7682e-06
469.5	1.77174e-06
469.6	1.77883e-06
469.7	1.78941e-06
469.8	1.80343e-06
469.9	1.8208e-06
470	1.84144e-06
470.1	1.86524e-06
470.2	1.89207e-06
470.3	1.9218e-06
470.4	1.95432e-06
470.5	1.98947e-06
470.6	2.02712e-06
470.7	2.06714e-06
470.8	2.10939e-06
470.9	2.15374e-06
471	2.20007e-06
471.1	2.24824e-06
471.2	2.29815e-06
471.3	2.34968e-06
471.4	2.37707e-06
471.5	2.38437e-06
471.6	2.39169e-06
471.7	2.39904e-06
471.8	2.40642e-06
471.9	2.41383e-06
472	2.42126e-06
472.1	2.42872e-06
472.2	2.43621e-06
472.3	2.44372e-06
472.4	2.45125e-06
472.5	2.45882e-06
472.6	2.4664e-06
472.7	2.47401e-06
472.8	2.48165e-06
472.9	2.48931e-06
473	2.49699e-06
473.1	2.5047e-06
473.2	2.51243e-06
473.3	2.52019e-06
473.4	2.52796e-06
473.5	2.53576e-06
473.6	2.54359e-06
473.7	2.55143e-06
473.8	2.5593e-06
473.9	2.56719e-06
474	2.57511e-06
474.1	2.58304e-06
474.2	2.591e-06
474.3	2.59897e-06
474.4	2.60697e-06
474.5	2.56625e-06
474.6	2.52167e-06
474.7	2.47784e-06
474.8	2.4348e-06
474.9	2.39259e-06
475	2.35126e-06
475.1	2.31085e-06
475.2	2.27142e-06
475.3	2.23301e-06
475.4	2.19568e-06
475.5	2.15949e-06
475.6	2.12449e-06
475.7	2.09074e-06
475.8	2.0583e-06
475.9	2.02725e-06
476	1.99763e-06
476.1	1.96952e-06
476.2	1.94299e-06
476.3	1.91809e-06
476.4	1.89489e-06
476.5	1.87346e-06
476.6	1.85385e-06
476.7	1.83613e-06
476.8	1.81676e-06
476.9	1.79817e-06
477	1.78392e-06
477.1	1.7741e-06
477.2	1.76878e-06
477.3	1.76802e-06
477.4	1.77181e-06
477.5	1.78012e-06
477.6	1.7929e-06
477.7	1.81005e-06
477.8	1.83144e-06
477.9	1.85693e-06
478	1.88635e-06
478.1	1.91952e-06
478.2	1.95626e-06
478.3	1.99636e-06
478.4	2.03962e-06
478.5	2.08585e-06
478.6	2.13026e-06
478.7	2.14762e-06
478.8	2.16529e-06
478.9	2.18324e-06
479	2.20148e-06
479.1	2.22e-06
479.2	2.2388e-06
479.3	2.25785e-06
479.4	2.27717e-06
479.5	2.29673e-06
479.6	2.31654e-06
479.7	2.3366e-06
479.8	2.35688e-06
479.9	2.37739e-06
480	2.39812e-06
480.1	2.41907e-06
480.2	2.44023e-06
480.3	2.46159e-06
480.4	2.48315e-06
480.5	2.50491e-06
480.6	2.52686e-06
480.7	2.54898e-06
480.8	2.57129e-06
480.9	2.59378e-06
481	2.61643e-06
481.1	2.63925e-06
481.2	2.66223e-06
481.3	2.68537e-06
481.4	2.70867e-06
481.5	2.70442e-06
481.6	2.6719e-06
481.7	2.63968e-06
481.8	2.60778e-06
481.9	2.57621e-06
482	2.54498e-06
482.1	2.51411e-06
482.2	2.4836e-06
482.3	2.45347e-06
482.4	2.42373e-06
482.5	2.3944e-06
482.6	2.3655e-06
482.7	2.33704e-06
482.8	2.30904e-06
482.9	2.2815e-06
483	2.25446e-06
483.1	2.22793e-06
483.2	2.20192e-06
483.3	2.17646e-06
483.4	2.15156e-06
483.5	2.12725e-06
483.6	2.10354e-06
483.7	2.08046e-06
483.8	2.05803e-06
483.9	2.03626e-06
484	2.01518e-06
484.1	1.99482e-06
484.2	1.95892e-06
484.3	1.92091e-06
484.4	1.88666e-06
484.5	1.85639e-06
484.6	1.83029e-06
484.7	1.80854e-06
484.8	1.7913e-06
484.9	1.77871e-06
485	1.77086e-06
485.1	1.76781e-06
485.2	1.76959e-06
485.3	1.77619e-06
485.4	1.78754e-06
485.5	1.80357e-06
485.6	1.82415e-06
485.7	1.84912e-06
485.8	1.87832e-06
485.9	1.91154e-06
486	1.93506e-06
486.1	1.9561e-06
486.2	1.9782e-06
486.3	2.00133e-06
486.4	2.02545e-06
486.5	2.05053e-06
486.6	2.07652e-06
486.7	2.10341e-06
486.8	2.13114e-06
486.9	2.1597e-06
487	2.18904e-06
487.1	2.21914e-06
487.2	2.24997e-06
487.3	2.2815e-06
487.4	2.31369e-06
487.5	2.34653e-06
487.6	2.37998e-06
487.7	2.41401e-06
487.8	2.44862e-06
487.9	2.48376e-06
488	2.51942e-06
488.1	2.55558e-06
488.2	2.59222e-06
488.3	2.62931e-06
488.4	2.66683e-06
488.5	2.68819e-06
488.6	2.67062e-06
488.7	2.65314e-06
488.8	2.63575e-06
488.9	2.61845e-06
489	2.60125e-06
489.1	2.58414e-06
489.2	2.56714e-06
489.3	2.55023e-06
489.4	2.53343e-06
489.5	2.51673e-06
489.6	2.50014e-06
489.7	2.48366e-06
489.8	2.46729e-06
489.9	2.45104e-06
490	2.4349e-06
490.1	2.41888e-06
490.2	2.40298e-06
490.3	2.3872e-06
490.4	2.37155e-06
490.5	2.35602e-06
490.6	2.34063e-06
490.7	2.32537e-06
490.8	2.31025e-06
490.9	2.29526e-06
491	2.28042e-06
491.1	2.26572e-06
491.2	2.25117e-06
491.3	2.23676e-06
491.4	2.22251e-06
491.5	2.18159e-06
491.6	2.13194e-06
491.7	2.08472e-06
491.8	2.0401e-06
491.9	1.99824e-06
492	1.95932e-06
492.1	1.92352e-06
492.2	1.89103e-06
492.3	1.862e-06
492.4	1.83662e-06
492.5	1.81502e-06
492.6	1.79735e-06
492.7	1.78373e-06
492.8	1.77424e-06
492.9	1.76895e-06
493	1.7679e-06
493.1	1.7711e-06
493.2	1.77853e-06
493.3	1.79013e-06
493.4	1.80296e-06
493.5	1.81766e-06
493.6	1.83481e-06
493.7	1.85432e-06
493.8	1.87614e-06
493.9	1.90018e-06
494	1.92635e-06
494.1	1.95457e-06
494.2	1.98475e-06
494.3	2.01681e-06
494.4	2.05066e-06
494.5	2.0862e-06
494.6	2.12336e-06
494.7	2.16206e-06
494.8	2.2022e-06
494.9	2.24371e-06
495	2.28652e-06
495.1	2.33056e-06
495.2	2.37576e-06
495.3	2.42205e-06
495.4	2.46937e-06
495.5	2.51767e-06
495.6	2.53479e-06
495.7	2.53235e-06
495.8	2.52991e-06
495.9	2.52747e-06
496	2.52503e-06
496.1	2.5226e-06
496.2	2.52017e-06
496.3	2.51774e-06
496.4	2.51531e-06
496.5	2.51289e-06
496.6	2.51047e-06
496.7	2.50805e-06
496.8	2.50563e-06
496.9	2.50321e-06
497	2.5008e-06
497.1	2.49839e-06
497.2	2.49598e-06
497.3	2.49358e-06
497.4	2.49117e-06
497.5	2.48877e-06
497.6	2.48637e-06
497.7	2.48397e-06
497.8	2.48158e-06
497.9	2.47919e-06
498	2.4768e-06
498.1	2.47441e-06
498.2	2.47203e-06
498.3	2.46964e-06
498.4	2.46727e-06
498.5	2.46489e-06
498.6	2.46251e-06
498.7	2.42603e-06
498.8	2.37598e-06
498.9	2.32721e-06
499	2.27979e-06
499.1	2.23381e-06
499.2	2.18937e-06
499.3	2.14656e-06
499.4	2.10548e-06
499.5	2.06623e-06
499.6	2.02892e-06
499.7	1.99366e-06
499.8	1.96056e-06
499.9	1.92972e-06
