0	2.5e-06
0.1	2.5e-06
0.2	2.5e-06
0.3	2.5e-06
0.4	2.5e-06
0.5	2.5e-06
0.6	2.5e-06
0.7	2.5e-06
0.8	2.5e-06
0.9	2.5e-06
1	2.5e-06
1.1	2.5e-06
1.2	2.5e-06
1.3	2.5e-06
1.4	2.5e-06
1.5	2.5e-06
1.6	2.49346e-06
1.7	2.45909e-06
1.8	2.42523e-06
1.9	2.39189e-06
2	2.35911e-06
2.1	2.32689e-06
2.2	2.29528e-06
2.3	2.26429e-06
2.4	2.23394e-06
2.5	2.20428e-06
2.6	2.17531e-06
2.7	2.14708e-06
2.8	2.1196e-06
2.9	2.09292e-06
3	2.06706e-06
3.1	2.04205e-06
3.2	2.01793e-06
3.3	1.99472e-06
3.4	1.97246e-06
3.5	1.95118e-06
3.6	1.93092e-06
3.7	1.9117e-06
3.8	1.89356e-06
3.9	1.87653e-06
4	1.85557e-06
4.1	1.83417e-06
4.2	1.81562e-06
4.3	1.80001e-06
4.4	1.7874e-06
4.5	1.77787e-06
4.6	1.77146e-06
4.7	1.7682e-06
4.8	1.76813e-06
4.9	1.77122e-06
5	1.77748e-06
5.1	1.78686e-06
5.2	1.79931e-06
5.3	1.81478e-06
5.4	1.83319e-06
5.5	1.85445e-06
5.6	1.87845e-06
5.7	1.90447e-06
5.8	1.92198e-06
5.9	1.94041e-06
6	1.95973e-06
6.1	1.97993e-06
6.2	2.00097e-06
6.3	2.02283e-06
6.4	2.04548e-06
6.5	2.06889e-06
6.6	2.09305e-06
6.7	2.11792e-06
6.8	2.14348e-06
6.9	2.16971e-06
7	2.19657e-06
7.1	2.22406e-06
7.2	2.25214e-06
7.3	2.2808e-06
7.4	2.31e-06
7.5	2.33974e-06
7.6	2.36999e-06
7.7	2.40074e-06
7.8	2.43195e-06
7.9	2.46363e-06
8	2.49574e-06
8.1	2.52827e-06
8.2	2.53629e-06
8.3	2.53371e-06
8.4	2.53114e-06
8.5	2.52857e-06
8.6	2.526e-06
8.7	2.52343e-06
8.8	2.52087e-06
8.9	2.51831e-06
9	2.51575e-06
9.1	2.51319e-06
9.2	2.51064e-06
9.3	2.50809e-06
9.4	2.50554e-06
9.5	2.503e-06
9.6	2.50045e-06
9.7	2.49791e-06
9.8	2.49538e-06
9.9	2.49284e-06
10	2.49031e-06
10.1	2.48778e-06
10.2	2.48525e-06
10.3	2.48273e-06
10.4	2.4802e-06
10.5	2.47768e-06
10.6	2.47517e-06
10.7	2.47265e-06
10.8	2.47014e-06
10.9	2.46763e-06
11	2.46513e-06
11.1	2.46262e-06
11.2	2.46012e-06
11.3	2.45304e-06
11.4	2.41709e-06
11.5	2.38174e-06
11.6	2.34702e-06
11.7	2.31297e-06
11.8	2.27961e-06
11.9	2.24696e-06
12	2.21507e-06
12.1	2.18397e-06
12.2	2.15368e-06
12.3	2.12425e-06
12.4	2.09572e-06
12.5	2.06811e-06
12.6	2.04146e-06
12.7	2.01582e-06
12.8	1.99122e-06
12.9	1.96771e-06
13	1.94531e-06
13.1	1.92408e-06
13.2	1.90404e-06
13.3	1.88525e-06
13.4	1.86772e-06
13.5	1.85151e-06
13.6	1.83445e-06
13.7	1.81594e-06
13.8	1.80033e-06
13.9	1.78771e-06
14	1.77813e-06
14.1	1.77164e-06
14.2	1.76828e-06
14.3	1.76806e-06
14.4	1.77099e-06
14.5	1.77705e-06
14.6	1.78621e-06
14.7	1.79842e-06
14.8	1.81362e-06
14.9	1.83174e-06
15	1.85269e-06
15.1	1.87637e-06
15.2	1.90268e-06
15.3	1.93152e-06
15.4	1.95287e-06
15.5	1.97127e-06
15.6	1.99041e-06
15.7	2.01026e-06
15.8	2.0308e-06
15.9	2.05201e-06
16	2.07387e-06
16.1	2.09636e-06
16.2	2.11947e-06
16.3	2.14316e-06
16.4	2.16743e-06
16.5	2.19225e-06
16.6	2.2176e-06
16.7	2.24346e-06
16.8	2.26983e-06
16.9	2.29668e-06
17	2.32399e-06
17.1	2.35174e-06
17.2	2.37994e-06
17.3	2.40854e-06
17.4	2.43755e-06
17.5	2.46695e-06
17.6	2.49673e-06
17.7	2.52686e-06
17.8	2.55735e-06
17.9	2.56877e-06
18	2.56356e-06
18.1	2.55836e-06
18.2	2.55317e-06
18.3	2.54799e-06
18.4	2.54282e-06
18.5	2.53766e-06
18.6	2.5325e-06
18.7	2.52736e-06
18.8	2.52223e-06
18.9	2.51711e-06
19	2.512e-06
19.1	2.5069e-06
19.2	2.5018e-06
19.3	2.49672e-06
19.4	2.49165e-06
19.5	2.48659e-06
19.6	2.48154e-06
19.7	2.4765e-06
19.8	2.47148e-06
19.9	2.46646e-06
20	2.46145e-06
20.1	2.45645e-06
20.2	2.45147e-06
20.3	2.44649e-06
20.4	2.44153e-06
20.5	2.43658e-06
20.6	2.43164e-06
20.7	2.42671e-06
20.8	2.42179e-06
20.9	2.41688e-06
21	2.40724e-06
21.1	2.37002e-06
21.2	2.33351e-06
21.3	2.29775e-06
21.4	2.26279e-06
21.5	2.22865e-06
21.6	2.19538e-06
21.7	2.16301e-06
21.8	2.13159e-06
21.9	2.10116e-06
22	2.07176e-06
22.1	2.04344e-06
22.2	2.01624e-06
22.3	1.99021e-06
22.4	1.96539e-06
22.5	1.94183e-06
22.6	1.91959e-06
22.7	1.89869e-06
22.8	1.8792e-06
22.9	1.86115e-06
23	1.84458e-06
23.1	1.82954e-06
23.2	1.81555e-06
23.3	1.80014e-06
23.4	1.78766e-06
23.5	1.77816e-06
23.6	1.77171e-06
23.7	1.76832e-06
23.8	1.76802e-06
23.9	1.77081e-06
24	1.77667e-06
24.1	1.78558e-06
24.2	1.79749e-06
24.3	1.81234e-06
24.4	1.83005e-06
24.5	1.85055e-06
24.6	1.87375e-06
24.7	1.89954e-06
24.8	1.92783e-06
24.9	1.9585e-06
25	1.98617e-06
25.1	2.00424e-06
25.2	2.0229e-06
25.3	2.04214e-06
25.4	2.06194e-06
25.5	2.08227e-06
25.6	2.10314e-06
25.7	2.12451e-06
25.8	2.14638e-06
25.9	2.16873e-06
26	2.19154e-06
26.1	2.21481e-06
26.2	2.23851e-06
26.3	2.26264e-06
26.4	2.28718e-06
26.5	2.31211e-06
26.6	2.33743e-06
26.7	2.36312e-06
26.8	2.38917e-06
26.9	2.41557e-06
27	2.44231e-06
27.1	2.46937e-06
27.2	2.49675e-06
27.3	2.52443e-06
27.4	2.55241e-06
27.5	2.58067e-06
27.6	2.59725e-06
27.7	2.58936e-06
27.8	2.58149e-06
27.9	2.57364e-06
28	2.56582e-06
28.1	2.55802e-06
28.2	2.55023e-06
28.3	2.54247e-06
28.4	2.53474e-06
28.5	2.52702e-06
28.6	2.51933e-06
28.7	2.51166e-06
28.8	2.50401e-06
28.9	2.49639e-06
29	2.48879e-06
29.1	2.48121e-06
29.2	2.47366e-06
29.3	2.46613e-06
29.4	2.45862e-06
29.5	2.45114e-06
29.6	2.44369e-06
29.7	2.43625e-06
29.8	2.42885e-06
29.9	2.42147e-06
30	2.41411e-06
30.1	2.40678e-06
30.2	2.39948e-06
30.3	2.3922e-06
30.4	2.38495e-06
30.5	2.37773e-06
30.6	2.37053e-06
30.7	2.35647e-06
30.8	2.31833e-06
30.9	2.28105e-06
31	2.24466e-06
31.1	2.2092e-06
31.2	2.17474e-06
31.3	2.14131e-06
31.4	2.10896e-06
31.5	2.07774e-06
31.6	2.0477e-06
31.7	2.01891e-06
31.8	1.9914e-06
31.9	1.96524e-06
32	1.94048e-06
32.1	1.91717e-06
32.2	1.89537e-06
32.3	1.87513e-06
32.4	1.8565e-06
32.5	1.83953e-06
32.6	1.82426e-06
32.7	1.81075e-06
32.8	1.79902e-06
32.9	1.78714e-06
33	1.77789e-06
33.1	1.77161e-06
33.2	1.76831e-06
33.3	1.76801e-06
33.4	1.77072e-06
33.5	1.77642e-06
33.6	1.78508e-06
33.7	1.79667e-06
33.8	1.81111e-06
33.9	1.82836e-06
34	1.84832e-06
34.1	1.87091e-06
34.2	1.89604e-06
34.3	1.92361e-06
34.4	1.95351e-06
34.5	1.98564e-06
34.6	2.01989e-06
34.7	2.03926e-06
34.8	2.05719e-06
34.9	2.07557e-06
35	2.0944e-06
35.1	2.11365e-06
35.2	2.13332e-06
35.3	2.15339e-06
35.4	2.17386e-06
35.5	2.19472e-06
35.6	2.21594e-06
35.7	2.23753e-06
35.8	2.25947e-06
35.9	2.28175e-06
36	2.30436e-06
36.1	2.3273e-06
36.2	2.35055e-06
36.3	2.3741e-06
36.4	2.39794e-06
36.5	2.42207e-06
36.6	2.44648e-06
36.7	2.47116e-06
36.8	2.4961e-06
36.9	2.52129e-06
37	2.54673e-06
37.1	2.5724e-06
37.2	2.59831e-06
37.3	2.6215e-06
37.4	2.6109e-06
37.5	2.60034e-06
37.6	2.58982e-06
37.7	2.57933e-06
37.8	2.56888e-06
37.9	2.55847e-06
38	2.5481e-06
38.1	2.53777e-06
38.2	2.52748e-06
38.3	2.51722e-06
38.4	2.50701e-06
38.5	2.49684e-06
38.6	2.48671e-06
38.7	2.47662e-06
38.8	2.46658e-06
38.9	2.45657e-06
39	2.44662e-06
39.1	2.4367e-06
39.2	2.42683e-06
39.3	2.41701e-06
39.4	2.40723e-06
39.5	2.39749e-06
39.6	2.38781e-06
39.7	2.37817e-06
39.8	2.36858e-06
39.9	2.35904e-06
40	2.34954e-06
40.1	2.3401e-06
40.2	2.33071e-06
40.3	2.32137e-06
40.4	2.30128e-06
40.5	2.26266e-06
40.6	2.22505e-06
40.7	2.18849e-06
40.8	2.15305e-06
40.9	2.11878e-06
41	2.08573e-06
41.1	2.05397e-06
41.2	2.02355e-06
41.3	1.99454e-06
41.4	1.967e-06
41.5	1.94099e-06
41.6	1.91658e-06
41.7	1.89382e-06
41.8	1.87277e-06
41.9	1.85351e-06
42	1.83607e-06
42.1	1.82051e-06
42.2	1.80689e-06
42.3	1.79525e-06
42.4	1.78561e-06
42.5	1.77725e-06
42.6	1.7713e-06
42.7	1.76822e-06
42.8	1.76805e-06
42.9	1.77076e-06
43	1.77637e-06
43.1	1.78482e-06
43.2	1.7961e-06
43.3	1.81013e-06
43.4	1.82687e-06
43.5	1.84623e-06
43.6	1.86814e-06
43.7	1.89251e-06
43.8	1.91923e-06
43.9	1.94823e-06
44	1.97938e-06
44.1	2.01261e-06
44.2	2.0478e-06
44.3	2.07631e-06
44.4	2.09326e-06
44.5	2.11057e-06
44.6	2.12821e-06
44.7	2.14618e-06
44.8	2.16448e-06
44.9	2.1831e-06
45	2.20202e-06
45.1	2.22124e-06
45.2	2.24075e-06
45.3	2.26054e-06
45.4	2.28062e-06
45.5	2.30096e-06
45.6	2.32156e-06
45.7	2.34242e-06
45.8	2.36353e-06
45.9	2.38488e-06
46	2.40647e-06
46.1	2.42829e-06
46.2	2.45032e-06
46.3	2.47258e-06
46.4	2.49505e-06
46.5	2.51772e-06
46.6	2.5406e-06
46.7	2.56367e-06
46.8	2.58693e-06
46.9	2.61037e-06
47	2.63399e-06
47.1	2.62799e-06
47.2	2.61472e-06
47.3	2.60151e-06
47.4	2.58836e-06
47.5	2.57527e-06
47.6	2.56224e-06
47.7	2.54927e-06
47.8	2.53635e-06
47.9	2.5235e-06
48	2.51071e-06
48.1	2.49799e-06
48.2	2.48533e-06
48.3	2.47274e-06
48.4	2.46021e-06
48.5	2.44775e-06
48.6	2.43536e-06
48.7	2.42304e-06
48.8	2.41079e-06
48.9	2.39861e-06
49	2.38651e-06
49.1	2.37448e-06
49.2	2.36252e-06
49.3	2.35064e-06
49.4	2.33884e-06
49.5	2.32712e-06
49.6	2.31548e-06
49.7	2.30392e-06
49.8	2.29244e-06
49.9	2.28104e-06
50	2.26973e-06
50.1	2.24245e-06
50.2	2.20385e-06
50.3	2.16643e-06
50.4	2.13026e-06
50.5	2.0954e-06
50.6	2.06191e-06
50.7	2.02987e-06
50.8	1.99934e-06
50.9	1.9704e-06
51	1.94312e-06
51.1	1.91756e-06
51.2	1.8938e-06
51.3	1.87191e-06
51.4	1.85194e-06
51.5	1.83397e-06
51.6	1.81805e-06
51.7	1.80424e-06
51.8	1.79259e-06
51.9	1.78314e-06
52	1.77592e-06
52.1	1.77077e-06
52.2	1.76808e-06
52.3	1.76815e-06
52.4	1.77099e-06
52.5	1.77658e-06
52.6	1.7849e-06
52.7	1.79591e-06
52.8	1.80956e-06
52.9	1.82579e-06
53	1.84454e-06
53.1	1.86571e-06
53.2	1.88925e-06
53.3	1.91505e-06
53.4	1.94303e-06
53.5	1.9731e-06
53.6	2.00516e-06
53.7	2.03911e-06
53.8	2.07487e-06
53.9	2.11234e-06
54	2.13114e-06
54.1	2.14715e-06
54.2	2.16342e-06
54.3	2.17994e-06
54.4	2.1967e-06
54.5	2.21371e-06
54.6	2.23094e-06
54.7	2.2484e-06
54.8	2.26609e-06
54.9	2.28399e-06
55	2.3021e-06
55.1	2.32042e-06
55.2	2.33894e-06
55.3	2.35766e-06
55.4	2.37658e-06
55.5	2.39568e-06
55.6	2.41496e-06
55.7	2.43443e-06
55.8	2.45407e-06
55.9	2.47388e-06
56	2.49386e-06
56.1	2.514e-06
56.2	2.5343e-06
56.3	2.55475e-06
56.4	2.57536e-06
56.5	2.59611e-06
56.6	2.61701e-06
56.7	2.63805e-06
56.8	2.6404e-06
56.9	2.62444e-06
57	2.60855e-06
57.1	2.59274e-06
57.2	2.57702e-06
57.3	2.56139e-06
57.4	2.54584e-06
57.5	2.53037e-06
57.6	2.515e-06
57.7	2.49972e-06
57.8	2.48453e-06
57.9	2.46944e-06
58	2.45444e-06
58.1	2.43954e-06
58.2	2.42474e-06
58.3	2.41004e-06
58.4	2.39545e-06
58.5	2.38096e-06
58.6	2.36658e-06
58.7	2.35231e-06
58.8	2.33815e-06
58.9	2.3241e-06
59	2.31017e-06
59.1	2.29636e-06
59.2	2.28266e-06
59.3	2.26909e-06
59.4	2.25564e-06
59.5	2.24232e-06
59.6	2.22913e-06
59.7	2.21607e-06
59.8	2.18099e-06
59.9	2.14297e-06
60	2.10634e-06
60.1	2.07116e-06
60.2	2.03753e-06
60.3	2.0055e-06
60.4	1.97516e-06
60.5	1.9466e-06
60.6	1.91988e-06
60.7	1.89509e-06
60.8	1.8723e-06
60.9	1.85159e-06
61	1.83302e-06
61.1	1.81667e-06
61.2	1.8026e-06
61.3	1.79085e-06
61.4	1.78147e-06
61.5	1.7745e-06
61.6	1.76998e-06
61.7	1.7679e-06
61.8	1.76837e-06
61.9	1.77146e-06
62	1.77716e-06
62.1	1.78543e-06
62.2	1.79624e-06
62.3	1.80955e-06
62.4	1.82531e-06
62.5	1.84344e-06
62.6	1.86388e-06
62.7	1.88656e-06
62.8	1.91139e-06
62.9	1.9383e-06
63	1.96719e-06
63.1	1.99798e-06
63.2	2.03059e-06
63.3	2.06493e-06
63.4	2.10091e-06
63.5	2.13845e-06
63.6	2.17085e-06
63.7	2.18538e-06
63.8	2.2001e-06
63.9	2.215e-06
64	2.23007e-06
64.1	2.24532e-06
64.2	2.26074e-06
64.3	2.27633e-06
64.4	2.29209e-06
64.5	2.308e-06
64.6	2.32407e-06
64.7	2.34029e-06
64.8	2.35667e-06
64.9	2.37319e-06
65	2.38986e-06
65.1	2.40667e-06
65.2	2.42362e-06
65.3	2.4407e-06
65.4	2.45792e-06
65.5	2.47527e-06
65.6	2.49274e-06
65.7	2.51034e-06
65.8	2.52806e-06
65.9	2.5459e-06
66	2.56386e-06
66.1	2.58194e-06
66.2	2.60012e-06
66.3	2.61842e-06
66.4	2.63682e-06
66.5	2.64793e-06
66.6	2.62928e-06
66.7	2.61073e-06
66.8	2.5923e-06
66.9	2.57398e-06
67	2.55577e-06
67.1	2.53769e-06
67.2	2.51972e-06
67.3	2.50188e-06
67.4	2.48416e-06
67.5	2.46658e-06
67.6	2.44912e-06
67.7	2.4318e-06
67.8	2.41461e-06
67.9	2.39757e-06
68	2.38067e-06
68.1	2.36391e-06
68.2	2.34731e-06
68.3	2.33085e-06
68.4	2.31456e-06
68.5	2.29842e-06
68.6	2.28244e-06
68.7	2.26663e-06
68.8	2.25099e-06
68.9	2.23553e-06
69	2.22023e-06
69.1	2.20512e-06
69.2	2.1902e-06
69.3	2.17546e-06
69.4	2.15643e-06
69.5	2.11811e-06
69.6	2.08132e-06
69.7	2.04614e-06
69.8	2.01266e-06
69.9	1.98096e-06
70	1.95114e-06
70.1	1.92326e-06
70.2	1.89744e-06
70.3	1.87373e-06
70.4	1.85224e-06
70.5	1.83304e-06
70.6	1.81619e-06
70.7	1.80177e-06
70.8	1.78983e-06
70.9	1.78043e-06
71	1.77361e-06
71.1	1.76938e-06
71.2	1.76778e-06
71.3	1.7688e-06
71.4	1.77228e-06
71.5	1.77819e-06
71.6	1.78652e-06
71.7	1.79722e-06
71.8	1.81026e-06
71.9	1.82559e-06
72	1.84315e-06
72.1	1.86287e-06
72.2	1.88469e-06
72.3	1.90854e-06
72.4	1.93434e-06
72.5	1.96202e-06
72.6	1.99149e-06
72.7	2.02268e-06
72.8	2.05551e-06
72.9	2.0899e-06
73	2.12578e-06
73.1	2.16307e-06
73.2	2.20171e-06
73.3	2.2253e-06
73.4	2.2383e-06
73.5	2.25142e-06
73.6	2.26468e-06
73.7	2.27805e-06
73.8	2.29154e-06
73.9	2.30515e-06
74	2.31888e-06
74.1	2.33272e-06
74.2	2.34667e-06
74.3	2.36073e-06
74.4	2.3749e-06
74.5	2.38917e-06
74.6	2.40355e-06
74.7	2.41803e-06
74.8	2.43261e-06
74.9	2.44729e-06
75	2.46207e-06
75.1	2.47694e-06
75.2	2.4919e-06
75.3	2.50696e-06
75.4	2.5221e-06
75.5	2.53734e-06
75.6	2.55266e-06
75.7	2.56806e-06
75.8	2.58355e-06
75.9	2.59913e-06
76	2.61478e-06
76.1	2.63051e-06
76.2	2.64632e-06
76.3	2.62904e-06
76.4	2.60787e-06
76.5	2.58685e-06
76.6	2.56598e-06
76.7	2.54527e-06
76.8	2.5247e-06
76.9	2.5043e-06
77	2.48406e-06
77.1	2.46399e-06
77.2	2.44409e-06
77.3	2.42437e-06
77.4	2.40483e-06
77.5	2.38547e-06
77.6	2.3663e-06
77.7	2.34733e-06
77.8	2.32856e-06
77.9	2.30999e-06
78	2.29162e-06
78.1	2.27347e-06
78.2	2.25555e-06
78.3	2.23784e-06
78.4	2.22036e-06
78.5	2.20312e-06
78.6	2.18612e-06
78.7	2.16937e-06
78.8	2.15287e-06
78.9	2.13662e-06
79	2.12064e-06
79.1	2.09193e-06
79.2	2.0553e-06
79.3	2.02045e-06
79.4	1.98746e-06
79.5	1.95642e-06
79.6	1.92743e-06
79.7	1.90059e-06
79.8	1.87598e-06
79.9	1.8537e-06
80	1.83382e-06
80.1	1.81644e-06
80.2	1.80161e-06
80.3	1.78941e-06
80.4	1.77989e-06
80.5	1.77309e-06
80.6	1.76905e-06
80.7	1.76777e-06
80.8	1.76927e-06
80.9	1.77354e-06
81	1.77982e-06
81.1	1.7883e-06
81.2	1.79899e-06
81.3	1.81185e-06
81.4	1.82682e-06
81.5	1.84386e-06
81.6	1.86291e-06
81.7	1.8839e-06
81.8	1.90678e-06
81.9	1.93148e-06
82	1.95792e-06
82.1	1.98605e-06
82.2	2.01578e-06
82.3	2.04705e-06
82.4	2.07979e-06
82.5	2.11393e-06
82.6	2.14941e-06
82.7	2.18615e-06
82.8	2.2241e-06
82.9	2.2632e-06
83	2.2781e-06
83.1	2.28931e-06
83.2	2.30061e-06
83.3	2.31198e-06
83.4	2.32344e-06
83.5	2.33497e-06
83.6	2.34658e-06
83.7	2.35827e-06
83.8	2.37003e-06
83.9	2.38186e-06
84	2.39377e-06
84.1	2.40575e-06
84.2	2.41779e-06
84.3	2.42991e-06
84.4	2.4421e-06
84.5	2.45435e-06
84.6	2.46667e-06
84.7	2.47906e-06
84.8	2.4915e-06
84.9	2.50402e-06
85	2.51659e-06
85.1	2.52923e-06
85.2	2.54193e-06
85.3	2.55468e-06
85.4	2.5675e-06
85.5	2.58037e-06
85.6	2.5933e-06
85.7	2.60629e-06
85.8	2.61933e-06
85.9	2.63243e-06
86	2.62351e-06
86.1	2.59979e-06
86.2	2.57624e-06
86.3	2.55289e-06
86.4	2.52974e-06
86.5	2.50678e-06
86.6	2.48403e-06
86.7	2.46149e-06
86.8	2.43917e-06
86.9	2.41708e-06
87	2.39521e-06
87.1	2.37358e-06
87.2	2.35219e-06
87.3	2.33105e-06
87.4	2.31017e-06
87.5	2.28955e-06
87.6	2.2692e-06
87.7	2.24914e-06
87.8	2.22935e-06
87.9	2.20986e-06
88	2.19067e-06
88.1	2.17179e-06
88.2	2.15322e-06
88.3	2.13498e-06
88.4	2.11708e-06
88.5	2.09951e-06
88.6	2.0823e-06
88.7	2.06454e-06
88.8	2.02844e-06
88.9	1.99426e-06
89	1.9621e-06
89.1	1.93207e-06
89.2	1.90427e-06
89.3	1.87879e-06
89.4	1.85574e-06
89.5	1.8352e-06
89.6	1.81725e-06
89.7	1.80199e-06
89.8	1.78946e-06
89.9	1.77974e-06
90	1.77287e-06
90.1	1.76888e-06
90.2	1.76779e-06
90.3	1.76961e-06
90.4	1.77432e-06
90.5	1.78191e-06
90.6	1.79097e-06
90.7	1.80174e-06
90.8	1.81449e-06
90.9	1.82919e-06
91	1.84577e-06
91.1	1.8642e-06
91.2	1.88441e-06
91.3	1.90636e-06
91.4	1.92998e-06
91.5	1.9552e-06
91.6	1.98198e-06
91.7	2.01025e-06
91.8	2.03995e-06
91.9	2.07101e-06
92	2.10337e-06
92.1	2.13698e-06
92.2	2.17177e-06
92.3	2.2077e-06
92.4	2.24471e-06
92.5	2.28273e-06
92.6	2.31958e-06
92.7	2.32875e-06
92.8	2.33796e-06
92.9	2.34723e-06
93	2.35654e-06
93.1	2.36591e-06
93.2	2.37532e-06
93.3	2.38477e-06
93.4	2.39427e-06
93.5	2.40382e-06
93.6	2.41341e-06
93.7	2.42305e-06
93.8	2.43273e-06
93.9	2.44245e-06
94	2.45221e-06
94.1	2.46202e-06
94.2	2.47187e-06
94.3	2.48176e-06
94.4	2.4917e-06
94.5	2.50167e-06
94.6	2.51168e-06
94.7	2.52173e-06
94.8	2.53182e-06
94.9	2.54195e-06
95	2.55212e-06
95.1	2.56232e-06
95.2	2.57256e-06
95.3	2.58284e-06
95.4	2.59315e-06
95.5	2.6035e-06
95.6	2.61389e-06
95.7	2.61251e-06
95.8	2.5863e-06
95.9	2.56032e-06
96	2.53458e-06
96.1	2.50909e-06
96.2	2.48384e-06
96.3	2.45886e-06
96.4	2.43415e-06
96.5	2.40971e-06
96.6	2.38556e-06
96.7	2.36171e-06
96.8	2.33815e-06
96.9	2.31491e-06
97	2.29199e-06
97.1	2.2694e-06
97.2	2.24716e-06
97.3	2.22527e-06
97.4	2.20373e-06
97.5	2.18258e-06
97.6	2.1618e-06
97.7	2.14142e-06
97.8	2.12145e-06
97.9	2.1019e-06
98	2.08278e-06
98.1	2.0641e-06
98.2	2.04587e-06
98.3	2.02811e-06
98.4	2.00094e-06
98.5	1.96779e-06
98.6	1.93684e-06
98.7	1.90817e-06
98.8	1.8819e-06
98.9	1.85813e-06
99	1.83696e-06
99.1	1.81847e-06
99.2	1.80275e-06
99.3	1.78987e-06
99.4	1.77989e-06
99.5	1.77287e-06
99.6	1.76883e-06
99.7	1.7678e-06
99.8	1.76979e-06
99.9	1.77478e-06
100	1.78274e-06
100.1	1.79365e-06
100.2	1.80568e-06
100.3	1.81841e-06
100.4	1.8329e-06
100.5	1.8491e-06
100.6	1.86696e-06
100.7	1.88645e-06
100.8	1.90751e-06
100.9	1.93009e-06
101	1.95414e-06
101.1	1.97959e-06
101.2	2.00641e-06
101.3	2.03454e-06
101.4	2.06392e-06
101.5	2.09449e-06
101.6	2.12622e-06
101.7	2.15904e-06
101.8	2.19292e-06
101.9	2.22779e-06
102	2.26361e-06
102.1	2.30035e-06
102.2	2.33795e-06
102.3	2.3698e-06
102.4	2.37683e-06
102.5	2.38388e-06
102.6	2.39095e-06
102.7	2.39806e-06
102.8	2.40518e-06
102.9	2.41234e-06
103	2.41951e-06
103.1	2.42671e-06
103.2	2.43394e-06
103.3	2.44119e-06
103.4	2.44846e-06
103.5	2.45576e-06
103.6	2.46308e-06
103.7	2.47042e-06
103.8	2.47779e-06
103.9	2.48518e-06
104	2.49259e-06
104.1	2.50002e-06
104.2	2.50748e-06
104.3	2.51496e-06
104.4	2.52246e-06
104.5	2.52998e-06
104.6	2.53752e-06
104.7	2.54509e-06
104.8	2.55267e-06
104.9	2.56028e-06
105	2.5679e-06
105.1	2.57555e-06
105.2	2.58322e-06
105.3	2.59091e-06
105.4	2.59587e-06
105.5	2.56728e-06
105.6	2.53898e-06
105.7	2.51097e-06
105.8	2.48326e-06
105.9	2.45587e-06
106	2.4288e-06
106.1	2.40207e-06
106.2	2.37568e-06
106.3	2.34966e-06
106.4	2.324e-06
106.5	2.29873e-06
106.6	2.27385e-06
106.7	2.24939e-06
106.8	2.22534e-06
106.9	2.20173e-06
107	2.17857e-06
107.1	2.15588e-06
107.2	2.13367e-06
107.3	2.11195e-06
107.4	2.09075e-06
107.5	2.07006e-06
107.6	2.04993e-06
107.7	2.03035e-06
107.8	2.01134e-06
107.9	1.99293e-06
108	1.97309e-06
108.1	1.94136e-06
108.2	1.91196e-06
108.3	1.88502e-06
108.4	1.86062e-06
108.5	1.83889e-06
108.6	1.8199e-06
108.7	1.80375e-06
108.8	1.79051e-06
108.9	1.78026e-06
109	1.77303e-06
109.1	1.76887e-06
109.2	1.7678e-06
109.3	1.76983e-06
109.4	1.77494e-06
109.5	1.78311e-06
109.6	1.7943e-06
109.7	1.80845e-06
109.8	1.82385e-06
109.9	1.83819e-06
110	1.85407e-06
110.1	1.87144e-06
110.2	1.89026e-06
110.3	1.91048e-06
110.4	1.93207e-06
110.5	1.95498e-06
110.6	1.97915e-06
110.7	2.00456e-06
110.8	2.03114e-06
110.9	2.05886e-06
111	2.08767e-06
111.1	2.11752e-06
111.2	2.14837e-06
111.3	2.18018e-06
111.4	2.21291e-06
111.5	2.24652e-06
111.6	2.28096e-06
111.7	2.3162e-06
111.8	2.35221e-06
111.9	2.38896e-06
112	2.41727e-06
112.1	2.42201e-06
112.2	2.42675e-06
112.3	2.43151e-06
112.4	2.43628e-06
112.5	2.44106e-06
112.6	2.44584e-06
112.7	2.45064e-06
112.8	2.45545e-06
112.9	2.46027e-06
113	2.4651e-06
113.1	2.46994e-06
113.2	2.47478e-06
113.3	2.47964e-06
113.4	2.48451e-06
113.5	2.48939e-06
113.6	2.49428e-06
113.7	2.49918e-06
113.8	2.50408e-06
113.9	2.509e-06
114	2.51393e-06
114.1	2.51886e-06
114.2	2.52381e-06
114.3	2.52876e-06
114.4	2.53373e-06
114.5	2.5387e-06
114.6	2.54368e-06
114.7	2.54867e-06
114.8	2.55367e-06
114.9	2.55868e-06
115	2.5637e-06
115.1	2.56873e-06
115.2	2.54262e-06
115.3	2.51213e-06
115.4	2.482e-06
115.5	2.45225e-06
115.6	2.42288e-06
115.7	2.39391e-06
115.8	2.36535e-06
115.9	2.33722e-06
116	2.30954e-06
116.1	2.28232e-06
116.2	2.25558e-06
116.3	2.22934e-06
116.4	2.20361e-06
116.5	2.17841e-06
116.6	2.15376e-06
116.7	2.12968e-06
116.8	2.10618e-06
116.9	2.0833e-06
117	2.06105e-06
117.1	2.03944e-06
117.2	2.01851e-06
117.3	1.99826e-06
117.4	1.97873e-06
117.5	1.95994e-06
117.6	1.9419e-06
117.7	1.9153e-06
117.8	1.88783e-06
117.9	1.86294e-06
118	1.84075e-06
118.1	1.82135e-06
118.2	1.80483e-06
118.3	1.79127e-06
118.4	1.78074e-06
118.5	1.7733e-06
118.6	1.76897e-06
118.7	1.76779e-06
118.8	1.76976e-06
118.9	1.77487e-06
119	1.7831e-06
119.1	1.79439e-06
119.2	1.8087e-06
119.3	1.82594e-06
119.4	1.84536e-06
119.5	1.86097e-06
119.6	1.87789e-06
119.7	1.89609e-06
119.8	1.91553e-06
119.9	1.93617e-06
120	1.95799e-06
120.1	1.98093e-06
120.2	2.00496e-06
120.3	2.03004e-06
120.4	2.05613e-06
120.5	2.0832e-06
120.6	2.11121e-06
120.7	2.14011e-06
120.8	2.16988e-06
120.9	2.20048e-06
121	2.23187e-06
121.1	2.26403e-06
121.2	2.29691e-06
121.3	2.3305e-06
121.4	2.36475e-06
121.5	2.39965e-06
121.6	2.43515e-06
121.7	2.46168e-06
121.8	2.46401e-06
121.9	2.46634e-06
122	2.46867e-06
122.1	2.471e-06
122.2	2.47334e-06
122.3	2.47568e-06
122.4	2.47802e-06
122.5	2.48036e-06
122.6	2.48271e-06
122.7	2.48505e-06
122.8	2.4874e-06
122.9	2.48976e-06
123	2.49211e-06
123.1	2.49447e-06
123.2	2.49683e-06
123.3	2.49919e-06
123.4	2.50155e-06
123.5	2.50391e-06
123.6	2.50628e-06
123.7	2.50865e-06
123.8	2.51102e-06
123.9	2.5134e-06
124	2.51578e-06
124.1	2.51815e-06
124.2	2.52054e-06
124.3	2.52292e-06
124.4	2.5253e-06
124.5	2.52769e-06
124.6	2.53008e-06
124.7	2.53247e-06
124.8	2.53487e-06
124.9	2.51228e-06
125	2.47979e-06
125.1	2.44773e-06
125.2	2.41612e-06
125.3	2.38499e-06
125.4	2.35434e-06
125.5	2.32419e-06
125.6	2.29458e-06
125.7	2.26551e-06
125.8	2.23702e-06
125.9	2.20911e-06
126	2.18182e-06
126.1	2.15517e-06
126.2	2.12918e-06
126.3	2.10387e-06
126.4	2.07927e-06
126.5	2.05541e-06
126.6	2.03232e-06
126.7	2.01001e-06
126.8	1.98852e-06
126.9	1.96786e-06
127	1.94808e-06
127.1	1.9292e-06
127.2	1.91123e-06
127.3	1.89001e-06
127.4	1.8648e-06
127.5	1.84231e-06
127.6	1.82262e-06
127.7	1.80583e-06
127.8	1.79202e-06
127.9	1.78126e-06
128	1.77361e-06
128.1	1.76911e-06
128.2	1.76778e-06
128.3	1.76962e-06
128.4	1.77463e-06
128.5	1.78279e-06
128.6	1.79404e-06
128.7	1.80833e-06
128.8	1.82559e-06
128.9	1.84574e-06
129	1.86868e-06
129.1	1.88661e-06
129.2	1.90422e-06
129.3	1.92292e-06
129.4	1.94267e-06
129.5	1.96343e-06
129.6	1.98518e-06
129.7	2.00788e-06
129.8	2.0315e-06
129.9	2.05602e-06
130	2.08139e-06
130.1	2.10758e-06
130.2	2.13458e-06
130.3	2.16234e-06
130.4	2.19084e-06
130.5	2.22005e-06
130.6	2.24994e-06
130.7	2.28049e-06
130.8	2.31167e-06
130.9	2.34344e-06
131	2.3758e-06
131.1	2.40872e-06
131.2	2.44217e-06
131.3	2.47613e-06
131.4	2.50277e-06
131.5	2.50259e-06
131.6	2.50241e-06
131.7	2.50223e-06
131.8	2.50206e-06
131.9	2.50188e-06
132	2.5017e-06
132.1	2.50152e-06
132.2	2.50134e-06
132.3	2.50116e-06
132.4	2.50099e-06
132.5	2.50081e-06
132.6	2.50063e-06
132.7	2.50045e-06
132.8	2.50027e-06
132.9	2.50009e-06
133	2.49992e-06
133.1	2.49974e-06
133.2	2.49956e-06
133.3	2.49938e-06
133.4	2.4992e-06
133.5	2.49902e-06
133.6	2.49885e-06
133.7	2.49867e-06
133.8	2.49849e-06
133.9	2.49831e-06
134	2.49813e-06
134.1	2.49795e-06
134.2	2.49778e-06
134.3	2.4976e-06
134.4	2.49742e-06
134.5	2.49724e-06
134.6	2.4763e-06
134.7	2.44202e-06
134.8	2.40826e-06
134.9	2.37505e-06
135	2.34241e-06
135.1	2.31035e-06
135.2	2.27891e-06
135.3	2.24812e-06
135.4	2.21799e-06
135.5	2.18856e-06
135.6	2.15986e-06
135.7	2.13191e-06
135.8	2.10474e-06
135.9	2.07839e-06
136	2.05289e-06
136.1	2.02826e-06
136.2	2.00454e-06
136.3	1.98177e-06
136.4	1.95998e-06
136.5	1.93919e-06
136.6	1.91944e-06
136.7	1.90077e-06
136.8	1.88321e-06
136.9	1.86592e-06
137	1.8433e-06
137.1	1.82348e-06
137.2	1.80656e-06
137.3	1.79261e-06
137.4	1.78171e-06
137.5	1.77391e-06
137.6	1.76926e-06
137.7	1.76777e-06
137.8	1.76946e-06
137.9	1.77431e-06
138	1.7823e-06
138.1	1.7934e-06
138.2	1.80753e-06
138.3	1.82464e-06
138.4	1.84463e-06
138.5	1.86743e-06
138.6	1.89291e-06
138.7	1.91499e-06
138.8	1.93297e-06
138.9	1.95184e-06
139	1.97159e-06
139.1	1.99218e-06
139.2	2.01359e-06
139.3	2.0358e-06
139.4	2.05877e-06
139.5	2.08249e-06
139.6	2.10693e-06
139.7	2.13206e-06
139.8	2.15786e-06
139.9	2.1843e-06
140	2.21137e-06
140.1	2.23904e-06
140.2	2.26728e-06
140.3	2.29608e-06
140.4	2.32542e-06
140.5	2.35528e-06
140.6	2.38563e-06
140.7	2.41645e-06
140.8	2.44774e-06
140.9	2.47947e-06
141	2.51162e-06
141.1	2.5403e-06
141.2	2.53754e-06
141.3	2.53478e-06
141.4	2.53203e-06
141.5	2.52927e-06
141.6	2.52652e-06
141.7	2.52378e-06
141.8	2.52103e-06
141.9	2.51829e-06
142	2.51556e-06
142.1	2.51282e-06
142.2	2.51009e-06
142.3	2.50736e-06
142.4	2.50463e-06
142.5	2.50191e-06
142.6	2.49919e-06
142.7	2.49647e-06
142.8	2.49376e-06
142.9	2.49105e-06
143	2.48834e-06
143.1	2.48563e-06
143.2	2.48293e-06
143.3	2.48023e-06
143.4	2.47754e-06
143.5	2.47484e-06
143.6	2.47215e-06
143.7	2.46947e-06
143.8	2.46678e-06
143.9	2.4641e-06
144	2.46142e-06
144.1	2.45875e-06
144.2	2.45608e-06
144.3	2.43482e-06
144.4	2.39902e-06
144.5	2.36385e-06
144.6	2.32932e-06
144.7	2.29548e-06
144.8	2.26235e-06
144.9	2.22997e-06
145	2.19836e-06
145.1	2.16756e-06
145.2	2.13761e-06
145.3	2.10854e-06
145.4	2.08039e-06
145.5	2.05319e-06
145.6	2.02699e-06
145.7	2.00183e-06
145.8	1.97774e-06
145.9	1.95476e-06
146	1.93293e-06
146.1	1.9123e-06
146.2	1.8929e-06
146.3	1.87477e-06
146.4	1.85795e-06
146.5	1.84247e-06
146.6	1.82374e-06
146.7	1.80685e-06
146.8	1.79291e-06
146.9	1.78198e-06
147	1.77412e-06
147.1	1.76938e-06
147.2	1.76777e-06
147.3	1.7693e-06
147.4	1.77397e-06
147.5	1.78176e-06
147.6	1.79261e-06
147.7	1.80648e-06
147.8	1.8233e-06
147.9	1.84298e-06
148	1.86544e-06
148.1	1.89058e-06
148.2	1.91829e-06
148.3	1.94602e-06
148.4	1.96403e-06
148.5	1.98278e-06
148.6	2.00223e-06
148.7	2.02238e-06
148.8	2.04321e-06
148.9	2.06468e-06
149	2.08679e-06
149.1	2.1095e-06
149.2	2.13281e-06
149.3	2.1567e-06
149.4	2.18113e-06
149.5	2.20611e-06
149.6	2.2316e-06
149.7	2.25759e-06
149.8	2.28406e-06
149.9	2.31101e-06
150	2.3384e-06
150.1	2.36622e-06
150.2	2.39447e-06
150.3	2.42312e-06
150.4	2.45217e-06
150.5	2.48159e-06
150.6	2.51137e-06
150.7	2.5415e-06
150.8	2.57198e-06
150.9	2.56864e-06
151	2.56325e-06
151.1	2.55787e-06
151.2	2.5525e-06
151.3	2.54713e-06
151.4	2.54178e-06
151.5	2.53644e-06
151.6	2.53111e-06
151.7	2.52579e-06
151.8	2.52048e-06
151.9	2.51519e-06
152	2.5099e-06
152.1	2.50462e-06
152.2	2.49936e-06
152.3	2.4941e-06
152.4	2.48886e-06
152.5	2.48363e-06
152.6	2.47841e-06
152.7	2.4732e-06
152.8	2.468e-06
152.9	2.46282e-06
153	2.45764e-06
153.1	2.45248e-06
153.2	2.44733e-06
153.3	2.44219e-06
153.4	2.43706e-06
153.5	2.43195e-06
153.6	2.42684e-06
153.7	2.42175e-06
153.8	2.41667e-06
153.9	2.41161e-06
154	2.38812e-06
154.1	2.35112e-06
154.2	2.31486e-06
154.3	2.27938e-06
154.4	2.24471e-06
154.5	2.2109e-06
154.6	2.17798e-06
154.7	2.14599e-06
154.8	2.11498e-06
154.9	2.08499e-06
155	2.05606e-06
155.1	2.02825e-06
155.2	2.00159e-06
155.3	1.97614e-06
155.4	1.95193e-06
155.5	1.92902e-06
155.6	1.90746e-06
155.7	1.88729e-06
155.8	1.86855e-06
155.9	1.8513e-06
156	1.83556e-06
156.1	1.82138e-06
156.2	1.80653e-06
156.3	1.79277e-06
156.4	1.78196e-06
156.5	1.77417e-06
156.6	1.76943e-06
156.7	1.76777e-06
156.8	1.76919e-06
156.9	1.77369e-06
157	1.78125e-06
157.1	1.79182e-06
157.2	1.80536e-06
157.3	1.82179e-06
157.4	1.84104e-06
157.5	1.86302e-06
157.6	1.88764e-06
157.7	1.9148e-06
157.8	1.94438e-06
157.9	1.97629e-06
158	1.99734e-06
158.1	2.01567e-06
158.2	2.03456e-06
158.3	2.05402e-06
158.4	2.07402e-06
158.5	2.09454e-06
158.6	2.11557e-06
158.7	2.1371e-06
158.8	2.15911e-06
158.9	2.18159e-06
159	2.20451e-06
159.1	2.22788e-06
159.2	2.25167e-06
159.3	2.27587e-06
159.4	2.30047e-06
159.5	2.32545e-06
159.6	2.35081e-06
159.7	2.37653e-06
159.8	2.40259e-06
159.9	2.429e-06
160	2.45573e-06
160.1	2.48278e-06
160.2	2.51014e-06
160.3	2.53779e-06
160.4	2.56573e-06
160.5	2.59395e-06
160.6	2.5957e-06
160.7	2.58763e-06
160.8	2.57959e-06
160.9	2.57156e-06
161	2.56356e-06
161.1	2.55558e-06
161.2	2.54763e-06
161.3	2.53969e-06
161.4	2.53178e-06
161.5	2.5239e-06
161.6	2.51603e-06
161.7	2.50819e-06
161.8	2.50038e-06
161.9	2.49259e-06
162	2.48482e-06
162.1	2.47708e-06
162.2	2.46936e-06
162.3	2.46167e-06
162.4	2.45401e-06
162.5	2.44637e-06
162.6	2.43875e-06
162.7	2.43117e-06
162.8	2.4236e-06
162.9	2.41607e-06
163	2.40856e-06
163.1	2.40108e-06
163.2	2.39363e-06
163.3	2.3862e-06
163.4	2.37881e-06
163.5	2.37144e-06
163.6	2.3641e-06
163.7	2.33663e-06
163.8	2.2988e-06
163.9	2.26185e-06
164	2.22583e-06
164.1	2.19077e-06
164.2	2.15674e-06
164.3	2.12376e-06
164.4	2.09191e-06
164.5	2.06122e-06
164.6	2.03176e-06
164.7	2.00357e-06
164.8	1.97671e-06
164.9	1.95123e-06
165	1.92719e-06
165.1	1.90465e-06
165.2	1.88366e-06
165.3	1.86426e-06
165.4	1.84652e-06
165.5	1.83047e-06
165.6	1.81617e-06
165.7	1.80365e-06
165.8	1.79207e-06
165.9	1.78156e-06
166	1.77399e-06
166.1	1.76938e-06
166.2	1.76777e-06
166.3	1.76915e-06
166.4	1.77353e-06
166.5	1.78088e-06
166.6	1.79117e-06
166.7	1.80433e-06
166.8	1.82032e-06
166.9	1.83906e-06
167	1.86046e-06
167.1	1.88443e-06
167.2	1.91088e-06
167.3	1.93971e-06
167.4	1.97081e-06
167.5	2.00408e-06
167.6	2.03284e-06
167.7	2.05048e-06
167.8	2.06857e-06
167.9	2.08709e-06
168	2.10605e-06
168.1	2.12542e-06
168.2	2.14519e-06
168.3	2.16536e-06
168.4	2.18592e-06
168.5	2.20684e-06
168.6	2.22812e-06
168.7	2.24976e-06
168.8	2.27174e-06
168.9	2.29405e-06
169	2.31668e-06
169.1	2.33962e-06
169.2	2.36287e-06
169.3	2.38641e-06
169.4	2.41024e-06
169.5	2.43434e-06
169.6	2.45871e-06
169.7	2.48335e-06
169.8	2.50824e-06
169.9	2.53337e-06
170	2.55875e-06
170.1	2.58435e-06
170.2	2.61018e-06
170.3	2.61851e-06
170.4	2.60774e-06
170.5	2.59701e-06
170.6	2.58631e-06
170.7	2.57566e-06
170.8	2.56504e-06
170.9	2.55446e-06
171	2.54392e-06
171.1	2.53343e-06
171.2	2.52297e-06
171.3	2.51256e-06
171.4	2.50218e-06
171.5	2.49185e-06
171.6	2.48157e-06
171.7	2.47132e-06
171.8	2.46113e-06
171.9	2.45097e-06
172	2.44087e-06
172.1	2.4308e-06
172.2	2.42079e-06
172.3	2.41082e-06
172.4	2.4009e-06
172.5	2.39103e-06
172.6	2.3812e-06
172.7	2.37143e-06
172.8	2.36171e-06
172.9	2.35203e-06
173	2.34241e-06
173.1	2.33284e-06
173.2	2.32332e-06
173.3	2.31386e-06
173.4	2.28096e-06
173.5	2.24274e-06
173.6	2.20557e-06
173.7	2.16948e-06
173.8	2.13455e-06
173.9	2.10083e-06
174	2.06836e-06
174.1	2.03723e-06
174.2	2.00748e-06
174.3	1.97918e-06
174.4	1.9524e-06
174.5	1.92719e-06
174.6	1.90362e-06
174.7	1.88175e-06
174.8	1.86164e-06
174.9	1.84335e-06
175	1.82693e-06
175.1	1.81244e-06
175.2	1.79991e-06
175.3	1.78939e-06
175.4	1.78071e-06
175.5	1.77353e-06
175.6	1.76921e-06
175.7	1.76777e-06
175.8	1.76922e-06
175.9	1.77355e-06
176	1.78075e-06
176.1	1.79077e-06
176.2	1.80357e-06
176.3	1.81909e-06
176.4	1.83727e-06
176.5	1.85802e-06
176.6	1.88126e-06
176.7	1.90689e-06
176.8	1.93483e-06
176.9	1.96498e-06
177	1.99723e-06
177.1	2.03148e-06
177.2	2.06764e-06
177.3	2.0872e-06
177.4	2.10424e-06
177.5	2.12163e-06
177.6	2.13934e-06
177.7	2.15737e-06
177.8	2.17572e-06
177.9	2.19437e-06
178	2.21333e-06
178.1	2.23257e-06
178.2	2.25209e-06
178.3	2.27189e-06
178.4	2.29196e-06
178.5	2.31229e-06
178.6	2.33287e-06
178.7	2.35371e-06
178.8	2.37478e-06
178.9	2.39609e-06
179	2.41763e-06
179.1	2.43939e-06
179.2	2.46136e-06
179.3	2.48355e-06
179.4	2.50595e-06
179.5	2.52854e-06
179.6	2.55133e-06
179.7	2.57431e-06
179.8	2.59747e-06
179.9	2.62081e-06
180	2.63686e-06
180.1	2.62337e-06
180.2	2.60994e-06
180.3	2.59657e-06
180.4	2.58326e-06
180.5	2.57e-06
180.6	2.55681e-06
180.7	2.54368e-06
180.8	2.53062e-06
180.9	2.51762e-06
181	2.50468e-06
181.1	2.49181e-06
181.2	2.479e-06
181.3	2.46627e-06
181.4	2.4536e-06
181.5	2.44101e-06
181.6	2.42848e-06
181.7	2.41603e-06
181.8	2.40365e-06
181.9	2.39134e-06
182	2.37911e-06
182.1	2.36696e-06
182.2	2.35489e-06
182.3	2.34289e-06
182.4	2.33098e-06
182.5	2.31915e-06
182.6	2.3074e-06
182.7	2.29574e-06
182.8	2.28416e-06
182.9	2.27267e-06
183	2.26116e-06
183.1	2.22191e-06
183.2	2.18382e-06
183.3	2.14696e-06
183.4	2.11138e-06
183.5	2.07716e-06
183.6	2.04436e-06
183.7	2.01304e-06
183.8	1.98329e-06
183.9	1.95518e-06
184	1.92877e-06
184.1	1.90413e-06
184.2	1.88134e-06
184.3	1.86046e-06
184.4	1.84156e-06
184.5	1.82469e-06
184.6	1.80993e-06
184.7	1.79731e-06
184.8	1.78688e-06
184.9	1.77869e-06
185	1.77276e-06
185.1	1.7689e-06
185.2	1.76778e-06
185.3	1.76942e-06
185.4	1.77381e-06
185.5	1.78093e-06
185.6	1.79075e-06
185.7	1.80322e-06
185.8	1.81829e-06
185.9	1.83589e-06
186	1.85596e-06
186.1	1.87841e-06
186.2	1.90316e-06
186.3	1.93012e-06
186.4	1.9592e-06
186.5	1.99031e-06
186.6	2.02335e-06
186.7	2.05823e-06
186.8	2.09486e-06
186.9	2.12583e-06
187	2.14162e-06
187.1	2.15766e-06
187.2	2.17395e-06
187.3	2.19047e-06
187.4	2.20724e-06
187.5	2.22423e-06
187.6	2.24145e-06
187.7	2.25889e-06
187.8	2.27655e-06
187.9	2.29442e-06
188	2.31249e-06
188.1	2.33076e-06
188.2	2.34923e-06
188.3	2.36789e-06
188.4	2.38674e-06
188.5	2.40577e-06
188.6	2.42498e-06
188.7	2.44436e-06
188.8	2.46392e-06
188.9	2.48364e-06
189	2.50352e-06
189.1	2.52356e-06
189.2	2.54375e-06
189.3	2.5641e-06
189.4	2.58459e-06
189.5	2.60523e-06
189.6	2.626e-06
189.7	2.64692e-06
189.8	2.63432e-06
189.9	2.61819e-06
190	2.60215e-06
190.1	2.5862e-06
190.2	2.57033e-06
190.3	2.55455e-06
190.4	2.53886e-06
190.5	2.52326e-06
190.6	2.50775e-06
190.7	2.49233e-06
190.8	2.47701e-06
190.9	2.46179e-06
191	2.44667e-06
191.1	2.43165e-06
191.2	2.41673e-06
191.3	2.40192e-06
191.4	2.38722e-06
191.5	2.37262e-06
191.6	2.35814e-06
191.7	2.34376e-06
191.8	2.32951e-06
191.9	2.31537e-06
192	2.30135e-06
192.1	2.28746e-06
192.2	2.27368e-06
192.3	2.26004e-06
192.4	2.24652e-06
192.5	2.23313e-06
192.6	2.21988e-06
192.7	2.19927e-06
192.8	2.16054e-06
192.9	2.12316e-06
193	2.08722e-06
193.1	2.05278e-06
193.2	2.01993e-06
193.3	1.98874e-06
193.4	1.95929e-06
193.5	1.93166e-06
193.6	1.90594e-06
193.7	1.88219e-06
193.8	1.86049e-06
193.9	1.84093e-06
194	1.82355e-06
194.1	1.80844e-06
194.2	1.79564e-06
194.3	1.78521e-06
194.4	1.77719e-06
194.5	1.7716e-06
194.6	1.76848e-06
194.7	1.76785e-06
194.8	1.76982e-06
194.9	1.77438e-06
195	1.78153e-06
195.1	1.79122e-06
195.2	1.80342e-06
195.3	1.81807e-06
195.4	1.83513e-06
195.5	1.85451e-06
195.6	1.87616e-06
195.7	1.89999e-06
195.8	1.92592e-06
195.9	1.95386e-06
196	1.98374e-06
196.1	2.01547e-06
196.2	2.04895e-06
196.3	2.08411e-06
196.4	2.12087e-06
196.5	2.15913e-06
196.6	2.18074e-06
196.7	2.19525e-06
196.8	2.20993e-06
196.9	2.2248e-06
197	2.23983e-06
197.1	2.25504e-06
197.2	2.27041e-06
197.3	2.28594e-06
197.4	2.30163e-06
197.5	2.31748e-06
197.6	2.33348e-06
197.7	2.34962e-06
197.8	2.36592e-06
197.9	2.38235e-06
198	2.39893e-06
198.1	2.41565e-06
198.2	2.43249e-06
198.3	2.44947e-06
198.4	2.46658e-06
198.5	2.48382e-06
198.6	2.50118e-06
198.7	2.51866e-06
198.8	2.53626e-06
198.9	2.55397e-06
199	2.5718e-06
199.1	2.58974e-06
199.2	2.60779e-06
199.3	2.62594e-06
199.4	2.6442e-06
199.5	2.64036e-06
199.6	2.62157e-06
199.7	2.60289e-06
199.8	2.58432e-06
199.9	2.56587e-06
200	2.54753e-06
200.1	2.52932e-06
200.2	2.51124e-06
200.3	2.49328e-06
200.4	2.47545e-06
200.5	2.45775e-06
200.6	2.44019e-06
200.7	2.42277e-06
200.8	2.40548e-06
200.9	2.38835e-06
201	2.37136e-06
201.1	2.35452e-06
201.2	2.33784e-06
201.3	2.32131e-06
201.4	2.30494e-06
201.5	2.28874e-06
201.6	2.27271e-06
201.7	2.25685e-06
201.8	2.24116e-06
201.9	2.22565e-06
202	2.21033e-06
202.1	2.19519e-06
202.2	2.18024e-06
202.3	2.16548e-06
202.4	2.13571e-06
202.5	2.09813e-06
202.6	2.06212e-06
202.7	2.02778e-06
202.8	1.99519e-06
202.9	1.96443e-06
203	1.93561e-06
203.1	1.90879e-06
203.2	1.88407e-06
203.3	1.86154e-06
203.4	1.84127e-06
203.5	1.82333e-06
203.6	1.8078e-06
203.7	1.79474e-06
203.8	1.78421e-06
203.9	1.77624e-06
204	1.77088e-06
204.1	1.76815e-06
204.2	1.76805e-06
204.3	1.7705e-06
204.4	1.77537e-06
204.5	1.78265e-06
204.6	1.79231e-06
204.7	1.80432e-06
204.8	1.81862e-06
204.9	1.83517e-06
205	1.8539e-06
205.1	1.87476e-06
205.2	1.89766e-06
205.3	1.92253e-06
205.4	1.94931e-06
205.5	1.97791e-06
205.6	2.00825e-06
205.7	2.04026e-06
205.8	2.07386e-06
205.9	2.10898e-06
206	2.14553e-06
206.1	2.18346e-06
206.2	2.22164e-06
206.3	2.23445e-06
206.4	2.24738e-06
206.5	2.26044e-06
206.6	2.27361e-06
206.7	2.28691e-06
206.8	2.30031e-06
206.9	2.31384e-06
207	2.32747e-06
207.1	2.34122e-06
207.2	2.35507e-06
207.3	2.36903e-06
207.4	2.38309e-06
207.5	2.39725e-06
207.6	2.41152e-06
207.7	2.42588e-06
207.8	2.44034e-06
207.9	2.4549e-06
208	2.46955e-06
208.1	2.48429e-06
208.2	2.49912e-06
208.3	2.51404e-06
208.4	2.52905e-06
208.5	2.54414e-06
208.6	2.55932e-06
208.7	2.57458e-06
208.8	2.58992e-06
208.9	2.60534e-06
209	2.62084e-06
209.1	2.63642e-06
209.2	2.64129e-06
209.3	2.61986e-06
209.4	2.59858e-06
209.5	2.57744e-06
209.6	2.55646e-06
209.7	2.53564e-06
209.8	2.51497e-06
209.9	2.49447e-06
210	2.47414e-06
210.1	2.45398e-06
210.2	2.434e-06
210.3	2.4142e-06
210.4	2.39458e-06
210.5	2.37516e-06
210.6	2.35593e-06
210.7	2.3369e-06
210.8	2.31808e-06
210.9	2.29946e-06
211	2.28106e-06
211.1	2.26289e-06
211.2	2.24493e-06
211.3	2.22721e-06
211.4	2.20973e-06
211.5	2.19249e-06
211.6	2.1755e-06
211.7	2.15876e-06
211.8	2.14228e-06
211.9	2.12607e-06
212	2.1094e-06
212.1	2.07193e-06
212.2	2.03619e-06
212.3	2.00227e-06
212.4	1.97028e-06
212.5	1.9403e-06
212.6	1.91242e-06
212.7	1.88675e-06
212.8	1.86338e-06
212.9	1.84238e-06
213	1.82385e-06
213.1	1.80785e-06
213.2	1.79446e-06
213.3	1.78374e-06
213.4	1.77573e-06
213.5	1.77047e-06
213.6	1.76798e-06
213.7	1.76828e-06
213.8	1.77137e-06
213.9	1.77691e-06
214	1.78444e-06
214.1	1.79417e-06
214.2	1.80607e-06
214.3	1.8201e-06
214.4	1.83621e-06
214.5	1.85434e-06
214.6	1.87443e-06
214.7	1.89642e-06
214.8	1.92026e-06
214.9	1.94586e-06
215	1.97316e-06
215.1	2.00209e-06
215.2	2.03259e-06
215.3	2.06458e-06
215.4	2.09799e-06
215.5	2.13275e-06
215.6	2.16881e-06
215.7	2.2061e-06
215.8	2.24455e-06
215.9	2.27533e-06
216	2.28636e-06
216.1	2.29748e-06
216.2	2.30867e-06
216.3	2.31994e-06
216.4	2.33128e-06
216.5	2.3427e-06
216.6	2.35419e-06
216.7	2.36576e-06
216.8	2.3774e-06
216.9	2.38911e-06
217	2.40089e-06
217.1	2.41274e-06
217.2	2.42465e-06
217.3	2.43664e-06
217.4	2.44869e-06
217.5	2.4608e-06
217.6	2.47298e-06
217.7	2.48522e-06
217.8	2.49752e-06
217.9	2.50989e-06
218	2.52231e-06
218.1	2.5348e-06
218.2	2.54734e-06
218.3	2.55994e-06
218.4	2.57259e-06
218.5	2.58531e-06
218.6	2.59807e-06
218.7	2.6109e-06
218.8	2.62377e-06
218.9	2.6367e-06
219	2.61289e-06
219.1	2.58906e-06
219.2	2.56542e-06
219.3	2.54198e-06
219.4	2.51874e-06
219.5	2.49571e-06
219.6	2.47289e-06
219.7	2.45029e-06
219.8	2.42791e-06
219.9	2.40576e-06
220	2.38385e-06
220.1	2.36218e-06
220.2	2.34076e-06
220.3	2.3196e-06
220.4	2.2987e-06
220.5	2.27808e-06
220.6	2.25773e-06
220.7	2.23767e-06
220.8	2.21791e-06
220.9	2.19844e-06
221	2.17929e-06
221.1	2.16045e-06
221.2	2.14195e-06
221.3	2.12377e-06
221.4	2.10595e-06
221.5	2.08847e-06
221.6	2.07136e-06
221.7	2.04471e-06
221.8	2.00959e-06
221.9	1.97645e-06
222	1.9454e-06
222.1	1.91654e-06
222.2	1.88997e-06
222.3	1.86578e-06
222.4	1.84407e-06
222.5	1.82493e-06
222.6	1.80844e-06
222.7	1.79467e-06
222.8	1.78369e-06
222.9	1.77554e-06
223	1.77027e-06
223.1	1.76791e-06
223.2	1.76846e-06
223.3	1.77192e-06
223.4	1.77827e-06
223.5	1.78708e-06
223.6	1.79698e-06
223.7	1.80887e-06
223.8	1.8227e-06
223.9	1.83843e-06
224	1.85601e-06
224.1	1.8754e-06
224.2	1.89653e-06
224.3	1.91935e-06
224.4	1.9438e-06
224.5	1.96981e-06
224.6	1.99733e-06
224.7	2.0263e-06
224.8	2.05665e-06
224.9	2.08832e-06
225	2.12126e-06
225.1	2.15541e-06
225.2	2.1907e-06
225.3	2.22709e-06
225.4	2.26452e-06
225.5	2.30295e-06
225.6	2.32696e-06
225.7	2.336e-06
225.8	2.34509e-06
225.9	2.35423e-06
226	2.36341e-06
226.1	2.37264e-06
226.2	2.38191e-06
226.3	2.39123e-06
226.4	2.40059e-06
226.5	2.41e-06
226.6	2.41945e-06
226.7	2.42894e-06
226.8	2.43847e-06
226.9	2.44804e-06
227	2.45766e-06
227.1	2.46732e-06
227.2	2.47701e-06
227.3	2.48675e-06
227.4	2.49652e-06
227.5	2.50633e-06
227.6	2.51618e-06
227.7	2.52607e-06
227.8	2.536e-06
227.9	2.54596e-06
228	2.55596e-06
228.1	2.566e-06
228.2	2.57607e-06
228.3	2.58617e-06
228.4	2.59631e-06
228.5	2.60649e-06
228.6	2.6167e-06
228.7	2.60045e-06
228.8	2.57417e-06
228.9	2.54812e-06
229	2.52232e-06
229.1	2.49677e-06
229.2	2.47148e-06
229.3	2.44646e-06
229.4	2.42172e-06
229.5	2.39726e-06
229.6	2.3731e-06
229.7	2.34924e-06
229.8	2.32569e-06
229.9	2.30246e-06
230	2.27956e-06
230.1	2.25701e-06
230.2	2.23481e-06
230.3	2.21297e-06
230.4	2.1915e-06
230.5	2.17042e-06
230.6	2.14974e-06
230.7	2.12946e-06
230.8	2.1096e-06
230.9	2.09018e-06
231	2.0712e-06
231.1	2.05267e-06
231.2	2.03461e-06
231.3	2.01669e-06
231.4	1.98256e-06
231.5	1.95056e-06
231.6	1.92081e-06
231.7	1.89342e-06
231.8	1.86849e-06
231.9	1.84611e-06
232	1.82639e-06
232.1	1.80941e-06
232.2	1.79524e-06
232.3	1.78396e-06
232.4	1.77561e-06
232.5	1.77024e-06
232.6	1.76789e-06
232.7	1.76855e-06
232.8	1.77222e-06
232.9	1.7789e-06
233	1.78854e-06
233.1	1.80095e-06
233.2	1.81291e-06
233.3	1.82662e-06
233.4	1.84205e-06
233.5	1.85916e-06
233.6	1.87789e-06
233.7	1.89821e-06
233.8	1.92006e-06
233.9	1.94339e-06
234	1.96815e-06
234.1	1.99428e-06
234.2	2.02173e-06
234.3	2.05045e-06
234.4	2.08038e-06
234.5	2.11148e-06
234.6	2.14369e-06
234.7	2.17696e-06
234.8	2.21125e-06
234.9	2.24651e-06
235	2.28269e-06
235.1	2.31975e-06
235.2	2.35765e-06
235.3	2.3761e-06
235.4	2.38298e-06
235.5	2.38988e-06
235.6	2.39681e-06
235.7	2.40376e-06
235.8	2.41074e-06
235.9	2.41774e-06
236	2.42476e-06
236.1	2.43181e-06
236.2	2.43888e-06
236.3	2.44597e-06
236.4	2.45308e-06
236.5	2.46022e-06
236.6	2.46738e-06
236.7	2.47456e-06
236.8	2.48176e-06
236.9	2.48898e-06
237	2.49623e-06
237.1	2.50349e-06
237.2	2.51078e-06
237.3	2.51809e-06
237.4	2.52542e-06
237.5	2.53277e-06
237.6	2.54014e-06
237.7	2.54753e-06
237.8	2.55494e-06
237.9	2.56237e-06
238	2.56982e-06
238.1	2.57729e-06
238.2	2.58477e-06
238.3	2.59228e-06
238.4	2.58241e-06
238.5	2.55378e-06
238.6	2.52544e-06
238.7	2.4974e-06
238.8	2.46968e-06
238.9	2.44228e-06
239	2.41521e-06
239.1	2.38849e-06
239.2	2.36213e-06
239.3	2.33613e-06
239.4	2.31052e-06
239.5	2.2853e-06
239.6	2.26049e-06
239.7	2.23611e-06
239.8	2.21215e-06
239.9	2.18865e-06
240	2.16561e-06
240.1	2.14306e-06
240.2	2.12099e-06
240.3	2.09944e-06
240.4	2.07841e-06
240.5	2.05793e-06
240.6	2.038e-06
240.7	2.01865e-06
240.8	1.99989e-06
240.9	1.98174e-06
241	1.95538e-06
241.1	1.9249e-06
241.2	1.89681e-06
241.3	1.87124e-06
241.4	1.84828e-06
241.5	1.82804e-06
241.6	1.8106e-06
241.7	1.79604e-06
241.8	1.78444e-06
241.9	1.77586e-06
242	1.77033e-06
242.1	1.76789e-06
242.2	1.76856e-06
242.3	1.77231e-06
242.4	1.77914e-06
242.5	1.78902e-06
242.6	1.80188e-06
242.7	1.81768e-06
242.8	1.83212e-06
242.9	1.84732e-06
243	1.864e-06
243.1	1.88215e-06
243.2	1.90171e-06
243.3	1.92264e-06
243.4	1.94489e-06
243.5	1.96843e-06
243.6	1.99321e-06
243.7	2.01918e-06
243.8	2.04629e-06
243.9	2.0745e-06
244	2.10377e-06
244.1	2.13405e-06
244.2	2.1653e-06
244.3	2.19749e-06
244.4	2.23056e-06
244.5	2.26448e-06
244.6	2.29921e-06
244.7	2.33472e-06
244.8	2.37097e-06
244.9	2.40793e-06
245	2.42241e-06
245.1	2.42698e-06
245.2	2.43156e-06
245.3	2.43616e-06
245.4	2.44076e-06
245.5	2.44537e-06
245.6	2.45e-06
245.7	2.45463e-06
245.8	2.45927e-06
245.9	2.46392e-06
246	2.46858e-06
246.1	2.47325e-06
246.2	2.47793e-06
246.3	2.48262e-06
246.4	2.48731e-06
246.5	2.49202e-06
246.6	2.49674e-06
246.7	2.50146e-06
246.8	2.50619e-06
246.9	2.51093e-06
247	2.51568e-06
247.1	2.52044e-06
247.2	2.52521e-06
247.3	2.52999e-06
247.4	2.53477e-06
247.5	2.53957e-06
247.6	2.54437e-06
247.7	2.54918e-06
247.8	2.554e-06
247.9	2.55883e-06
248	2.56367e-06
248.1	2.55864e-06
248.2	2.5278e-06
248.3	2.49732e-06
248.4	2.4672e-06
248.5	2.43747e-06
248.6	2.40814e-06
248.7	2.37922e-06
248.8	2.35072e-06
248.9	2.32267e-06
249	2.29508e-06
249.1	2.26796e-06
249.2	2.24133e-06
249.3	2.21522e-06
249.4	2.18964e-06
249.5	2.1646e-06
249.6	2.14013e-06
249.7	2.11625e-06
249.8	2.09297e-06
249.9	2.07032e-06
250	2.04832e-06
250.1	2.02699e-06
250.2	2.00635e-06
250.3	1.98642e-06
250.4	1.96722e-06
250.5	1.94878e-06
250.6	1.92842e-06
250.7	1.89981e-06
250.8	1.87375e-06
250.9	1.85033e-06
251	1.82966e-06
251.1	1.81184e-06
251.2	1.79694e-06
251.3	1.78505e-06
251.4	1.77622e-06
251.5	1.77051e-06
251.6	1.76793e-06
251.7	1.7685e-06
251.8	1.77222e-06
251.9	1.77908e-06
252	1.78902e-06
252.1	1.80201e-06
252.2	1.81798e-06
252.3	1.83685e-06
252.4	1.8545e-06
252.5	1.87082e-06
252.6	1.88842e-06
252.7	1.90727e-06
252.8	1.92733e-06
252.9	1.94856e-06
253	1.97093e-06
253.1	1.9944e-06
253.2	2.01892e-06
253.3	2.04446e-06
253.4	2.07099e-06
253.5	2.09846e-06
253.6	2.12684e-06
253.7	2.1561e-06
253.8	2.18619e-06
253.9	2.21708e-06
254	2.24875e-06
254.1	2.28116e-06
254.2	2.31427e-06
254.3	2.34806e-06
254.4	2.3825e-06
254.5	2.41756e-06
254.6	2.45321e-06
254.7	2.46558e-06
254.8	2.46773e-06
254.9	2.46989e-06
255	2.47205e-06
255.1	2.47421e-06
255.2	2.47637e-06
255.3	2.47854e-06
255.4	2.4807e-06
255.5	2.48287e-06
255.6	2.48504e-06
255.7	2.48721e-06
255.8	2.48939e-06
255.9	2.49156e-06
256	2.49374e-06
256.1	2.49592e-06
256.2	2.49811e-06
256.3	2.50029e-06
256.4	2.50247e-06
256.5	2.50466e-06
256.6	2.50685e-06
256.7	2.50904e-06
256.8	2.51124e-06
256.9	2.51343e-06
257	2.51563e-06
257.1	2.51783e-06
257.2	2.52003e-06
257.3	2.52223e-06
257.4	2.52444e-06
257.5	2.52664e-06
257.6	2.52885e-06
257.7	2.53106e-06
257.8	2.52909e-06
257.9	2.49622e-06
258	2.46377e-06
258.1	2.43178e-06
258.2	2.40025e-06
258.3	2.3692e-06
258.4	2.33866e-06
258.5	2.30864e-06
258.6	2.27916e-06
258.7	2.25025e-06
258.8	2.22192e-06
258.9	2.19421e-06
259	2.16712e-06
259.1	2.1407e-06
259.2	2.11495e-06
259.3	2.08992e-06
259.4	2.06561e-06
259.5	2.04207e-06
259.6	2.0193e-06
259.7	1.99736e-06
259.8	1.97625e-06
259.9	1.95601e-06
260	1.93666e-06
260.1	1.91823e-06
260.2	1.90075e-06
260.3	1.8757e-06
260.4	1.85198e-06
260.5	1.83103e-06
260.6	1.81293e-06
260.7	1.79779e-06
260.8	1.78567e-06
260.9	1.77663e-06
261	1.77072e-06
261.1	1.76798e-06
261.2	1.76841e-06
261.3	1.77202e-06
261.4	1.77878e-06
261.5	1.78867e-06
261.6	1.80162e-06
261.7	1.81758e-06
261.8	1.83646e-06
261.9	1.85818e-06
262	1.87991e-06
262.1	1.89701e-06
262.2	1.91519e-06
262.3	1.93442e-06
262.4	1.95467e-06
262.5	1.97591e-06
262.6	1.99811e-06
262.7	2.02123e-06
262.8	2.04525e-06
262.9	2.07013e-06
263	2.09585e-06
263.1	2.12237e-06
263.2	2.14966e-06
263.3	2.17769e-06
263.4	2.20645e-06
263.5	2.23589e-06
263.6	2.26599e-06
263.7	2.29672e-06
263.8	2.32807e-06
263.9	2.36e-06
264	2.39249e-06
264.1	2.42552e-06
264.2	2.45908e-06
264.3	2.49312e-06
264.4	2.50537e-06
264.5	2.50502e-06
264.6	2.50466e-06
264.7	2.5043e-06
264.8	2.50394e-06
264.9	2.50359e-06
265	2.50323e-06
265.1	2.50287e-06
265.2	2.50252e-06
265.3	2.50216e-06
265.4	2.5018e-06
265.5	2.50144e-06
265.6	2.50109e-06
265.7	2.50073e-06
265.8	2.50037e-06
265.9	2.50002e-06
266	2.49966e-06
266.1	2.4993e-06
266.2	2.49895e-06
266.3	2.49859e-06
266.4	2.49823e-06
266.5	2.49788e-06
266.6	2.49752e-06
266.7	2.49717e-06
266.8	2.49681e-06
266.9	2.49645e-06
267	2.4961e-06
267.1	2.49574e-06
267.2	2.49538e-06
267.3	2.49503e-06
267.4	2.49467e-06
267.5	2.49378e-06
267.6	2.45909e-06
267.7	2.42492e-06
267.8	2.39128e-06
267.9	2.3582e-06
268	2.32571e-06
268.1	2.29383e-06
268.2	2.26258e-06
268.3	2.232e-06
268.4	2.2021e-06
268.5	2.17293e-06
268.6	2.1445e-06
268.7	2.11685e-06
268.8	2.09001e-06
268.9	2.064e-06
269	2.03887e-06
269.1	2.01465e-06
269.2	1.99136e-06
269.3	1.96904e-06
269.4	1.94773e-06
269.5	1.92746e-06
269.6	1.90826e-06
269.7	1.89016e-06
269.8	1.87319e-06
269.9	1.85297e-06
270	1.83191e-06
270.1	1.8137e-06
270.2	1.79842e-06
270.3	1.78617e-06
270.4	1.77699e-06
270.5	1.77093e-06
270.6	1.76804e-06
270.7	1.76831e-06
270.8	1.77176e-06
270.9	1.77836e-06
271	1.78808e-06
271.1	1.80087e-06
271.2	1.81666e-06
271.3	1.83538e-06
271.4	1.85693e-06
271.5	1.88122e-06
271.6	1.90815e-06
271.7	1.92577e-06
271.8	1.9442e-06
271.9	1.9635e-06
272	1.98364e-06
272.1	2.00461e-06
272.2	2.02637e-06
272.3	2.04891e-06
272.4	2.07219e-06
272.5	2.0962e-06
272.6	2.1209e-06
272.7	2.14627e-06
272.8	2.1723e-06
272.9	2.19895e-06
273	2.2262e-06
273.1	2.25404e-06
273.2	2.28243e-06
273.3	2.31137e-06
273.4	2.34083e-06
273.5	2.37078e-06
273.6	2.40122e-06
273.7	2.43212e-06
273.8	2.46347e-06
273.9	2.49525e-06
274	2.52744e-06
274.1	2.54156e-06
274.2	2.53862e-06
274.3	2.53568e-06
274.4	2.53274e-06
274.5	2.52981e-06
274.6	2.52688e-06
274.7	2.52395e-06
274.8	2.52103e-06
274.9	2.51811e-06
275	2.51519e-06
275.1	2.51228e-06
275.2	2.50937e-06
275.3	2.50646e-06
275.4	2.50355e-06
275.5	2.50065e-06
275.6	2.49776e-06
275.7	2.49486e-06
275.8	2.49197e-06
275.9	2.48909e-06
276	2.4862e-06
276.1	2.48332e-06
276.2	2.48045e-06
276.3	2.47757e-06
276.4	2.4747e-06
276.5	2.47184e-06
276.6	2.46897e-06
276.7	2.46611e-06
276.8	2.46326e-06
276.9	2.46041e-06
277	2.45756e-06
277.1	2.45471e-06
277.2	2.45187e-06
277.3	2.4166e-06
277.4	2.38097e-06
277.5	2.34598e-06
277.6	2.31166e-06
277.7	2.27804e-06
277.8	2.24516e-06
277.9	2.21305e-06
278	2.18174e-06
278.1	2.15127e-06
278.2	2.12167e-06
278.3	2.09297e-06
278.4	2.06523e-06
278.5	2.03847e-06
278.6	2.01274e-06
278.7	1.98807e-06
278.8	1.96451e-06
278.9	1.94209e-06
279	1.92086e-06
279.1	1.90086e-06
279.2	1.88211e-06
279.3	1.86468e-06
279.4	1.84858e-06
279.5	1.83208e-06
279.6	1.81393e-06
279.7	1.79869e-06
279.8	1.78643e-06
279.9	1.77722e-06
280	1.77109e-06
280.1	1.76809e-06
280.2	1.76823e-06
280.3	1.77151e-06
280.4	1.77791e-06
280.5	1.7874e-06
280.6	1.79993e-06
280.7	1.81544e-06
280.8	1.83384e-06
280.9	1.85506e-06
281	1.879e-06
281.1	1.90556e-06
281.2	1.93462e-06
281.3	1.95701e-06
281.4	1.97537e-06
281.5	1.99444e-06
281.6	2.0142e-06
281.7	2.03464e-06
281.8	2.05572e-06
281.9	2.07744e-06
282	2.09978e-06
282.1	2.12271e-06
282.2	2.14621e-06
282.3	2.17027e-06
282.4	2.19487e-06
282.5	2.21998e-06
282.6	2.2456e-06
282.7	2.27171e-06
282.8	2.29828e-06
282.9	2.32531e-06
283	2.35277e-06
283.1	2.38066e-06
283.2	2.40895e-06
283.3	2.43764e-06
283.4	2.4667e-06
283.5	2.49614e-06
283.6	2.52592e-06
283.7	2.55605e-06
283.8	2.57392e-06
283.9	2.56834e-06
284	2.56276e-06
284.1	2.5572e-06
284.2	2.55165e-06
284.3	2.54611e-06
284.4	2.54058e-06
284.5	2.53506e-06
284.6	2.52955e-06
284.7	2.52405e-06
284.8	2.51857e-06
284.9	2.51309e-06
285	2.50763e-06
285.1	2.50218e-06
285.2	2.49675e-06
285.3	2.49132e-06
285.4	2.4859e-06
285.5	2.4805e-06
285.6	2.47511e-06
285.7	2.46973e-06
285.8	2.46437e-06
285.9	2.45902e-06
286	2.45368e-06
286.1	2.44835e-06
286.2	2.44303e-06
286.3	2.43773e-06
286.4	2.43244e-06
286.5	2.42716e-06
286.6	2.4219e-06
286.7	2.41665e-06
286.8	2.41141e-06
286.9	2.40618e-06
287	2.36904e-06
287.1	2.33228e-06
287.2	2.29628e-06
287.3	2.26109e-06
287.4	2.22673e-06
287.5	2.19326e-06
287.6	2.16071e-06
287.7	2.12913e-06
287.8	2.09855e-06
287.9	2.06902e-06
288	2.04059e-06
288.1	2.01331e-06
288.2	1.98722e-06
288.3	1.96236e-06
288.4	1.9388e-06
288.5	1.91656e-06
288.6	1.89571e-06
288.7	1.87629e-06
288.8	1.85834e-06
288.9	1.8419e-06
289	1.82702e-06
289.1	1.81346e-06
289.2	1.79843e-06
289.3	1.78634e-06
289.4	1.77722e-06
289.5	1.77114e-06
289.6	1.76812e-06
289.7	1.76818e-06
289.8	1.77132e-06
289.9	1.77752e-06
290	1.78675e-06
290.1	1.79896e-06
290.2	1.8141e-06
290.3	1.83209e-06
290.4	1.85284e-06
290.5	1.87627e-06
290.6	1.90228e-06
290.7	1.93076e-06
290.8	1.96161e-06
290.9	1.99064e-06
291	2.00863e-06
291.1	2.0272e-06
291.2	2.04632e-06
291.3	2.06598e-06
291.4	2.08616e-06
291.5	2.10686e-06
291.6	2.12805e-06
291.7	2.14972e-06
291.8	2.17186e-06
291.9	2.19445e-06
292	2.21748e-06
292.1	2.24093e-06
292.2	2.2648e-06
292.3	2.28906e-06
292.4	2.31371e-06
292.5	2.33874e-06
292.6	2.36413e-06
292.7	2.38986e-06
292.8	2.41594e-06
292.9	2.44234e-06
293	2.46907e-06
293.1	2.4961e-06
293.2	2.52343e-06
293.3	2.55104e-06
293.4	2.57894e-06
293.5	2.60225e-06
293.6	2.59398e-06
293.7	2.58573e-06
293.8	2.57751e-06
293.9	2.56931e-06
294	2.56113e-06
294.1	2.55298e-06
294.2	2.54485e-06
294.3	2.53674e-06
294.4	2.52866e-06
294.5	2.5206e-06
294.6	2.51257e-06
294.7	2.50456e-06
294.8	2.49658e-06
294.9	2.48862e-06
295	2.48069e-06
295.1	2.47279e-06
295.2	2.46491e-06
295.3	2.45706e-06
295.4	2.44923e-06
295.5	2.44144e-06
295.6	2.43367e-06
295.7	2.42592e-06
295.8	2.41821e-06
295.9	2.41052e-06
296	2.40286e-06
296.1	2.39524e-06
296.2	2.38763e-06
296.3	2.38006e-06
296.4	2.37252e-06
296.5	2.36501e-06
296.6	2.35525e-06
296.7	2.31688e-06
296.8	2.27938e-06
296.9	2.24278e-06
297	2.20714e-06
297.1	2.1725e-06
297.2	2.13892e-06
297.3	2.10643e-06
297.4	2.07509e-06
297.5	2.04496e-06
297.6	2.01609e-06
297.7	1.98853e-06
297.8	1.96235e-06
297.9	1.93758e-06
298	1.9143e-06
298.1	1.89255e-06
298.2	1.87239e-06
298.3	1.85388e-06
298.4	1.83705e-06
298.5	1.82195e-06
298.6	1.80864e-06
298.7	1.79715e-06
298.8	1.78578e-06
298.9	1.77693e-06
299	1.77103e-06
299.1	1.76811e-06
299.2	1.76818e-06
299.3	1.77123e-06
299.4	1.77727e-06
299.5	1.78625e-06
299.6	1.79813e-06
299.7	1.81285e-06
299.8	1.83035e-06
299.9	1.85054e-06
300	1.87335e-06
300.1	1.89867e-06
300.2	1.92641e-06
300.3	1.95646e-06
300.4	1.98872e-06
300.5	2.02308e-06
300.6	2.04395e-06
300.7	2.06175e-06
300.8	2.07999e-06
300.9	2.09865e-06
301	2.11772e-06
301.1	2.1372e-06
301.2	2.15707e-06
301.3	2.17733e-06
301.4	2.19795e-06
301.5	2.21894e-06
301.6	2.24027e-06
301.7	2.26195e-06
301.8	2.28396e-06
301.9	2.30628e-06
302	2.32893e-06
302.1	2.35187e-06
302.2	2.37511e-06
302.3	2.39863e-06
302.4	2.42244e-06
302.5	2.44651e-06
302.6	2.47084e-06
302.7	2.49543e-06
302.8	2.52026e-06
302.9	2.54534e-06
303	2.57064e-06
303.1	2.59617e-06
303.2	2.62192e-06
303.3	2.61535e-06
303.4	2.60441e-06
303.5	2.5935e-06
303.6	2.58263e-06
303.7	2.57181e-06
303.8	2.56102e-06
303.9	2.55028e-06
304	2.53957e-06
304.1	2.52891e-06
304.2	2.5183e-06
304.3	2.50772e-06
304.4	2.49719e-06
304.5	2.48671e-06
304.6	2.47627e-06
304.7	2.46587e-06
304.8	2.45552e-06
304.9	2.44522e-06
305	2.43496e-06
305.1	2.42476e-06
305.2	2.4146e-06
305.3	2.40449e-06
305.4	2.39443e-06
305.5	2.38442e-06
305.6	2.37446e-06
305.7	2.36455e-06
305.8	2.3547e-06
305.9	2.3449e-06
306	2.33515e-06
306.1	2.32546e-06
306.2	2.31582e-06
306.3	2.29959e-06
306.4	2.26077e-06
306.5	2.22298e-06
306.6	2.18627e-06
306.7	2.15069e-06
306.8	2.11629e-06
306.9	2.08313e-06
307	2.05129e-06
307.1	2.02081e-06
307.2	1.99176e-06
307.3	1.9642e-06
307.4	1.9382e-06
307.5	1.91382e-06
307.6	1.89113e-06
307.7	1.87018e-06
307.8	1.85103e-06
307.9	1.83375e-06
308	1.81838e-06
308.1	1.80497e-06
308.2	1.79356e-06
308.3	1.78421e-06
308.4	1.77628e-06
308.5	1.77073e-06
308.6	1.76804e-06
308.7	1.76823e-06
308.8	1.7713e-06
308.9	1.77723e-06
309	1.786e-06
309.1	1.79756e-06
309.2	1.81186e-06
309.3	1.82884e-06
309.4	1.84842e-06
309.5	1.87052e-06
309.6	1.89506e-06
309.7	1.92193e-06
309.8	1.95105e-06
309.9	1.98231e-06
310	2.01561e-06
310.1	2.05086e-06
310.2	2.08131e-06
310.3	2.0981e-06
310.4	2.11523e-06
310.5	2.13268e-06
310.6	2.15046e-06
310.7	2.16854e-06
310.8	2.18693e-06
310.9	2.20562e-06
311	2.22459e-06
311.1	2.24385e-06
311.2	2.26338e-06
311.3	2.28317e-06
311.4	2.30323e-06
311.5	2.32354e-06
311.6	2.3441e-06
311.7	2.3649e-06
311.8	2.38593e-06
311.9	2.40719e-06
312	2.42868e-06
312.1	2.45038e-06
312.2	2.47229e-06
312.3	2.4944e-06
312.4	2.51672e-06
312.5	2.53923e-06
312.6	2.56192e-06
312.7	2.58481e-06
312.8	2.60787e-06
312.9	2.63111e-06
313	2.63223e-06
313.1	2.61858e-06
313.2	2.60499e-06
313.3	2.59145e-06
313.4	2.57798e-06
313.5	2.56457e-06
313.6	2.55122e-06
313.7	2.53794e-06
313.8	2.52472e-06
313.9	2.51157e-06
314	2.49849e-06
314.1	2.48547e-06
314.2	2.47252e-06
314.3	2.45965e-06
314.4	2.44684e-06
314.5	2.43411e-06
314.6	2.42145e-06
314.7	2.40887e-06
314.8	2.39637e-06
314.9	2.38394e-06
315	2.37159e-06
315.1	2.35932e-06
315.2	2.34713e-06
315.3	2.33502e-06
315.4	2.323e-06
315.5	2.31106e-06
315.6	2.29921e-06
315.7	2.28744e-06
315.8	2.27577e-06
315.9	2.26418e-06
316	2.24032e-06
316.1	2.20158e-06
316.2	2.16403e-06
316.3	2.12775e-06
316.4	2.09279e-06
316.5	2.05924e-06
316.6	2.02715e-06
316.7	1.9966e-06
316.8	1.96765e-06
316.9	1.94039e-06
317	1.91488e-06
317.1	1.8912e-06
317.2	1.86941e-06
317.3	1.84958e-06
317.4	1.83177e-06
317.5	1.81605e-06
317.6	1.80246e-06
317.7	1.79106e-06
317.8	1.78189e-06
317.9	1.77498e-06
318	1.77022e-06
318.1	1.76792e-06
318.2	1.76837e-06
318.3	1.77156e-06
318.4	1.77749e-06
318.5	1.78611e-06
318.6	1.7974e-06
318.7	1.81131e-06
318.8	1.82777e-06
318.9	1.84671e-06
319	1.86807e-06
319.1	1.89176e-06
319.2	1.91769e-06
319.3	1.94577e-06
319.4	1.97592e-06
319.5	2.00803e-06
319.6	2.04202e-06
319.7	2.07779e-06
319.8	2.11526e-06
319.9	2.13626e-06
320	2.15207e-06
320.1	2.16813e-06
320.2	2.18442e-06
320.3	2.20095e-06
320.4	2.21771e-06
320.5	2.23469e-06
320.6	2.2519e-06
320.7	2.26931e-06
320.8	2.28693e-06
320.9	2.30476e-06
321	2.32279e-06
321.1	2.34101e-06
321.2	2.35942e-06
321.3	2.37802e-06
321.4	2.39679e-06
321.5	2.41575e-06
321.6	2.43488e-06
321.7	2.45418e-06
321.8	2.47364e-06
321.9	2.49326e-06
322	2.51304e-06
322.1	2.53298e-06
322.2	2.55306e-06
322.3	2.57329e-06
322.4	2.59367e-06
322.5	2.61418e-06
322.6	2.63483e-06
322.7	2.64442e-06
322.8	2.62806e-06
322.9	2.61178e-06
323	2.5956e-06
323.1	2.57949e-06
323.2	2.56348e-06
323.3	2.54755e-06
323.4	2.53172e-06
323.5	2.51598e-06
323.6	2.50034e-06
323.7	2.4848e-06
323.8	2.46935e-06
323.9	2.454e-06
324	2.43876e-06
324.1	2.42362e-06
324.2	2.40859e-06
324.3	2.39367e-06
324.4	2.37886e-06
324.5	2.36416e-06
324.6	2.34957e-06
324.7	2.33511e-06
324.8	2.32076e-06
324.9	2.30653e-06
325	2.29243e-06
325.1	2.27845e-06
325.2	2.26461e-06
325.3	2.25089e-06
325.4	2.23731e-06
325.5	2.22386e-06
325.6	2.21055e-06
325.7	2.17849e-06
325.8	2.14038e-06
325.9	2.10368e-06
326	2.06845e-06
326.1	2.03478e-06
326.2	2.00274e-06
326.3	1.97242e-06
326.4	1.94389e-06
326.5	1.91724e-06
326.6	1.89254e-06
326.7	1.86986e-06
326.8	1.8493e-06
326.9	1.83091e-06
327	1.81476e-06
327.1	1.80092e-06
327.2	1.78943e-06
327.3	1.78034e-06
327.4	1.77369e-06
327.5	1.76951e-06
327.6	1.76781e-06
327.7	1.76866e-06
327.8	1.7721e-06
327.9	1.77812e-06
328	1.78669e-06
328.1	1.79778e-06
328.2	1.81134e-06
328.3	1.82731e-06
328.4	1.84564e-06
328.5	1.86624e-06
328.6	1.88906e-06
328.7	1.914e-06
328.8	1.94099e-06
328.9	1.96994e-06
329	2.00077e-06
329.1	2.03339e-06
329.2	2.06772e-06
329.3	2.10367e-06
329.4	2.14117e-06
329.5	2.17626e-06
329.6	2.19057e-06
329.7	2.20505e-06
329.8	2.2197e-06
329.9	2.23453e-06
330	2.24952e-06
330.1	2.26467e-06
330.2	2.27999e-06
330.3	2.29546e-06
330.4	2.31108e-06
330.5	2.32685e-06
330.6	2.34278e-06
330.7	2.35884e-06
330.8	2.37505e-06
330.9	2.3914e-06
331	2.40788e-06
331.1	2.42449e-06
331.2	2.44124e-06
331.3	2.45811e-06
331.4	2.47511e-06
331.5	2.49223e-06
331.6	2.50947e-06
331.7	2.52683e-06
331.8	2.5443e-06
331.9	2.56188e-06
332	2.57958e-06
332.1	2.59738e-06
332.2	2.61529e-06
332.3	2.63331e-06
332.4	2.65142e-06
332.5	2.63263e-06
332.6	2.6137e-06
332.7	2.59488e-06
332.8	2.57618e-06
332.9	2.5576e-06
333	2.53914e-06
333.1	2.52081e-06
333.2	2.50261e-06
333.3	2.48453e-06
333.4	2.46659e-06
333.5	2.44879e-06
333.6	2.43113e-06
333.7	2.41361e-06
333.8	2.39623e-06
333.9	2.37901e-06
334	2.36193e-06
334.1	2.34502e-06
334.2	2.32826e-06
334.3	2.31166e-06
334.4	2.29523e-06
334.5	2.27897e-06
334.6	2.26289e-06
334.7	2.24698e-06
334.8	2.23125e-06
334.9	2.21571e-06
335	2.20035e-06
335.1	2.18519e-06
335.2	2.17023e-06
335.3	2.15371e-06
335.4	2.11534e-06
335.5	2.07851e-06
335.6	2.04332e-06
335.7	2.00985e-06
335.8	1.97819e-06
335.9	1.94841e-06
336	1.92062e-06
336.1	1.8949e-06
336.2	1.87133e-06
336.3	1.84999e-06
336.4	1.83097e-06
336.5	1.81434e-06
336.6	1.80016e-06
336.7	1.78849e-06
336.8	1.77939e-06
336.9	1.77288e-06
337	1.769e-06
337.1	1.76777e-06
337.2	1.76918e-06
337.3	1.77301e-06
337.4	1.77924e-06
337.5	1.78787e-06
337.6	1.79884e-06
337.7	1.81212e-06
337.8	1.82766e-06
337.9	1.8454e-06
338	1.86527e-06
338.1	1.88722e-06
338.2	1.91117e-06
338.3	1.93703e-06
338.4	1.96475e-06
338.5	1.99424e-06
338.6	2.02543e-06
338.7	2.05823e-06
338.8	2.09257e-06
338.9	2.12838e-06
339	2.16558e-06
339.1	2.2041e-06
339.2	2.23076e-06
339.3	2.24351e-06
339.4	2.25637e-06
339.5	2.26935e-06
339.6	2.28245e-06
339.7	2.29566e-06
339.8	2.30898e-06
339.9	2.32241e-06
340	2.33595e-06
340.1	2.3496e-06
340.2	2.36335e-06
340.3	2.3772e-06
340.4	2.39115e-06
340.5	2.40521e-06
340.6	2.41935e-06
340.7	2.4336e-06
340.8	2.44794e-06
340.9	2.46237e-06
341	2.47689e-06
341.1	2.4915e-06
341.2	2.50619e-06
341.3	2.52098e-06
341.4	2.53584e-06
341.5	2.55079e-06
341.6	2.56582e-06
341.7	2.58094e-06
341.8	2.59613e-06
341.9	2.61139e-06
342	2.62674e-06
342.1	2.64215e-06
342.2	2.63209e-06
342.3	2.61054e-06
342.4	2.58914e-06
342.5	2.56789e-06
342.6	2.5468e-06
342.7	2.52587e-06
342.8	2.5051e-06
342.9	2.48451e-06
343	2.46409e-06
343.1	2.44384e-06
343.2	2.42378e-06
343.3	2.4039e-06
343.4	2.38422e-06
343.5	2.36474e-06
343.6	2.34545e-06
343.7	2.32637e-06
343.8	2.3075e-06
343.9	2.28885e-06
344	2.27043e-06
344.1	2.25222e-06
344.2	2.23426e-06
344.3	2.21653e-06
344.4	2.19904e-06
344.5	2.18181e-06
344.6	2.16483e-06
344.7	2.14811e-06
344.8	2.13167e-06
344.9	2.11549e-06
345	2.08897e-06
345.1	2.05236e-06
345.2	2.01754e-06
345.3	1.9846e-06
345.4	1.95364e-06
345.5	1.92475e-06
345.6	1.89803e-06
345.7	1.87357e-06
345.8	1.85146e-06
345.9	1.83178e-06
346	1.81462e-06
346.1	1.80005e-06
346.2	1.78812e-06
346.3	1.7789e-06
346.4	1.77242e-06
346.5	1.76872e-06
346.6	1.76781e-06
346.7	1.7697e-06
346.8	1.77437e-06
346.9	1.781e-06
347	1.78978e-06
347.1	1.80073e-06
347.2	1.81381e-06
347.3	1.82899e-06
347.4	1.84619e-06
347.5	1.86538e-06
347.6	1.88649e-06
347.7	1.90945e-06
347.8	1.93421e-06
347.9	1.96068e-06
348	1.98881e-06
348.1	2.01852e-06
348.2	2.04974e-06
348.3	2.08242e-06
348.4	2.11647e-06
348.5	2.15184e-06
348.6	2.18846e-06
348.7	2.22626e-06
348.8	2.2652e-06
348.9	2.28358e-06
349	2.29452e-06
349.1	2.30552e-06
349.2	2.31661e-06
349.3	2.32777e-06
349.4	2.339e-06
349.5	2.3503e-06
349.6	2.36168e-06
349.7	2.37312e-06
349.8	2.38464e-06
349.9	2.39622e-06
350	2.40787e-06
350.1	2.41959e-06
350.2	2.43137e-06
350.3	2.44322e-06
350.4	2.45513e-06
350.5	2.4671e-06
350.6	2.47913e-06
350.7	2.49123e-06
350.8	2.50338e-06
350.9	2.5156e-06
351	2.52787e-06
351.1	2.5402e-06
351.2	2.55258e-06
351.3	2.56503e-06
351.4	2.57752e-06
351.5	2.59007e-06
351.6	2.60267e-06
351.7	2.61533e-06
351.8	2.62804e-06
351.9	2.62623e-06
352	2.60212e-06
352.1	2.5782e-06
352.2	2.55447e-06
352.3	2.53095e-06
352.4	2.50763e-06
352.5	2.48452e-06
352.6	2.46163e-06
352.7	2.43897e-06
352.8	2.41654e-06
352.9	2.39434e-06
353	2.37239e-06
353.1	2.35069e-06
353.2	2.32925e-06
353.3	2.30807e-06
353.4	2.28716e-06
353.5	2.26654e-06
353.6	2.2462e-06
353.7	2.22616e-06
353.8	2.20642e-06
353.9	2.18699e-06
354	2.16788e-06
354.1	2.1491e-06
354.2	2.13066e-06
354.3	2.11256e-06
354.4	2.09482e-06
354.5	2.07745e-06
354.6	2.06044e-06
354.7	2.02537e-06
354.8	1.99127e-06
354.9	1.95922e-06
355	1.92931e-06
355.1	1.90165e-06
355.2	1.87634e-06
355.3	1.85348e-06
355.4	1.83315e-06
355.5	1.81545e-06
355.6	1.80044e-06
355.7	1.7882e-06
355.8	1.77878e-06
355.9	1.77223e-06
356	1.76859e-06
356.1	1.76786e-06
356.2	1.77005e-06
356.3	1.77516e-06
356.4	1.78315e-06
356.5	1.7926e-06
356.6	1.80363e-06
356.7	1.8166e-06
356.8	1.83148e-06
356.9	1.84823e-06
357	1.86678e-06
357.1	1.8871e-06
357.2	1.90912e-06
357.3	1.93278e-06
357.4	1.95802e-06
357.5	1.98479e-06
357.6	2.01303e-06
357.7	2.04266e-06
357.8	2.07364e-06
357.9	2.1059e-06
358	2.13939e-06
358.1	2.17405e-06
358.2	2.20981e-06
358.3	2.24664e-06
358.4	2.28448e-06
358.5	2.32328e-06
358.6	2.33422e-06
358.7	2.34313e-06
358.8	2.35209e-06
358.9	2.3611e-06
359	2.37015e-06
359.1	2.37924e-06
359.2	2.38837e-06
359.3	2.39755e-06
359.4	2.40677e-06
359.5	2.41603e-06
359.6	2.42534e-06
359.7	2.43468e-06
359.8	2.44406e-06
359.9	2.45349e-06
360	2.46295e-06
360.1	2.47245e-06
360.2	2.48199e-06
360.3	2.49157e-06
360.4	2.50118e-06
360.5	2.51083e-06
360.6	2.52052e-06
360.7	2.53025e-06
360.8	2.54001e-06
360.9	2.5498e-06
361	2.55963e-06
361.1	2.5695e-06
361.2	2.5794e-06
361.3	2.58933e-06
361.4	2.5993e-06
361.5	2.6093e-06
361.6	2.61485e-06
361.7	2.58826e-06
361.8	2.56191e-06
361.9	2.5358e-06
362	2.50995e-06
362.1	2.48435e-06
362.2	2.45902e-06
362.3	2.43397e-06
362.4	2.4092e-06
362.5	2.38473e-06
362.6	2.36055e-06
362.7	2.33669e-06
362.8	2.31316e-06
362.9	2.28995e-06
363	2.26709e-06
363.1	2.24457e-06
363.2	2.22242e-06
363.3	2.20065e-06
363.4	2.17926e-06
363.5	2.15827e-06
363.6	2.13768e-06
363.7	2.11752e-06
363.8	2.09778e-06
363.9	2.07849e-06
364	2.05966e-06
364.1	2.0413e-06
364.2	2.02342e-06
364.3	1.99779e-06
364.4	1.96477e-06
364.5	1.93396e-06
364.6	1.90546e-06
364.7	1.87938e-06
364.8	1.85582e-06
364.9	1.83488e-06
365	1.81664e-06
365.1	1.80119e-06
365.2	1.78861e-06
365.3	1.77894e-06
365.4	1.77225e-06
365.5	1.76855e-06
365.6	1.76788e-06
365.7	1.77024e-06
365.8	1.77561e-06
365.9	1.78397e-06
366	1.79527e-06
366.1	1.80776e-06
366.2	1.8207e-06
366.3	1.83537e-06
366.4	1.85171e-06
366.5	1.8697e-06
366.6	1.88928e-06
366.7	1.91039e-06
366.8	1.93301e-06
366.9	1.95706e-06
367	1.9825e-06
367.1	2.00927e-06
367.2	2.03733e-06
367.3	2.06661e-06
367.4	2.09708e-06
367.5	2.12867e-06
367.6	2.16134e-06
367.7	2.19504e-06
367.8	2.22973e-06
367.9	2.26535e-06
368	2.30187e-06
368.1	2.33924e-06
368.2	2.37555e-06
368.3	2.38226e-06
368.4	2.38899e-06
368.5	2.39575e-06
368.6	2.40252e-06
368.7	2.40932e-06
368.8	2.41615e-06
368.9	2.42299e-06
369	2.42986e-06
369.1	2.43675e-06
369.2	2.44366e-06
369.3	2.45059e-06
369.4	2.45754e-06
369.5	2.46452e-06
369.6	2.47151e-06
369.7	2.47853e-06
369.8	2.48557e-06
369.9	2.49262e-06
370	2.4997e-06
370.1	2.5068e-06
370.2	2.51392e-06
370.3	2.52105e-06
370.4	2.52821e-06
370.5	2.53539e-06
370.6	2.54258e-06
370.7	2.5498e-06
370.8	2.55703e-06
370.9	2.56428e-06
371	2.57155e-06
371.1	2.57884e-06
371.2	2.58615e-06
371.3	2.59348e-06
371.4	2.56883e-06
371.5	2.54016e-06
371.6	2.5118e-06
371.7	2.48374e-06
371.8	2.456e-06
371.9	2.4286e-06
372	2.40155e-06
372.1	2.37484e-06
372.2	2.34851e-06
372.3	2.32256e-06
372.4	2.297e-06
372.5	2.27184e-06
372.6	2.24711e-06
372.7	2.22281e-06
372.8	2.19896e-06
372.9	2.17558e-06
373	2.15267e-06
373.1	2.13026e-06
373.2	2.10836e-06
373.3	2.08698e-06
373.4	2.06614e-06
373.5	2.04587e-06
373.6	2.02617e-06
373.7	2.00706e-06
373.8	1.98856e-06
373.9	1.96989e-06
374	1.93833e-06
374.1	1.90913e-06
374.2	1.8824e-06
374.3	1.85824e-06
374.4	1.83675e-06
374.5	1.81803e-06
374.6	1.80217e-06
374.7	1.78924e-06
374.8	1.7793e-06
374.9	1.77241e-06
375	1.76859e-06
375.1	1.76788e-06
375.2	1.77027e-06
375.3	1.77576e-06
375.4	1.7843e-06
375.5	1.79587e-06
375.6	1.8104e-06
375.7	1.82637e-06
375.8	1.84088e-06
375.9	1.85689e-06
376	1.87437e-06
376.1	1.89326e-06
376.2	1.91353e-06
376.3	1.93514e-06
376.4	1.95804e-06
376.5	1.98219e-06
376.6	2.00754e-06
376.7	2.03404e-06
376.8	2.06166e-06
376.9	2.09035e-06
377	2.12006e-06
377.1	2.15075e-06
377.2	2.18238e-06
377.3	2.21491e-06
377.4	2.24831e-06
377.5	2.28252e-06
377.6	2.31753e-06
377.7	2.35329e-06
377.8	2.38976e-06
377.9	2.42298e-06
378	2.42739e-06
378.1	2.4318e-06
378.2	2.43622e-06
378.3	2.44065e-06
378.4	2.44509e-06
378.5	2.44953e-06
378.6	2.45399e-06
378.7	2.45846e-06
378.8	2.46293e-06
378.9	2.46741e-06
379	2.4719e-06
379.1	2.4764e-06
379.2	2.48091e-06
379.3	2.48543e-06
379.4	2.48995e-06
379.5	2.49448e-06
379.6	2.49903e-06
379.7	2.50358e-06
379.8	2.50813e-06
379.9	2.5127e-06
380	2.51727e-06
380.1	2.52186e-06
380.2	2.52645e-06
380.3	2.53105e-06
380.4	2.53565e-06
380.5	2.54027e-06
380.6	2.54489e-06
380.7	2.54952e-06
380.8	2.55416e-06
380.9	2.5588e-06
381	2.56346e-06
381.1	2.54373e-06
381.2	2.51289e-06
381.3	2.48242e-06
381.4	2.45233e-06
381.5	2.42263e-06
381.6	2.39334e-06
381.7	2.36448e-06
381.8	2.33605e-06
381.9	2.30808e-06
382	2.28059e-06
382.1	2.25358e-06
382.2	2.22709e-06
382.3	2.20112e-06
382.4	2.17569e-06
382.5	2.15083e-06
382.6	2.12655e-06
382.7	2.10288e-06
382.8	2.07984e-06
382.9	2.05744e-06
383	2.03571e-06
383.1	2.01466e-06
383.2	1.99433e-06
383.3	1.97473e-06
383.4	1.95589e-06
383.5	1.93782e-06
383.6	1.91231e-06
383.7	1.88508e-06
383.8	1.86046e-06
383.9	1.83854e-06
384	1.81943e-06
384.1	1.80321e-06
384.2	1.78997e-06
384.3	1.77977e-06
384.4	1.77266e-06
384.5	1.76868e-06
384.6	1.76786e-06
384.7	1.77019e-06
384.8	1.77566e-06
384.9	1.78425e-06
385	1.7959e-06
385.1	1.81057e-06
385.2	1.82818e-06
385.3	1.84831e-06
385.4	1.86404e-06
385.5	1.88105e-06
385.6	1.89931e-06
385.7	1.91879e-06
385.8	1.93944e-06
385.9	1.96124e-06
386	1.98414e-06
386.1	2.00811e-06
386.2	2.0331e-06
386.3	2.05908e-06
386.4	2.08602e-06
386.5	2.11388e-06
386.6	2.14262e-06
386.7	2.1722e-06
386.8	2.2026e-06
386.9	2.23377e-06
387	2.26569e-06
387.1	2.29833e-06
387.2	2.33166e-06
387.3	2.36564e-06
387.4	2.40025e-06
387.5	2.43546e-06
387.6	2.46734e-06
387.7	2.46932e-06
387.8	2.4713e-06
387.9	2.47328e-06
388	2.47527e-06
388.1	2.47725e-06
388.2	2.47924e-06
388.3	2.48123e-06
388.4	2.48322e-06
388.5	2.48522e-06
388.6	2.48721e-06
388.7	2.48921e-06
388.8	2.49121e-06
388.9	2.49321e-06
389	2.49521e-06
389.1	2.49721e-06
389.2	2.49922e-06
389.3	2.50122e-06
389.4	2.50323e-06
389.5	2.50524e-06
389.6	2.50725e-06
389.7	2.50926e-06
389.8	2.51128e-06
389.9	2.51329e-06
390	2.51531e-06
390.1	2.51733e-06
390.2	2.51935e-06
390.3	2.52137e-06
390.4	2.5234e-06
390.5	2.52542e-06
390.6	2.52745e-06
390.7	2.52948e-06
390.8	2.51292e-06
390.9	2.48009e-06
391	2.44771e-06
391.1	2.41578e-06
391.2	2.38434e-06
391.3	2.35339e-06
391.4	2.32296e-06
391.5	2.29308e-06
391.6	2.26375e-06
391.7	2.235e-06
391.8	2.20686e-06
391.9	2.17935e-06
392	2.15249e-06
392.1	2.1263e-06
392.2	2.10082e-06
392.3	2.07607e-06
392.4	2.05207e-06
392.5	2.02886e-06
392.6	2.00645e-06
392.7	1.98488e-06
392.8	1.96418e-06
392.9	1.94436e-06
393	1.92547e-06
393.1	1.90752e-06
393.2	1.88712e-06
393.3	1.8622e-06
393.4	1.84e-06
393.5	1.82062e-06
393.6	1.80415e-06
393.7	1.79068e-06
393.8	1.78026e-06
393.9	1.77296e-06
394	1.7688e-06
394.1	1.76783e-06
394.2	1.77003e-06
394.3	1.77539e-06
394.4	1.7839e-06
394.5	1.7955e-06
394.6	1.81013e-06
394.7	1.82773e-06
394.8	1.8482e-06
394.9	1.87146e-06
395	1.89006e-06
395.1	1.90772e-06
395.2	1.92644e-06
395.3	1.94618e-06
395.4	1.96691e-06
395.5	1.98861e-06
395.6	2.01124e-06
395.7	2.03476e-06
395.8	2.05916e-06
395.9	2.08439e-06
396	2.11044e-06
396.1	2.13726e-06
396.2	2.16483e-06
396.3	2.19312e-06
396.4	2.22211e-06
396.5	2.25176e-06
396.6	2.28206e-06
396.7	2.31297e-06
396.8	2.34447e-06
396.9	2.37655e-06
397	2.40916e-06
397.1	2.4423e-06
397.2	2.47594e-06
397.3	2.50835e-06
397.4	2.50781e-06
397.5	2.50727e-06
397.6	2.50674e-06
397.7	2.5062e-06
397.8	2.50566e-06
397.9	2.50513e-06
398	2.50459e-06
398.1	2.50405e-06
398.2	2.50352e-06
398.3	2.50298e-06
398.4	2.50245e-06
398.5	2.50191e-06
398.6	2.50138e-06
398.7	2.50084e-06
398.8	2.50031e-06
398.9	2.49977e-06
399	2.49924e-06
399.1	2.4987e-06
399.2	2.49817e-06
399.3	2.49763e-06
399.4	2.4971e-06
399.5	2.49656e-06
399.6	2.49603e-06
399.7	2.4955e-06
399.8	2.49496e-06
399.9	2.49443e-06
400	2.49389e-06
400.1	2.49336e-06
400.2	2.49283e-06
400.3	2.49229e-06
400.4	2.49176e-06
400.5	2.47645e-06
400.6	2.44186e-06
400.7	2.40779e-06
400.8	2.37429e-06
400.9	2.34136e-06
401	2.30903e-06
401.1	2.27733e-06
401.2	2.24629e-06
401.3	2.21593e-06
401.4	2.18628e-06
401.5	2.15738e-06
401.6	2.12924e-06
401.7	2.10191e-06
401.8	2.07541e-06
401.9	2.04977e-06
402	2.02504e-06
402.1	2.00123e-06
402.2	1.97839e-06
402.3	1.95655e-06
402.4	1.93575e-06
402.5	1.91601e-06
402.6	1.89737e-06
402.7	1.87987e-06
402.8	1.86318e-06
402.9	1.84089e-06
403	1.8214e-06
403.1	1.80482e-06
403.2	1.79122e-06
403.3	1.78068e-06
403.4	1.77323e-06
403.5	1.76893e-06
403.6	1.7678e-06
403.7	1.76984e-06
403.8	1.77504e-06
403.9	1.78338e-06
404	1.79481e-06
404.1	1.80927e-06
404.2	1.82669e-06
404.3	1.84698e-06
404.4	1.87006e-06
404.5	1.89582e-06
404.6	1.91881e-06
404.7	1.93679e-06
404.8	1.95564e-06
404.9	1.97535e-06
405	1.99588e-06
405.1	2.0172e-06
405.2	2.0393e-06
405.3	2.06215e-06
405.4	2.08573e-06
405.5	2.11e-06
405.6	2.13495e-06
405.7	2.16056e-06
405.8	2.18679e-06
405.9	2.21363e-06
406	2.24106e-06
406.1	2.26905e-06
406.2	2.29759e-06
406.3	2.32665e-06
406.4	2.35621e-06
406.5	2.38626e-06
406.6	2.41678e-06
406.7	2.44774e-06
406.8	2.47914e-06
406.9	2.51096e-06
407	2.54318e-06
407.1	2.54265e-06
407.2	2.53952e-06
407.3	2.5364e-06
407.4	2.53328e-06
407.5	2.53017e-06
407.6	2.52706e-06
407.7	2.52395e-06
407.8	2.52085e-06
407.9	2.51775e-06
408	2.51465e-06
408.1	2.51156e-06
408.2	2.50847e-06
408.3	2.50539e-06
408.4	2.50231e-06
408.5	2.49923e-06
408.6	2.49616e-06
408.7	2.49309e-06
408.8	2.49002e-06
408.9	2.48696e-06
409	2.4839e-06
409.1	2.48085e-06
409.2	2.47779e-06
409.3	2.47475e-06
409.4	2.47171e-06
409.5	2.46867e-06
409.6	2.46563e-06
409.7	2.4626e-06
409.8	2.45957e-06
409.9	2.45655e-06
410	2.45353e-06
410.1	2.45052e-06
410.2	2.43447e-06
410.3	2.39838e-06
410.4	2.36293e-06
410.5	2.32813e-06
410.6	2.29404e-06
410.7	2.26067e-06
410.8	2.22805e-06
410.9	2.19623e-06
411	2.16524e-06
411.1	2.1351e-06
411.2	2.10587e-06
411.3	2.07758e-06
411.4	2.05026e-06
411.5	2.02396e-06
411.6	1.99872e-06
411.7	1.97457e-06
411.8	1.95156e-06
411.9	1.92972e-06
412	1.90911e-06
412.1	1.88976e-06
412.2	1.8717e-06
412.3	1.85498e-06
412.4	1.83963e-06
412.5	1.82156e-06
412.6	1.80504e-06
412.7	1.79147e-06
412.8	1.78091e-06
412.9	1.77342e-06
413	1.76903e-06
413.1	1.76778e-06
413.2	1.76967e-06
413.3	1.77469e-06
413.4	1.7828e-06
413.5	1.79398e-06
413.6	1.80816e-06
413.7	1.82527e-06
413.8	1.84523e-06
413.9	1.86796e-06
414	1.89334e-06
414.1	1.92128e-06
414.2	1.9502e-06
414.3	1.96817e-06
414.4	1.98686e-06
414.5	2.00624e-06
414.6	2.02629e-06
414.7	2.047e-06
414.8	2.06834e-06
414.9	2.09029e-06
415	2.11284e-06
415.1	2.13597e-06
415.2	2.15965e-06
415.3	2.18387e-06
415.4	2.20862e-06
415.5	2.23387e-06
415.6	2.2596e-06
415.7	2.28581e-06
415.8	2.31247e-06
415.9	2.33957e-06
416	2.3671e-06
416.1	2.39504e-06
416.2	2.42337e-06
416.3	2.45208e-06
416.4	2.48116e-06
416.5	2.5106e-06
416.6	2.54038e-06
416.7	2.5705e-06
416.8	2.57363e-06
416.9	2.56786e-06
417	2.5621e-06
417.1	2.55636e-06
417.2	2.55062e-06
417.3	2.5449e-06
417.4	2.5392e-06
417.5	2.5335e-06
417.6	2.52781e-06
417.7	2.52214e-06
417.8	2.51648e-06
417.9	2.51083e-06
418	2.5052e-06
418.1	2.49957e-06
418.2	2.49396e-06
418.3	2.48837e-06
418.4	2.48278e-06
418.5	2.47721e-06
418.6	2.47165e-06
418.7	2.46611e-06
418.8	2.46057e-06
418.9	2.45505e-06
419	2.44955e-06
419.1	2.44406e-06
419.2	2.43858e-06
419.3	2.43311e-06
419.4	2.42766e-06
419.5	2.42222e-06
419.6	2.4168e-06
419.7	2.41139e-06
419.8	2.40599e-06
419.9	2.38727e-06
420	2.35e-06
420.1	2.3135e-06
420.2	2.27778e-06
420.3	2.24289e-06
420.4	2.20887e-06
420.5	2.17576e-06
420.6	2.1436e-06
420.7	2.11244e-06
420.8	2.08231e-06
420.9	2.05327e-06
421	2.02536e-06
421.1	1.99864e-06
421.2	1.97313e-06
421.3	1.94891e-06
421.4	1.926e-06
421.5	1.90447e-06
421.6	1.88436e-06
421.7	1.86571e-06
421.8	1.84857e-06
421.9	1.83298e-06
422	1.81898e-06
422.1	1.80465e-06
422.2	1.79127e-06
422.3	1.78085e-06
422.4	1.77344e-06
422.5	1.76907e-06
422.6	1.76778e-06
422.7	1.76955e-06
422.8	1.7744e-06
422.9	1.78228e-06
423	1.79316e-06
423.1	1.80699e-06
423.2	1.8237e-06
423.3	1.84322e-06
423.4	1.86544e-06
423.5	1.89028e-06
423.6	1.91764e-06
423.7	1.94741e-06
423.8	1.97948e-06
423.9	2.0018e-06
424	2.02003e-06
424.1	2.03882e-06
424.2	2.05815e-06
424.3	2.078e-06
424.4	2.09836e-06
424.5	2.11922e-06
424.6	2.14056e-06
424.7	2.16236e-06
424.8	2.18462e-06
424.9	2.20731e-06
425	2.23043e-06
425.1	2.25397e-06
425.2	2.2779e-06
425.3	2.30222e-06
425.4	2.32691e-06
425.5	2.35197e-06
425.6	2.37738e-06
425.7	2.40313e-06
425.8	2.4292e-06
425.9	2.4556e-06
426	2.48231e-06
426.1	2.50931e-06
426.2	2.53661e-06
426.3	2.56418e-06
426.4	2.59203e-06
426.5	2.60054e-06
426.6	2.59209e-06
426.7	2.58366e-06
426.8	2.57526e-06
426.9	2.56688e-06
427	2.55853e-06
427.1	2.5502e-06
427.2	2.5419e-06
427.3	2.53362e-06
427.4	2.52537e-06
427.5	2.51714e-06
427.6	2.50894e-06
427.7	2.50077e-06
427.8	2.49262e-06
427.9	2.4845e-06
428	2.4764e-06
428.1	2.46834e-06
428.2	2.4603e-06
428.3	2.45229e-06
428.4	2.44431e-06
428.5	2.43635e-06
428.6	2.42843e-06
428.7	2.42053e-06
428.8	2.41266e-06
428.9	2.40483e-06
429	2.39702e-06
429.1	2.38924e-06
429.2	2.3815e-06
429.3	2.37378e-06
429.4	2.3661e-06
429.5	2.35844e-06
429.6	2.33528e-06
429.7	2.29723e-06
429.8	2.26007e-06
429.9	2.22385e-06
430	2.18862e-06
430.1	2.15441e-06
430.2	2.1213e-06
430.3	2.08932e-06
430.4	2.05853e-06
430.5	2.02898e-06
430.6	2.00073e-06
430.7	1.97383e-06
430.8	1.94834e-06
430.9	1.92432e-06
431	1.90182e-06
431.1	1.88089e-06
431.2	1.8616e-06
431.3	1.84398e-06
431.4	1.8281e-06
431.5	1.81399e-06
431.6	1.80169e-06
431.7	1.79053e-06
431.8	1.78043e-06
431.9	1.77324e-06
432	1.76902e-06
432.1	1.76778e-06
432.2	1.76952e-06
432.3	1.77424e-06
432.4	1.78191e-06
432.5	1.7925e-06
432.6	1.80595e-06
432.7	1.8222e-06
432.8	1.84118e-06
432.9	1.8628e-06
433	1.88697e-06
433.1	1.9136e-06
433.2	1.94259e-06
433.3	1.97382e-06
433.4	2.0072e-06
433.5	2.03762e-06
433.6	2.05513e-06
433.7	2.07308e-06
433.8	2.09145e-06
433.9	2.11023e-06
434	2.12942e-06
434.1	2.14899e-06
434.2	2.16895e-06
434.3	2.18928e-06
434.4	2.20996e-06
434.5	2.231e-06
434.6	2.25238e-06
434.7	2.27409e-06
434.8	2.29612e-06
434.9	2.31846e-06
435	2.3411e-06
435.1	2.36404e-06
435.2	2.38727e-06
435.3	2.41077e-06
435.4	2.43454e-06
435.5	2.45857e-06
435.6	2.48286e-06
435.7	2.5074e-06
435.8	2.53217e-06
435.9	2.55718e-06
436	2.58241e-06
436.1	2.60786e-06
436.2	2.62317e-06
436.3	2.61202e-06
436.4	2.6009e-06
436.5	2.58982e-06
436.6	2.57878e-06
436.7	2.56779e-06
436.8	2.55684e-06
436.9	2.54593e-06
437	2.53506e-06
437.1	2.52424e-06
437.2	2.51346e-06
437.3	2.50273e-06
437.4	2.49204e-06
437.5	2.4814e-06
437.6	2.47081e-06
437.7	2.46026e-06
437.8	2.44976e-06
437.9	2.43931e-06
438	2.42891e-06
438.1	2.41856e-06
438.2	2.40826e-06
438.3	2.39801e-06
438.4	2.38781e-06
438.5	2.37767e-06
438.6	2.36758e-06
438.7	2.35754e-06
438.8	2.34756e-06
438.9	2.33763e-06
439	2.32776e-06
439.1	2.31795e-06
439.2	2.30819e-06
439.3	2.27915e-06
439.4	2.24075e-06
439.5	2.20341e-06
439.6	2.16718e-06
439.7	2.13211e-06
439.8	2.09827e-06
439.9	2.06572e-06
440	2.03451e-06
440.1	2.00471e-06
440.2	1.97639e-06
440.3	1.94961e-06
440.4	1.92442e-06
440.5	1.90091e-06
440.6	1.87912e-06
440.7	1.85912e-06
440.8	1.84097e-06
440.9	1.82472e-06
441	1.81042e-06
441.1	1.79813e-06
441.2	1.78788e-06
441.3	1.77956e-06
441.4	1.77278e-06
441.5	1.76885e-06
441.6	1.76779e-06
441.7	1.7696e-06
441.8	1.77427e-06
441.9	1.78179e-06
442	1.79211e-06
442.1	1.80518e-06
442.2	1.82096e-06
442.3	1.83936e-06
442.4	1.86031e-06
442.5	1.88373e-06
442.6	1.90953e-06
442.7	1.9376e-06
442.8	1.96785e-06
442.9	2.00019e-06
443	2.03451e-06
443.1	2.07072e-06
443.2	2.09214e-06
443.3	2.10901e-06
443.4	2.12621e-06
443.5	2.14373e-06
443.6	2.16156e-06
443.7	2.17968e-06
443.8	2.19811e-06
443.9	2.21682e-06
444	2.23581e-06
444.1	2.25507e-06
444.2	2.2746e-06
444.3	2.29438e-06
444.4	2.31443e-06
444.5	2.33471e-06
444.6	2.35524e-06
444.7	2.376e-06
444.8	2.39698e-06
444.9	2.41819e-06
445	2.43962e-06
445.1	2.46125e-06
445.2	2.48309e-06
445.3	2.50513e-06
445.4	2.52736e-06
445.5	2.54978e-06
445.6	2.57238e-06
445.7	2.59517e-06
445.8	2.61813e-06
445.9	2.64125e-06
446	2.62744e-06
446.1	2.61362e-06
446.2	2.59986e-06
446.3	2.58617e-06
446.4	2.57254e-06
446.5	2.55897e-06
446.6	2.54547e-06
446.7	2.53204e-06
446.8	2.51867e-06
446.9	2.50537e-06
447	2.49214e-06
447.1	2.47898e-06
447.2	2.46589e-06
447.3	2.45288e-06
447.4	2.43994e-06
447.5	2.42708e-06
447.6	2.41429e-06
447.7	2.40158e-06
447.8	2.38895e-06
447.9	2.3764e-06
448	2.36393e-06
448.1	2.35154e-06
448.2	2.33924e-06
448.3	2.32702e-06
448.4	2.31489e-06
448.5	2.30285e-06
448.6	2.2909e-06
448.7	2.27904e-06
448.8	2.26727e-06
448.9	2.2556e-06
449	2.21969e-06
449.1	2.18147e-06
449.2	2.14449e-06
449.3	2.10881e-06
449.4	2.07451e-06
449.5	2.04165e-06
449.6	2.0103e-06
449.7	1.98054e-06
449.8	1.95244e-06
449.9	1.92607e-06
450	1.90149e-06
450.1	1.87879e-06
450.2	1.85804e-06
450.3	1.83929e-06
450.4	1.8226e-06
450.5	1.80805e-06
450.6	1.79567e-06
450.7	1.78552e-06
450.8	1.77763e-06
450.9	1.77202e-06
451	1.76858e-06
451.1	1.76784e-06
451.2	1.76984e-06
451.3	1.77457e-06
451.4	1.78201e-06
451.5	1.79212e-06
451.6	1.80485e-06
451.7	1.82016e-06
451.8	1.83798e-06
451.9	1.85824e-06
452	1.88085e-06
452.1	1.90574e-06
452.2	1.93281e-06
452.3	1.96198e-06
452.4	1.99315e-06
452.5	2.02624e-06
452.6	2.06114e-06
452.7	2.09777e-06
452.8	2.13108e-06
452.9	2.14666e-06
453	2.16249e-06
453.1	2.17856e-06
453.2	2.19486e-06
453.3	2.21138e-06
453.4	2.22813e-06
453.5	2.24509e-06
453.6	2.26227e-06
453.7	2.27965e-06
453.8	2.29723e-06
453.9	2.31501e-06
454	2.33299e-06
454.1	2.35115e-06
454.2	2.3695e-06
454.3	2.38803e-06
454.4	2.40673e-06
454.5	2.42561e-06
454.6	2.44465e-06
454.7	2.46386e-06
454.8	2.48323e-06
454.9	2.50275e-06
455	2.52243e-06
455.1	2.54226e-06
455.2	2.56223e-06
455.3	2.58234e-06
455.4	2.6026e-06
455.5	2.62299e-06
455.6	2.64351e-06
455.7	2.63815e-06
455.8	2.62164e-06
455.9	2.60521e-06
456	2.58887e-06
456.1	2.57262e-06
456.2	2.55647e-06
456.3	2.5404e-06
456.4	2.52443e-06
456.5	2.50856e-06
456.6	2.49279e-06
456.7	2.47711e-06
456.8	2.46154e-06
456.9	2.44607e-06
457	2.43071e-06
457.1	2.41546e-06
457.2	2.40032e-06
457.3	2.38529e-06
457.4	2.37037e-06
457.5	2.35557e-06
457.6	2.34089e-06
457.7	2.32633e-06
457.8	2.3119e-06
457.9	2.29759e-06
458	2.2834e-06
458.1	2.26935e-06
458.2	2.25544e-06
458.3	2.24165e-06
458.4	2.22801e-06
458.5	2.21451e-06
458.6	2.19681e-06
458.7	2.15798e-06
458.8	2.12053e-06
458.9	2.08452e-06
459	2.05004e-06
459.1	2.01717e-06
459.2	1.98599e-06
459.3	1.95656e-06
459.4	1.92899e-06
459.5	1.90334e-06
459.6	1.8797e-06
459.7	1.85814e-06
459.8	1.83873e-06
459.9	1.82155e-06
460	1.80666e-06
460.1	1.79411e-06
460.2	1.78396e-06
460.3	1.77624e-06
460.4	1.77099e-06
460.5	1.76822e-06
460.6	1.76798e-06
460.7	1.7703e-06
460.8	1.77521e-06
460.9	1.78267e-06
461	1.79265e-06
461.1	1.8051e-06
461.2	1.81999e-06
461.3	1.83725e-06
461.4	1.85681e-06
461.5	1.8786e-06
461.6	1.90255e-06
461.7	1.92858e-06
461.8	1.95659e-06
461.9	1.98651e-06
462	2.01826e-06
462.1	2.05174e-06
462.2	2.08688e-06
462.3	2.12359e-06
462.4	2.1618e-06
462.5	2.18606e-06
462.6	2.20034e-06
462.7	2.21478e-06
462.8	2.2294e-06
462.9	2.24418e-06
463	2.25912e-06
463.1	2.27422e-06
463.2	2.28947e-06
463.3	2.30487e-06
463.4	2.32043e-06
463.5	2.33612e-06
463.6	2.35197e-06
463.7	2.36795e-06
463.8	2.38406e-06
463.9	2.40032e-06
464	2.4167e-06
464.1	2.43321e-06
464.2	2.44985e-06
464.3	2.46661e-06
464.4	2.48349e-06
464.5	2.5005e-06
464.6	2.51761e-06
464.7	2.53485e-06
464.8	2.55219e-06
464.9	2.56964e-06
465	2.5872e-06
465.1	2.60487e-06
465.2	2.62264e-06
465.3	2.64051e-06
465.4	2.64393e-06
465.5	2.62474e-06
465.6	2.60567e-06
465.7	2.58672e-06
465.8	2.56789e-06
465.9	2.54918e-06
466	2.5306e-06
466.1	2.51215e-06
466.2	2.49383e-06
466.3	2.47565e-06
466.4	2.4576e-06
466.5	2.4397e-06
466.6	2.42193e-06
466.7	2.40432e-06
466.8	2.38686e-06
466.9	2.36955e-06
467	2.35239e-06
467.1	2.3354e-06
467.2	2.31858e-06
467.3	2.30192e-06
467.4	2.28543e-06
467.5	2.26912e-06
467.6	2.25298e-06
467.7	2.23703e-06
467.8	2.22127e-06
467.9	2.2057e-06
468	2.19032e-06
468.1	2.17514e-06
468.2	2.16016e-06
468.3	2.13295e-06
468.4	2.09532e-06
468.5	2.0593e-06
468.6	2.02496e-06
468.7	1.99239e-06
468.8	1.96168e-06
468.9	1.93292e-06
469	1.9062e-06
469.1	1.88161e-06
469.2	1.85922e-06
469.3	1.83912e-06
469.4	1.82139e-06
469.5	1.80609e-06
469.6	1.79329e-06
469.7	1.78303e-06
469.8	1.77538e-06
469.9	1.77035e-06
470	1.76797e-06
470.1	1.76826e-06
470.2	1.77109e-06
470.3	1.77629e-06
470.4	1.78388e-06
470.5	1.79382e-06
470.6	1.80608e-06
470.7	1.82061e-06
470.8	1.83735e-06
470.9	1.85625e-06
471	1.87724e-06
471.1	1.90024e-06
471.2	1.9252e-06
471.3	1.95203e-06
471.4	1.98065e-06
471.5	2.011e-06
471.6	2.04299e-06
471.7	2.07655e-06
471.8	2.1116e-06
471.9	2.14808e-06
472	2.1859e-06
472.1	2.225e-06
472.2	2.23981e-06
472.3	2.25248e-06
472.4	2.26527e-06
472.5	2.27817e-06
472.6	2.29118e-06
472.7	2.30431e-06
472.8	2.31754e-06
472.9	2.33088e-06
473	2.34432e-06
473.1	2.35786e-06
473.2	2.3715e-06
473.3	2.38525e-06
473.4	2.39909e-06
473.5	2.41302e-06
473.6	2.42705e-06
473.7	2.44117e-06
473.8	2.45539e-06
473.9	2.46969e-06
474	2.48408e-06
474.1	2.49855e-06
474.2	2.51311e-06
474.3	2.52775e-06
474.4	2.54248e-06
474.5	2.55728e-06
474.6	2.57217e-06
474.7	2.58713e-06
474.8	2.60216e-06
474.9	2.61728e-06
475	2.63246e-06
475.1	2.64455e-06
475.2	2.62273e-06
475.3	2.60106e-06
475.4	2.57955e-06
475.5	2.55819e-06
475.6	2.53699e-06
475.7	2.51596e-06
475.8	2.4951e-06
475.9	2.47441e-06
476	2.45391e-06
476.1	2.43358e-06
476.2	2.41345e-06
476.3	2.3935e-06
476.4	2.37376e-06
476.5	2.35421e-06
476.6	2.33488e-06
476.7	2.31575e-06
476.8	2.29685e-06
476.9	2.27816e-06
477	2.25971e-06
477.1	2.24149e-06
477.2	2.22352e-06
477.3	2.20578e-06
477.4	2.18831e-06
477.5	2.17108e-06
477.6	2.15413e-06
477.7	2.13744e-06
477.8	2.12104e-06
477.9	2.10491e-06
478	2.06896e-06
478.1	2.03325e-06
478.2	1.99938e-06
478.3	1.96745e-06
478.4	1.93756e-06
478.5	1.9098e-06
478.6	1.88427e-06
478.7	1.86106e-06
478.8	1.84025e-06
478.9	1.82193e-06
479	1.80617e-06
479.1	1.79305e-06
479.2	1.78261e-06
479.3	1.77492e-06
479.4	1.76999e-06
479.5	1.76786e-06
479.6	1.76854e-06
479.7	1.77202e-06
479.8	1.77797e-06
479.9	1.7858e-06
480	1.7958e-06
480.1	1.80795e-06
480.2	1.82219e-06
480.3	1.83848e-06
480.4	1.85676e-06
480.5	1.87698e-06
480.6	1.89907e-06
480.7	1.92297e-06
480.8	1.94861e-06
480.9	1.97592e-06
481	2.00484e-06
481.1	2.0353e-06
481.2	2.06723e-06
481.3	2.10056e-06
481.4	2.13523e-06
481.5	2.17117e-06
481.6	2.20832e-06
481.7	2.24662e-06
481.8	2.28097e-06
481.9	2.29173e-06
482	2.30256e-06
482.1	2.31346e-06
482.2	2.32443e-06
482.3	2.33548e-06
482.4	2.34659e-06
482.5	2.35778e-06
482.6	2.36903e-06
482.7	2.38035e-06
482.8	2.39174e-06
482.9	2.4032e-06
483	2.41471e-06
483.1	2.4263e-06
483.2	2.43794e-06
483.3	2.44965e-06
483.4	2.46142e-06
483.5	2.47325e-06
483.6	2.48514e-06
483.7	2.49708e-06
483.8	2.50909e-06
483.9	2.52115e-06
484	2.53327e-06
484.1	2.54544e-06
484.2	2.55767e-06
484.3	2.56995e-06
484.4	2.58228e-06
484.5	2.59467e-06
484.6	2.6071e-06
484.7	2.61959e-06
484.8	2.63213e-06
484.9	2.61541e-06
485	2.59121e-06
485.1	2.56719e-06
485.2	2.54338e-06
485.3	2.51978e-06
485.4	2.49639e-06
485.5	2.47321e-06
485.6	2.45026e-06
485.7	2.42754e-06
485.8	2.40506e-06
485.9	2.38283e-06
486	2.36084e-06
486.1	2.33912e-06
486.2	2.31765e-06
486.3	2.29647e-06
486.4	2.27556e-06
486.5	2.25494e-06
486.6	2.23462e-06
486.7	2.2146e-06
486.8	2.19489e-06
486.9	2.17551e-06
487	2.15646e-06
487.1	2.13774e-06
487.2	2.11937e-06
487.3	2.10136e-06
487.4	2.08372e-06
487.5	2.06645e-06
487.6	2.04161e-06
487.7	2.00656e-06
487.8	1.97351e-06
487.9	1.94258e-06
488	1.91385e-06
488.1	1.88744e-06
488.2	1.86343e-06
488.3	1.84192e-06
488.4	1.82301e-06
488.5	1.80677e-06
488.6	1.79328e-06
488.7	1.78259e-06
488.8	1.77476e-06
488.9	1.76983e-06
489	1.76782e-06
489.1	1.76874e-06
489.2	1.77258e-06
489.3	1.77934e-06
489.4	1.7886e-06
489.5	1.79877e-06
489.6	1.81089e-06
489.7	1.82493e-06
489.8	1.84083e-06
489.9	1.85856e-06
490	1.87806e-06
490.1	1.89927e-06
490.2	1.92214e-06
490.3	1.94662e-06
490.4	1.97263e-06
490.5	2.00013e-06
490.6	2.02905e-06
490.7	2.05933e-06
490.8	2.09091e-06
490.9	2.12373e-06
491	2.15774e-06
491.1	2.19288e-06
491.2	2.22911e-06
491.3	2.26635e-06
491.4	2.30458e-06
491.5	2.3326e-06
491.6	2.34135e-06
491.7	2.35013e-06
491.8	2.35896e-06
491.9	2.36783e-06
492	2.37674e-06
492.1	2.3857e-06
492.2	2.39469e-06
492.3	2.40373e-06
492.4	2.4128e-06
492.5	2.42192e-06
492.6	2.43108e-06
492.7	2.44027e-06
492.8	2.4495e-06
492.9	2.45877e-06
493	2.46808e-06
493.1	2.47743e-06
493.2	2.48681e-06
493.3	2.49623e-06
493.4	2.50568e-06
493.5	2.51517e-06
493.6	2.5247e-06
493.7	2.53426e-06
493.8	2.54385e-06
493.9	2.55348e-06
494	2.56314e-06
494.1	2.57283e-06
494.2	2.58256e-06
494.3	2.59232e-06
494.4	2.60211e-06
494.5	2.61194e-06
494.6	2.6026e-06
494.7	2.57594e-06
494.8	2.54953e-06
494.9	2.52336e-06
495	2.49746e-06
495.1	2.47182e-06
495.2	2.44646e-06
495.3	2.42138e-06
495.4	2.39659e-06
495.5	2.37211e-06
495.6	2.34794e-06
495.7	2.32409e-06
495.8	2.30057e-06
495.9	2.27739e-06
496	2.25456e-06
496.1	2.2321e-06
496.2	2.21001e-06
496.3	2.18831e-06
496.4	2.16701e-06
496.5	2.14611e-06
496.6	2.12563e-06
496.7	2.10559e-06
496.8	2.08599e-06
496.9	2.06686e-06
497	2.04819e-06
497.1	2.03001e-06
497.2	2.01232e-06
497.3	1.97946e-06
497.4	1.94761e-06
497.5	1.91802e-06
497.6	1.89081e-06
497.7	1.86608e-06
497.8	1.84393e-06
497.9	1.82445e-06
498	1.80773e-06
498.1	1.79385e-06
498.2	1.78286e-06
498.3	1.77484e-06
498.4	1.76981e-06
498.5	1.76781e-06
498.6	1.76883e-06
498.7	1.77289e-06
498.8	1.77995e-06
498.9	1.78998e-06
499	1.80293e-06
499.1	1.81513e-06
499.2	1.82903e-06
499.3	1.84462e-06
499.4	1.86186e-06
499.5	1.8807e-06
499.6	1.90108e-06
499.7	1.92298e-06
499.8	1.94632e-06
499.9	1.97107e-06
