0	2.5e-06
0.1	2.5e-06
0.2	2.5e-06
0.3	2.5e-06
0.4	2.5e-06
0.5	2.5e-06
0.6	2.5e-06
0.7	2.5e-06
0.8	2.5e-06
0.9	2.5e-06
1	2.5e-06
1.1	2.5e-06
1.2	2.5e-06
1.3	2.5e-06
1.4	2.5e-06
1.5	2.5e-06
1.6	2.5e-06
1.7	2.47546e-06
1.8	2.45055e-06
1.9	2.42591e-06
2	2.40154e-06
2.1	2.37747e-06
2.2	2.35369e-06
2.3	2.33023e-06
2.4	2.30707e-06
2.5	2.28425e-06
2.6	2.26175e-06
2.7	2.23961e-06
2.8	2.21782e-06
2.9	2.1964e-06
3	2.17535e-06
3.1	2.1547e-06
3.2	2.13444e-06
3.3	2.1146e-06
3.4	2.09517e-06
3.5	2.07619e-06
3.6	2.05765e-06
3.7	2.03957e-06
3.8	2.02196e-06
3.9	2.00483e-06
4	1.98821e-06
4.1	1.97209e-06
4.2	1.94806e-06
4.3	1.92303e-06
4.4	1.89966e-06
4.5	1.87802e-06
4.6	1.85816e-06
4.7	1.84014e-06
4.8	1.82402e-06
4.9	1.80985e-06
5	1.79767e-06
5.1	1.78752e-06
5.2	1.77944e-06
5.3	1.77346e-06
5.4	1.7696e-06
5.5	1.76787e-06
5.6	1.76828e-06
5.7	1.77082e-06
5.8	1.77549e-06
5.9	1.78228e-06
6	1.78991e-06
6.1	1.79911e-06
6.2	1.80985e-06
6.3	1.82211e-06
6.4	1.83586e-06
6.5	1.85107e-06
6.6	1.86769e-06
6.7	1.8857e-06
6.8	1.90504e-06
6.9	1.92569e-06
7	1.9476e-06
7.1	1.97073e-06
7.2	1.99504e-06
7.3	2.02047e-06
7.4	2.047e-06
7.5	2.07458e-06
7.6	2.10317e-06
7.7	2.13273e-06
7.8	2.16321e-06
7.9	2.19256e-06
8	2.20514e-06
8.1	2.21785e-06
8.2	2.23068e-06
8.3	2.24364e-06
8.4	2.25673e-06
8.5	2.26993e-06
8.6	2.28326e-06
8.7	2.2967e-06
8.8	2.31026e-06
8.9	2.32394e-06
9	2.33772e-06
9.1	2.35161e-06
9.2	2.36561e-06
9.3	2.37972e-06
9.4	2.39393e-06
9.5	2.40824e-06
9.6	2.42265e-06
9.7	2.43716e-06
9.8	2.45177e-06
9.9	2.46647e-06
10	2.48127e-06
10.1	2.49615e-06
10.2	2.51113e-06
10.3	2.52619e-06
10.4	2.54135e-06
10.5	2.55658e-06
10.6	2.5719e-06
10.7	2.5873e-06
10.8	2.60279e-06
10.9	2.59622e-06
11	2.58526e-06
11.1	2.57435e-06
11.2	2.56348e-06
11.3	2.55265e-06
11.4	2.54186e-06
11.5	2.53112e-06
11.6	2.52041e-06
11.7	2.50975e-06
11.8	2.49914e-06
11.9	2.48857e-06
12	2.47805e-06
12.1	2.46757e-06
12.2	2.45714e-06
12.3	2.44676e-06
12.4	2.43642e-06
12.5	2.42613e-06
12.6	2.41589e-06
12.7	2.40571e-06
12.8	2.39557e-06
12.9	2.38548e-06
13	2.37545e-06
13.1	2.36546e-06
13.2	2.35553e-06
13.3	2.34566e-06
13.4	2.33584e-06
13.5	2.32607e-06
13.6	2.31636e-06
13.7	2.3067e-06
13.8	2.29711e-06
13.9	2.28238e-06
14	2.25168e-06
14.1	2.22164e-06
14.2	2.19228e-06
14.3	2.16364e-06
14.4	2.13574e-06
14.5	2.10861e-06
14.6	2.08229e-06
14.7	2.05679e-06
14.8	2.03216e-06
14.9	2.00843e-06
15	1.98562e-06
15.1	1.96377e-06
15.2	1.94292e-06
15.3	1.92309e-06
15.4	1.90431e-06
15.5	1.88663e-06
15.6	1.87006e-06
15.7	1.85464e-06
15.8	1.8404e-06
15.9	1.82737e-06
16	1.8155e-06
16.1	1.8022e-06
16.2	1.79102e-06
16.3	1.782e-06
16.4	1.77516e-06
16.5	1.77053e-06
16.6	1.76813e-06
16.7	1.76797e-06
16.8	1.77005e-06
16.9	1.77437e-06
17	1.78089e-06
17.1	1.78961e-06
17.2	1.80049e-06
17.3	1.81349e-06
17.4	1.82856e-06
17.5	1.84566e-06
17.6	1.86473e-06
17.7	1.8857e-06
17.8	1.90363e-06
17.9	1.91942e-06
18	1.93597e-06
18.1	1.95327e-06
18.2	1.97128e-06
18.3	1.99e-06
18.4	2.0094e-06
18.5	2.02947e-06
18.6	2.05018e-06
18.7	2.07151e-06
18.8	2.09345e-06
18.9	2.11598e-06
19	2.13908e-06
19.1	2.16273e-06
19.2	2.18691e-06
19.3	2.2116e-06
19.4	2.23679e-06
19.5	2.26247e-06
19.6	2.2886e-06
19.7	2.31519e-06
19.8	2.34221e-06
19.9	2.36965e-06
20	2.3975e-06
20.1	2.42225e-06
20.2	2.42648e-06
20.3	2.43073e-06
20.4	2.43498e-06
20.5	2.43924e-06
20.6	2.4435e-06
20.7	2.44778e-06
20.8	2.45206e-06
20.9	2.45635e-06
21	2.46065e-06
21.1	2.46496e-06
21.2	2.46927e-06
21.3	2.4736e-06
21.4	2.47793e-06
21.5	2.48227e-06
21.6	2.48662e-06
21.7	2.49097e-06
21.8	2.49533e-06
21.9	2.4997e-06
22	2.50408e-06
22.1	2.50847e-06
22.2	2.51286e-06
22.3	2.51726e-06
22.4	2.52167e-06
22.5	2.52609e-06
22.6	2.53051e-06
22.7	2.53494e-06
22.8	2.53938e-06
22.9	2.54382e-06
23	2.54827e-06
23.1	2.55273e-06
23.2	2.5572e-06
23.3	2.55252e-06
23.4	2.53109e-06
23.5	2.50983e-06
23.6	2.48874e-06
23.7	2.46784e-06
23.8	2.44712e-06
23.9	2.42659e-06
24	2.40626e-06
24.1	2.38612e-06
24.2	2.36619e-06
24.3	2.34647e-06
24.4	2.32696e-06
24.5	2.30768e-06
24.6	2.28862e-06
24.7	2.26979e-06
24.8	2.2512e-06
24.9	2.23286e-06
25	2.21476e-06
25.1	2.19692e-06
25.2	2.17935e-06
25.3	2.16204e-06
25.4	2.145e-06
25.5	2.12825e-06
25.6	2.11179e-06
25.7	2.09562e-06
25.8	2.07975e-06
25.9	2.0642e-06
26	2.04321e-06
26.1	2.01429e-06
26.2	1.98671e-06
26.3	1.96051e-06
26.4	1.93575e-06
26.5	1.91249e-06
26.6	1.89078e-06
26.7	1.87068e-06
26.8	1.85224e-06
26.9	1.8355e-06
27	1.82052e-06
27.1	1.80734e-06
27.2	1.796e-06
27.3	1.78653e-06
27.4	1.77897e-06
27.5	1.77333e-06
27.6	1.76964e-06
27.7	1.76791e-06
27.8	1.76814e-06
27.9	1.77027e-06
28	1.77426e-06
28.1	1.78011e-06
28.2	1.78779e-06
28.3	1.79728e-06
28.4	1.80856e-06
28.5	1.82159e-06
28.6	1.83633e-06
28.7	1.85274e-06
28.8	1.87078e-06
28.9	1.8904e-06
29	1.91155e-06
29.1	1.93419e-06
29.2	1.95826e-06
29.3	1.98371e-06
29.4	2.01048e-06
29.5	2.03853e-06
29.6	2.0678e-06
29.7	2.09611e-06
29.8	2.11089e-06
29.9	2.12591e-06
30	2.14118e-06
30.1	2.15668e-06
30.2	2.17242e-06
30.3	2.18838e-06
30.4	2.20456e-06
30.5	2.22096e-06
30.6	2.23757e-06
30.7	2.25439e-06
30.8	2.27141e-06
30.9	2.28863e-06
31	2.30605e-06
31.1	2.32365e-06
31.2	2.34144e-06
31.3	2.35941e-06
31.4	2.37756e-06
31.5	2.39587e-06
31.6	2.41436e-06
31.7	2.43302e-06
31.8	2.45183e-06
31.9	2.4708e-06
32	2.48993e-06
32.1	2.50921e-06
32.2	2.52863e-06
32.3	2.5482e-06
32.4	2.56791e-06
32.5	2.57597e-06
32.6	2.56958e-06
32.7	2.5632e-06
32.8	2.55683e-06
32.9	2.55048e-06
33	2.54414e-06
33.1	2.53782e-06
33.2	2.53151e-06
33.3	2.52522e-06
33.4	2.51894e-06
33.5	2.51268e-06
33.6	2.50643e-06
33.7	2.5002e-06
33.8	2.49398e-06
33.9	2.48778e-06
34	2.48159e-06
34.1	2.47542e-06
34.2	2.46927e-06
34.3	2.46313e-06
34.4	2.45701e-06
34.5	2.45091e-06
34.6	2.44482e-06
34.7	2.43875e-06
34.8	2.43269e-06
34.9	2.42666e-06
35	2.42063e-06
35.1	2.41463e-06
35.2	2.40864e-06
35.3	2.40267e-06
35.4	2.39672e-06
35.5	2.39079e-06
35.6	2.38487e-06
35.7	2.35761e-06
35.8	2.32884e-06
35.9	2.30054e-06
36	2.27273e-06
36.1	2.24544e-06
36.2	2.21867e-06
36.3	2.19246e-06
36.4	2.16681e-06
36.5	2.14176e-06
36.6	2.11732e-06
36.7	2.09351e-06
36.8	2.07035e-06
36.9	2.04787e-06
37	2.02609e-06
37.1	2.00504e-06
37.2	1.98473e-06
37.3	1.96518e-06
37.4	1.94643e-06
37.5	1.92849e-06
37.6	1.91139e-06
37.7	1.89515e-06
37.8	1.8798e-06
37.9	1.8644e-06
38	1.8453e-06
38.1	1.82817e-06
38.2	1.81309e-06
38.3	1.80011e-06
38.4	1.78926e-06
38.5	1.78059e-06
38.6	1.77413e-06
38.7	1.7699e-06
38.8	1.76793e-06
38.9	1.76821e-06
39	1.77075e-06
39.1	1.77553e-06
39.2	1.78255e-06
39.3	1.79177e-06
39.4	1.80315e-06
39.5	1.81667e-06
39.6	1.83226e-06
39.7	1.84606e-06
39.8	1.86012e-06
39.9	1.87524e-06
40	1.89141e-06
40.1	1.90859e-06
40.2	1.92676e-06
40.3	1.9459e-06
40.4	1.96596e-06
40.5	1.98693e-06
40.6	2.00878e-06
40.7	2.03147e-06
40.8	2.05499e-06
40.9	2.07929e-06
41	2.10436e-06
41.1	2.13017e-06
41.2	2.15669e-06
41.3	2.1839e-06
41.4	2.21176e-06
41.5	2.24026e-06
41.6	2.26938e-06
41.7	2.29908e-06
41.8	2.32934e-06
41.9	2.33839e-06
42	2.34651e-06
42.1	2.35466e-06
42.2	2.36285e-06
42.3	2.37108e-06
42.4	2.37934e-06
42.5	2.38764e-06
42.6	2.39597e-06
42.7	2.40434e-06
42.8	2.41274e-06
42.9	2.42118e-06
43	2.42965e-06
43.1	2.43815e-06
43.2	2.44669e-06
43.3	2.45526e-06
43.4	2.46386e-06
43.5	2.4725e-06
43.6	2.48116e-06
43.7	2.48986e-06
43.8	2.49859e-06
43.9	2.50735e-06
44	2.51613e-06
44.1	2.52495e-06
44.2	2.5338e-06
44.3	2.54268e-06
44.4	2.55159e-06
44.5	2.56052e-06
44.6	2.56949e-06
44.7	2.57848e-06
44.8	2.5875e-06
44.9	2.59655e-06
45	2.58145e-06
45.1	2.5642e-06
45.2	2.54705e-06
45.3	2.53001e-06
45.4	2.51308e-06
45.5	2.49626e-06
45.6	2.47955e-06
45.7	2.46296e-06
45.8	2.44649e-06
45.9	2.43013e-06
46	2.4139e-06
46.1	2.3978e-06
46.2	2.38182e-06
46.3	2.36597e-06
46.4	2.35026e-06
46.5	2.33468e-06
46.6	2.31924e-06
46.7	2.30394e-06
46.8	2.28879e-06
46.9	2.27378e-06
47	2.25892e-06
47.1	2.24422e-06
47.2	2.22967e-06
47.3	2.21528e-06
47.4	2.20105e-06
47.5	2.18699e-06
47.6	2.1731e-06
47.7	2.15937e-06
47.8	2.14064e-06
47.9	2.10988e-06
48	2.08015e-06
48.1	2.05148e-06
48.2	2.02392e-06
48.3	1.99753e-06
48.4	1.97233e-06
48.5	1.94839e-06
48.6	1.92574e-06
48.7	1.90444e-06
48.8	1.88453e-06
48.9	1.86605e-06
49	1.84904e-06
49.1	1.83356e-06
49.2	1.81963e-06
49.3	1.8073e-06
49.4	1.79659e-06
49.5	1.78753e-06
49.6	1.78016e-06
49.7	1.77448e-06
49.8	1.77028e-06
49.9	1.76809e-06
50	1.76797e-06
50.1	1.76992e-06
50.2	1.77394e-06
50.3	1.78001e-06
50.4	1.78812e-06
50.5	1.79822e-06
50.6	1.8103e-06
50.7	1.8243e-06
50.8	1.8402e-06
50.9	1.85793e-06
51	1.87744e-06
51.1	1.89869e-06
51.2	1.92161e-06
51.3	1.94615e-06
51.4	1.97224e-06
51.5	1.99982e-06
51.6	2.0174e-06
51.7	2.03365e-06
51.8	2.05031e-06
51.9	2.06737e-06
52	2.08482e-06
52.1	2.10265e-06
52.2	2.12086e-06
52.3	2.13943e-06
52.4	2.15835e-06
52.5	2.17762e-06
52.6	2.19723e-06
52.7	2.21715e-06
52.8	2.2374e-06
52.9	2.25796e-06
53	2.27882e-06
53.1	2.29997e-06
53.2	2.3214e-06
53.3	2.34311e-06
53.4	2.36509e-06
53.5	2.38733e-06
53.6	2.40983e-06
53.7	2.43257e-06
53.8	2.45556e-06
53.9	2.47878e-06
54	2.50222e-06
54.1	2.52589e-06
54.2	2.52622e-06
54.3	2.52436e-06
54.4	2.52249e-06
54.5	2.52062e-06
54.6	2.51876e-06
54.7	2.5169e-06
54.8	2.51504e-06
54.9	2.51318e-06
55	2.51132e-06
55.1	2.50946e-06
55.2	2.50761e-06
55.3	2.50575e-06
55.4	2.5039e-06
55.5	2.50205e-06
55.6	2.5002e-06
55.7	2.49835e-06
55.8	2.4965e-06
55.9	2.49466e-06
56	2.49281e-06
56.1	2.49097e-06
56.2	2.48913e-06
56.3	2.48729e-06
56.4	2.48545e-06
56.5	2.48361e-06
56.6	2.48177e-06
56.7	2.47994e-06
56.8	2.4781e-06
56.9	2.47627e-06
57	2.47444e-06
57.1	2.47261e-06
57.2	2.47078e-06
57.3	2.46896e-06
57.4	2.44464e-06
57.5	2.41838e-06
57.6	2.39245e-06
57.7	2.36686e-06
57.8	2.3416e-06
57.9	2.31671e-06
58	2.29218e-06
58.1	2.26803e-06
58.2	2.24427e-06
58.3	2.22092e-06
58.4	2.19798e-06
58.5	2.17547e-06
58.6	2.15341e-06
58.7	2.13181e-06
58.8	2.11067e-06
58.9	2.09003e-06
59	2.06988e-06
59.1	2.05025e-06
59.2	2.03115e-06
59.3	2.01259e-06
59.4	1.9946e-06
59.5	1.97718e-06
59.6	1.96035e-06
59.7	1.94413e-06
59.8	1.92423e-06
59.9	1.9005e-06
60	1.87854e-06
60.1	1.85841e-06
60.2	1.84016e-06
60.3	1.82385e-06
60.4	1.80954e-06
60.5	1.79727e-06
60.6	1.78709e-06
60.7	1.77902e-06
60.8	1.77311e-06
60.9	1.76937e-06
61	1.76782e-06
61.1	1.76845e-06
61.2	1.77128e-06
61.3	1.77628e-06
61.4	1.78344e-06
61.5	1.79274e-06
61.6	1.80235e-06
61.7	1.81316e-06
61.8	1.82538e-06
61.9	1.83897e-06
62	1.85392e-06
62.1	1.87017e-06
62.2	1.88771e-06
62.3	1.9065e-06
62.4	1.92649e-06
62.5	1.94766e-06
62.6	1.96996e-06
62.7	1.99336e-06
62.8	2.01782e-06
62.9	2.04329e-06
63	2.06975e-06
63.1	2.09716e-06
63.2	2.12547e-06
63.3	2.15466e-06
63.4	2.18469e-06
63.5	2.21552e-06
63.6	2.23808e-06
63.7	2.2495e-06
63.8	2.26101e-06
63.9	2.27262e-06
64	2.28432e-06
64.1	2.29612e-06
64.2	2.308e-06
64.3	2.31996e-06
64.4	2.33202e-06
64.5	2.34416e-06
64.6	2.35638e-06
64.7	2.36868e-06
64.8	2.38107e-06
64.9	2.39353e-06
65	2.40607e-06
65.1	2.41869e-06
65.2	2.43139e-06
65.3	2.44416e-06
65.4	2.457e-06
65.5	2.46992e-06
65.6	2.48291e-06
65.7	2.49597e-06
65.8	2.50909e-06
65.9	2.52229e-06
66	2.53555e-06
66.1	2.54888e-06
66.2	2.56227e-06
66.3	2.57573e-06
66.4	2.58925e-06
66.5	2.60283e-06
66.6	2.60127e-06
66.7	2.58839e-06
66.8	2.57557e-06
66.9	2.5628e-06
67	2.55009e-06
67.1	2.53744e-06
67.2	2.52485e-06
67.3	2.51232e-06
67.4	2.49985e-06
67.5	2.48744e-06
67.6	2.4751e-06
67.7	2.46281e-06
67.8	2.4506e-06
67.9	2.43844e-06
68	2.42636e-06
68.1	2.41434e-06
68.2	2.40239e-06
68.3	2.39052e-06
68.4	2.37871e-06
68.5	2.36697e-06
68.6	2.35531e-06
68.7	2.34372e-06
68.8	2.33221e-06
68.9	2.32077e-06
69	2.30941e-06
69.1	2.29813e-06
69.2	2.28692e-06
69.3	2.2758e-06
69.4	2.26476e-06
69.5	2.25381e-06
69.6	2.23273e-06
69.7	2.2019e-06
69.8	2.17183e-06
69.9	2.14256e-06
70	2.11412e-06
70.1	2.08655e-06
70.2	2.05987e-06
70.3	2.03412e-06
70.4	2.00934e-06
70.5	1.98557e-06
70.6	1.96284e-06
70.7	1.94119e-06
70.8	1.92065e-06
70.9	1.90126e-06
71	1.88306e-06
71.1	1.86607e-06
71.2	1.85035e-06
71.3	1.83591e-06
71.4	1.82278e-06
71.5	1.81101e-06
71.6	1.8006e-06
71.7	1.79001e-06
71.8	1.78126e-06
71.9	1.77467e-06
72	1.77026e-06
72.1	1.76805e-06
72.2	1.76804e-06
72.3	1.77024e-06
72.4	1.77464e-06
72.5	1.78121e-06
72.6	1.78995e-06
72.7	1.80081e-06
72.8	1.81376e-06
72.9	1.82875e-06
73	1.84574e-06
73.1	1.86467e-06
73.2	1.88548e-06
73.3	1.9081e-06
73.4	1.92929e-06
73.5	1.94529e-06
73.6	1.96194e-06
73.7	1.97923e-06
73.8	1.99713e-06
73.9	2.01563e-06
74	2.03472e-06
74.1	2.05437e-06
74.2	2.07458e-06
74.3	2.09532e-06
74.4	2.11658e-06
74.5	2.13835e-06
74.6	2.1606e-06
74.7	2.18333e-06
74.8	2.20652e-06
74.9	2.23016e-06
75	2.25422e-06
75.1	2.27871e-06
75.2	2.30359e-06
75.3	2.32887e-06
75.4	2.35453e-06
75.5	2.38056e-06
75.6	2.40693e-06
75.7	2.43366e-06
75.8	2.45702e-06
75.9	2.4595e-06
76	2.46198e-06
76.1	2.46447e-06
76.2	2.46696e-06
76.3	2.46945e-06
76.4	2.47195e-06
76.5	2.47445e-06
76.6	2.47695e-06
76.7	2.47945e-06
76.8	2.48195e-06
76.9	2.48446e-06
77	2.48697e-06
77.1	2.48949e-06
77.2	2.492e-06
77.3	2.49452e-06
77.4	2.49704e-06
77.5	2.49957e-06
77.6	2.50209e-06
77.7	2.50462e-06
77.8	2.50715e-06
77.9	2.50969e-06
78	2.51222e-06
78.1	2.51476e-06
78.2	2.5173e-06
78.3	2.51985e-06
78.4	2.52239e-06
78.5	2.52494e-06
78.6	2.52749e-06
78.7	2.53005e-06
78.8	2.5326e-06
78.9	2.53516e-06
79	2.53295e-06
79.1	2.50988e-06
79.2	2.48701e-06
79.3	2.46435e-06
79.4	2.44191e-06
79.5	2.4197e-06
79.6	2.39771e-06
79.7	2.37597e-06
79.8	2.35447e-06
79.9	2.33321e-06
80	2.31222e-06
80.1	2.29149e-06
80.2	2.27104e-06
80.3	2.25086e-06
80.4	2.23097e-06
80.5	2.21138e-06
80.6	2.19208e-06
80.7	2.1731e-06
80.8	2.15444e-06
80.9	2.13611e-06
81	2.11811e-06
81.1	2.10045e-06
81.2	2.08315e-06
81.3	2.06621e-06
81.4	2.04964e-06
81.5	2.03346e-06
81.6	2.01766e-06
81.7	1.98981e-06
81.8	1.96293e-06
81.9	1.93754e-06
82	1.9137e-06
82.1	1.89148e-06
82.2	1.87093e-06
82.3	1.8521e-06
82.4	1.83505e-06
82.5	1.81984e-06
82.6	1.8065e-06
82.7	1.79507e-06
82.8	1.7856e-06
82.9	1.77812e-06
83	1.77265e-06
83.1	1.7692e-06
83.2	1.7678e-06
83.3	1.76845e-06
83.4	1.77113e-06
83.5	1.77553e-06
83.6	1.78164e-06
83.7	1.78948e-06
83.8	1.79903e-06
83.9	1.81026e-06
84	1.82315e-06
84.1	1.83766e-06
84.2	1.85375e-06
84.3	1.87137e-06
84.4	1.89049e-06
84.5	1.91107e-06
84.6	1.93305e-06
84.7	1.95638e-06
84.8	1.98103e-06
84.9	2.00694e-06
85	2.03406e-06
85.1	2.06235e-06
85.2	2.09175e-06
85.3	2.12223e-06
85.4	2.14304e-06
85.5	2.15709e-06
85.6	2.17134e-06
85.7	2.18577e-06
85.8	2.20038e-06
85.9	2.21517e-06
86	2.23013e-06
86.1	2.24527e-06
86.2	2.26057e-06
86.3	2.27604e-06
86.4	2.29168e-06
86.5	2.30747e-06
86.6	2.32341e-06
86.7	2.33951e-06
86.8	2.35575e-06
86.9	2.37215e-06
87	2.38868e-06
87.1	2.40535e-06
87.2	2.42216e-06
87.3	2.43911e-06
87.4	2.45618e-06
87.5	2.47339e-06
87.6	2.49072e-06
87.7	2.50817e-06
87.8	2.52575e-06
87.9	2.54344e-06
88	2.56125e-06
88.1	2.57917e-06
88.2	2.59136e-06
88.3	2.58302e-06
88.4	2.57471e-06
88.5	2.56642e-06
88.6	2.55816e-06
88.7	2.54992e-06
88.8	2.5417e-06
88.9	2.53351e-06
89	2.52535e-06
89.1	2.51721e-06
89.2	2.50909e-06
89.3	2.501e-06
89.4	2.49294e-06
89.5	2.4849e-06
89.6	2.47689e-06
89.7	2.46891e-06
89.8	2.46096e-06
89.9	2.45303e-06
90	2.44513e-06
90.1	2.43725e-06
90.2	2.42941e-06
90.3	2.42159e-06
90.4	2.4138e-06
90.5	2.40604e-06
90.6	2.39831e-06
90.7	2.39061e-06
90.8	2.38294e-06
90.9	2.3753e-06
91	2.36769e-06
91.1	2.36011e-06
91.2	2.35257e-06
91.3	2.34429e-06
91.4	2.31428e-06
91.5	2.2848e-06
91.6	2.25587e-06
91.7	2.22753e-06
91.8	2.19979e-06
91.9	2.17267e-06
92	2.1462e-06
92.1	2.1204e-06
92.2	2.09529e-06
92.3	2.07091e-06
92.4	2.04728e-06
92.5	2.02442e-06
92.6	2.00236e-06
92.7	1.98113e-06
92.8	1.96075e-06
92.9	1.94125e-06
93	1.92266e-06
93.1	1.905e-06
93.2	1.88831e-06
93.3	1.8726e-06
93.4	1.8579e-06
93.5	1.84424e-06
93.6	1.82746e-06
93.7	1.81247e-06
93.8	1.79957e-06
93.9	1.78881e-06
94	1.78024e-06
94.1	1.77388e-06
94.2	1.76976e-06
94.3	1.76789e-06
94.4	1.76828e-06
94.5	1.77093e-06
94.6	1.77583e-06
94.7	1.78297e-06
94.8	1.7923e-06
94.9	1.80381e-06
95	1.81744e-06
95.1	1.83316e-06
95.2	1.8509e-06
95.3	1.86695e-06
95.4	1.88179e-06
95.5	1.89757e-06
95.6	1.91426e-06
95.7	1.93184e-06
95.8	1.95029e-06
95.9	1.96958e-06
96	1.98968e-06
96.1	2.01057e-06
96.2	2.03224e-06
96.3	2.05464e-06
96.4	2.07777e-06
96.5	2.10159e-06
96.6	2.12608e-06
96.7	2.15122e-06
96.8	2.17699e-06
96.9	2.20336e-06
97	2.23031e-06
97.1	2.25783e-06
97.2	2.28589e-06
97.3	2.31447e-06
97.4	2.34356e-06
97.5	2.3709e-06
97.6	2.37741e-06
97.7	2.38394e-06
97.8	2.3905e-06
97.9	2.39708e-06
98	2.40368e-06
98.1	2.4103e-06
98.2	2.41695e-06
98.3	2.42361e-06
98.4	2.4303e-06
98.5	2.43701e-06
98.6	2.44373e-06
98.7	2.45048e-06
98.8	2.45725e-06
98.9	2.46403e-06
99	2.47084e-06
99.1	2.47767e-06
99.2	2.48452e-06
99.3	2.49138e-06
99.4	2.49827e-06
99.5	2.50517e-06
99.6	2.51209e-06
99.7	2.51904e-06
99.8	2.526e-06
99.9	2.53298e-06
100	2.53997e-06
100.1	2.54699e-06
100.2	2.55402e-06
100.3	2.56107e-06
100.4	2.56814e-06
100.5	2.57523e-06
100.6	2.58234e-06
100.7	2.57158e-06
100.8	2.55253e-06
100.9	2.5336e-06
101	2.51481e-06
101.1	2.49616e-06
101.2	2.47764e-06
101.3	2.45926e-06
101.4	2.44104e-06
101.5	2.42296e-06
101.6	2.40503e-06
101.7	2.38726e-06
101.8	2.36964e-06
101.9	2.35219e-06
102	2.33491e-06
102.1	2.3178e-06
102.2	2.30086e-06
102.3	2.2841e-06
102.4	2.26752e-06
102.5	2.25112e-06
102.6	2.23492e-06
102.7	2.21891e-06
102.8	2.2031e-06
102.9	2.18749e-06
103	2.17209e-06
103.1	2.1569e-06
103.2	2.14192e-06
103.3	2.12717e-06
103.4	2.11264e-06
103.5	2.0862e-06
103.6	2.05649e-06
103.7	2.02794e-06
103.8	2.00062e-06
103.9	1.97457e-06
104	1.94983e-06
104.1	1.92647e-06
104.2	1.90452e-06
104.3	1.88405e-06
104.4	1.86509e-06
104.5	1.84771e-06
104.6	1.83193e-06
104.7	1.8178e-06
104.8	1.80537e-06
104.9	1.79466e-06
105	1.78571e-06
105.1	1.77854e-06
105.2	1.77318e-06
105.3	1.76964e-06
105.4	1.76791e-06
105.5	1.76815e-06
105.6	1.77038e-06
105.7	1.77461e-06
105.8	1.7808e-06
105.9	1.78895e-06
106	1.79902e-06
106.1	1.81099e-06
106.2	1.82481e-06
106.3	1.84045e-06
106.4	1.85785e-06
106.5	1.87698e-06
106.6	1.89777e-06
106.7	1.92018e-06
106.8	1.94415e-06
106.9	1.96961e-06
107	1.99652e-06
107.1	2.02482e-06
107.2	2.04787e-06
107.3	2.06357e-06
107.4	2.0796e-06
107.5	2.09597e-06
107.6	2.11265e-06
107.7	2.12965e-06
107.8	2.14695e-06
107.9	2.16456e-06
108	2.18245e-06
108.1	2.20063e-06
108.2	2.21908e-06
108.3	2.23781e-06
108.4	2.2568e-06
108.5	2.27605e-06
108.6	2.29555e-06
108.7	2.31529e-06
108.8	2.33527e-06
108.9	2.35548e-06
109	2.37592e-06
109.1	2.39658e-06
109.2	2.41746e-06
109.3	2.43854e-06
109.4	2.45983e-06
109.5	2.48131e-06
109.6	2.50299e-06
109.7	2.52486e-06
109.8	2.54691e-06
109.9	2.54934e-06
110	2.54557e-06
110.1	2.54181e-06
110.2	2.53805e-06
110.3	2.5343e-06
110.4	2.53056e-06
110.5	2.52682e-06
110.6	2.52308e-06
110.7	2.51935e-06
110.8	2.51563e-06
110.9	2.51191e-06
111	2.5082e-06
111.1	2.50449e-06
111.2	2.50079e-06
111.3	2.49709e-06
111.4	2.4934e-06
111.5	2.48971e-06
111.6	2.48603e-06
111.7	2.48236e-06
111.8	2.47869e-06
111.9	2.47502e-06
112	2.47136e-06
112.1	2.46771e-06
112.2	2.46407e-06
112.3	2.46042e-06
112.4	2.45679e-06
112.5	2.45316e-06
112.6	2.44954e-06
112.7	2.44592e-06
112.8	2.44231e-06
112.9	2.4387e-06
113	2.4351e-06
113.1	2.40984e-06
113.2	2.3824e-06
113.3	2.35535e-06
113.4	2.32869e-06
113.5	2.30243e-06
113.6	2.2766e-06
113.7	2.25121e-06
113.8	2.22627e-06
113.9	2.2018e-06
114	2.17782e-06
114.1	2.15433e-06
114.2	2.13136e-06
114.3	2.10892e-06
114.4	2.08703e-06
114.5	2.06571e-06
114.6	2.04498e-06
114.7	2.02485e-06
114.8	2.00534e-06
114.9	1.98648e-06
115	1.96827e-06
115.1	1.95073e-06
115.2	1.9339e-06
115.3	1.91778e-06
115.4	1.90103e-06
115.5	1.87884e-06
115.6	1.85851e-06
115.7	1.8401e-06
115.8	1.82366e-06
115.9	1.80926e-06
116	1.79694e-06
116.1	1.78674e-06
116.2	1.7787e-06
116.3	1.77284e-06
116.4	1.7692e-06
116.5	1.76779e-06
116.6	1.7686e-06
116.7	1.77164e-06
116.8	1.7769e-06
116.9	1.78435e-06
117	1.79397e-06
117.1	1.80572e-06
117.2	1.81737e-06
117.3	1.82957e-06
117.4	1.84303e-06
117.5	1.85773e-06
117.6	1.87364e-06
117.7	1.89073e-06
117.8	1.90896e-06
117.9	1.92831e-06
118	1.94873e-06
118.1	1.97021e-06
118.2	1.99269e-06
118.3	2.01616e-06
118.4	2.04057e-06
118.5	2.0659e-06
118.6	2.0921e-06
118.7	2.11915e-06
118.8	2.14702e-06
118.9	2.17566e-06
119	2.20506e-06
119.1	2.23518e-06
119.2	2.266e-06
119.3	2.28198e-06
119.4	2.29209e-06
119.5	2.30227e-06
119.6	2.31251e-06
119.7	2.32282e-06
119.8	2.33319e-06
119.9	2.34363e-06
120	2.35412e-06
120.1	2.36468e-06
120.2	2.37529e-06
120.3	2.38597e-06
120.4	2.3967e-06
120.5	2.40749e-06
120.6	2.41834e-06
120.7	2.42925e-06
120.8	2.44021e-06
120.9	2.45122e-06
121	2.46229e-06
121.1	2.47341e-06
121.2	2.48458e-06
121.3	2.49581e-06
121.4	2.50709e-06
121.5	2.51841e-06
121.6	2.52979e-06
121.7	2.54122e-06
121.8	2.55269e-06
121.9	2.56421e-06
122	2.57578e-06
122.1	2.5874e-06
122.2	2.59906e-06
122.3	2.60255e-06
122.4	2.58776e-06
122.5	2.57304e-06
122.6	2.55841e-06
122.7	2.54384e-06
122.8	2.52936e-06
122.9	2.51495e-06
123	2.50062e-06
123.1	2.48638e-06
123.2	2.47222e-06
123.3	2.45814e-06
123.4	2.44415e-06
123.5	2.43024e-06
123.6	2.41643e-06
123.7	2.4027e-06
123.8	2.38907e-06
123.9	2.37553e-06
124	2.36208e-06
124.1	2.34874e-06
124.2	2.33549e-06
124.3	2.32234e-06
124.4	2.30929e-06
124.5	2.29634e-06
124.6	2.28351e-06
124.7	2.27077e-06
124.8	2.25815e-06
124.9	2.24564e-06
125	2.23324e-06
125.1	2.22095e-06
125.2	2.20878e-06
125.3	2.18101e-06
125.4	2.15039e-06
125.5	2.12066e-06
125.6	2.09185e-06
125.7	2.064e-06
125.8	2.03715e-06
125.9	2.01134e-06
126	1.9866e-06
126.1	1.96299e-06
126.2	1.94053e-06
126.3	1.91928e-06
126.4	1.89927e-06
126.5	1.88054e-06
126.6	1.86312e-06
126.7	1.84707e-06
126.8	1.83241e-06
126.9	1.81917e-06
127	1.8074e-06
127.1	1.79711e-06
127.2	1.78833e-06
127.3	1.78031e-06
127.4	1.77405e-06
127.5	1.76992e-06
127.6	1.76795e-06
127.7	1.76814e-06
127.8	1.77048e-06
127.9	1.77498e-06
128	1.7816e-06
128.1	1.79034e-06
128.2	1.80116e-06
128.3	1.81401e-06
128.4	1.82887e-06
128.5	1.84568e-06
128.6	1.86438e-06
128.7	1.88493e-06
128.8	1.90726e-06
128.9	1.9313e-06
129	1.95666e-06
129.1	1.97266e-06
129.2	1.98922e-06
129.3	2.0063e-06
129.4	2.02391e-06
129.5	2.04202e-06
129.6	2.06063e-06
129.7	2.07972e-06
129.8	2.09928e-06
129.9	2.11929e-06
130	2.13974e-06
130.1	2.16062e-06
130.2	2.18192e-06
130.3	2.20362e-06
130.4	2.22572e-06
130.5	2.2482e-06
130.6	2.27105e-06
130.7	2.29425e-06
130.8	2.31781e-06
130.9	2.3417e-06
131	2.36592e-06
131.1	2.39046e-06
131.2	2.41531e-06
131.3	2.44045e-06
131.4	2.46589e-06
131.5	2.48902e-06
131.6	2.48969e-06
131.7	2.49037e-06
131.8	2.49104e-06
131.9	2.49171e-06
132	2.49239e-06
132.1	2.49306e-06
132.2	2.49374e-06
132.3	2.49441e-06
132.4	2.49508e-06
132.5	2.49576e-06
132.6	2.49643e-06
132.7	2.49711e-06
132.8	2.49778e-06
132.9	2.49846e-06
133	2.49914e-06
133.1	2.49981e-06
133.2	2.50049e-06
133.3	2.50116e-06
133.4	2.50184e-06
133.5	2.50252e-06
133.6	2.50319e-06
133.7	2.50387e-06
133.8	2.50455e-06
133.9	2.50523e-06
134	2.5059e-06
134.1	2.50658e-06
134.2	2.50726e-06
134.3	2.50794e-06
134.4	2.50862e-06
134.5	2.50929e-06
134.6	2.50997e-06
134.7	2.50918e-06
134.8	2.48455e-06
134.9	2.46017e-06
135	2.43604e-06
135.1	2.41218e-06
135.2	2.38859e-06
135.3	2.36528e-06
135.4	2.34226e-06
135.5	2.31953e-06
135.6	2.2971e-06
135.7	2.27499e-06
135.8	2.25321e-06
135.9	2.23175e-06
136	2.21064e-06
136.1	2.18987e-06
136.2	2.16947e-06
136.3	2.14945e-06
136.4	2.1298e-06
136.5	2.11055e-06
136.6	2.0917e-06
136.7	2.07327e-06
136.8	2.05527e-06
136.9	2.0377e-06
137	2.02058e-06
137.1	2.00392e-06
137.2	1.98774e-06
137.3	1.96528e-06
137.4	1.93934e-06
137.5	1.91499e-06
137.6	1.89231e-06
137.7	1.87136e-06
137.8	1.85219e-06
137.9	1.83486e-06
138	1.81942e-06
138.1	1.80593e-06
138.2	1.79442e-06
138.3	1.78493e-06
138.4	1.7775e-06
138.5	1.77215e-06
138.6	1.7689e-06
138.7	1.76777e-06
138.8	1.76875e-06
138.9	1.77184e-06
139	1.77704e-06
139.1	1.78365e-06
139.2	1.79169e-06
139.3	1.80134e-06
139.4	1.81256e-06
139.5	1.82533e-06
139.6	1.83962e-06
139.7	1.85539e-06
139.8	1.87261e-06
139.9	1.89122e-06
140	1.91121e-06
140.1	1.93251e-06
140.2	1.95509e-06
140.3	1.9789e-06
140.4	2.00391e-06
140.5	2.03006e-06
140.6	2.05731e-06
140.7	2.08563e-06
140.8	2.11495e-06
140.9	2.14526e-06
141	2.17621e-06
141.1	2.18917e-06
141.2	2.20228e-06
141.3	2.21553e-06
141.4	2.22892e-06
141.5	2.24245e-06
141.6	2.25611e-06
141.7	2.26991e-06
141.8	2.28384e-06
141.9	2.29789e-06
142	2.31207e-06
142.1	2.32638e-06
142.2	2.3408e-06
142.3	2.35535e-06
142.4	2.37001e-06
142.5	2.38479e-06
142.6	2.39968e-06
142.7	2.41467e-06
142.8	2.42978e-06
142.9	2.445e-06
143	2.46031e-06
143.1	2.47574e-06
143.2	2.49126e-06
143.3	2.50688e-06
143.4	2.52259e-06
143.5	2.53841e-06
143.6	2.55431e-06
143.7	2.57031e-06
143.8	2.58639e-06
143.9	2.60257e-06
144	2.59296e-06
144.1	2.58271e-06
144.2	2.5725e-06
144.3	2.56233e-06
144.4	2.55219e-06
144.5	2.54209e-06
144.6	2.53203e-06
144.7	2.522e-06
144.8	2.51202e-06
144.9	2.50207e-06
145	2.49216e-06
145.1	2.48229e-06
145.2	2.47246e-06
145.3	2.46267e-06
145.4	2.45293e-06
145.5	2.44322e-06
145.6	2.43356e-06
145.7	2.42394e-06
145.8	2.41436e-06
145.9	2.40483e-06
146	2.39534e-06
146.1	2.38589e-06
146.2	2.37649e-06
146.3	2.36714e-06
146.4	2.35783e-06
146.5	2.34857e-06
146.6	2.33936e-06
146.7	2.3302e-06
146.8	2.32108e-06
146.9	2.31201e-06
147	2.29841e-06
147.1	2.26787e-06
147.2	2.23795e-06
147.3	2.20868e-06
147.4	2.18008e-06
147.5	2.15219e-06
147.6	2.12503e-06
147.7	2.09862e-06
147.8	2.07301e-06
147.9	2.04821e-06
148	2.02426e-06
148.1	2.00119e-06
148.2	1.97902e-06
148.3	1.9578e-06
148.4	1.93754e-06
148.5	1.91829e-06
148.6	1.90007e-06
148.7	1.88291e-06
148.8	1.86684e-06
148.9	1.85189e-06
149	1.83808e-06
149.1	1.82545e-06
149.2	1.81151e-06
149.3	1.79879e-06
149.4	1.7882e-06
149.5	1.77979e-06
149.6	1.77358e-06
149.7	1.76959e-06
149.8	1.76785e-06
149.9	1.76836e-06
150	1.77111e-06
150.1	1.7761e-06
150.2	1.7833e-06
150.3	1.7927e-06
150.4	1.80425e-06
150.5	1.81792e-06
150.6	1.83365e-06
150.7	1.85141e-06
150.8	1.87111e-06
150.9	1.8899e-06
151	1.9053e-06
151.1	1.9215e-06
151.2	1.9385e-06
151.3	1.95627e-06
151.4	1.97479e-06
151.5	1.99404e-06
151.6	2.014e-06
151.7	2.03464e-06
151.8	2.05595e-06
151.9	2.0779e-06
152	2.10048e-06
152.1	2.12366e-06
152.2	2.14743e-06
152.3	2.17177e-06
152.4	2.19666e-06
152.5	2.22207e-06
152.6	2.248e-06
152.7	2.27442e-06
152.8	2.30131e-06
152.9	2.32867e-06
153	2.35647e-06
153.1	2.3847e-06
153.2	2.40911e-06
153.3	2.41397e-06
153.4	2.41884e-06
153.5	2.42372e-06
153.6	2.42861e-06
153.7	2.43352e-06
153.8	2.43843e-06
153.9	2.44336e-06
154	2.44829e-06
154.1	2.45324e-06
154.2	2.4582e-06
154.3	2.46317e-06
154.4	2.46814e-06
154.5	2.47313e-06
154.6	2.47814e-06
154.7	2.48315e-06
154.8	2.48817e-06
154.9	2.4932e-06
155	2.49824e-06
155.1	2.50329e-06
155.2	2.50836e-06
155.3	2.51343e-06
155.4	2.51851e-06
155.5	2.5236e-06
155.6	2.52871e-06
155.7	2.53382e-06
155.8	2.53894e-06
155.9	2.54407e-06
156	2.54921e-06
156.1	2.55436e-06
156.2	2.55953e-06
156.3	2.5647e-06
156.4	2.55763e-06
156.5	2.53683e-06
156.6	2.51618e-06
156.7	2.4957e-06
156.8	2.47539e-06
156.9	2.45525e-06
157	2.43529e-06
157.1	2.41551e-06
157.2	2.39591e-06
157.3	2.37651e-06
157.4	2.35729e-06
157.5	2.33828e-06
157.6	2.31947e-06
157.7	2.30087e-06
157.8	2.28248e-06
157.9	2.26432e-06
158	2.24637e-06
158.1	2.22866e-06
158.2	2.21119e-06
158.3	2.19395e-06
158.4	2.17696e-06
158.5	2.16023e-06
158.6	2.14375e-06
158.7	2.12754e-06
158.8	2.1116e-06
158.9	2.09594e-06
159	2.08056e-06
159.1	2.06176e-06
159.2	2.03229e-06
159.3	2.00409e-06
159.4	1.97722e-06
159.5	1.95174e-06
159.6	1.92769e-06
159.7	1.90513e-06
159.8	1.88411e-06
159.9	1.86469e-06
160	1.84692e-06
160.1	1.83085e-06
160.2	1.81651e-06
160.3	1.80396e-06
160.4	1.79322e-06
160.5	1.78434e-06
160.6	1.77733e-06
160.7	1.77223e-06
160.8	1.76904e-06
160.9	1.76779e-06
161	1.76846e-06
161.1	1.77104e-06
161.2	1.77551e-06
161.3	1.78187e-06
161.4	1.79009e-06
161.5	1.80015e-06
161.6	1.81202e-06
161.7	1.82566e-06
161.8	1.84103e-06
161.9	1.85809e-06
162	1.87679e-06
162.1	1.89709e-06
162.2	1.91894e-06
162.3	1.94227e-06
162.4	1.96705e-06
162.5	1.99321e-06
162.6	2.0207e-06
162.7	2.04947e-06
162.8	2.07947e-06
162.9	2.09457e-06
163	2.10983e-06
163.1	2.12536e-06
163.2	2.14115e-06
163.3	2.15719e-06
163.4	2.17347e-06
163.5	2.19e-06
163.6	2.20677e-06
163.7	2.22377e-06
163.8	2.24099e-06
163.9	2.25844e-06
164	2.2761e-06
164.1	2.29397e-06
164.2	2.31205e-06
164.3	2.33032e-06
164.4	2.3488e-06
164.5	2.36747e-06
164.6	2.38632e-06
164.7	2.40536e-06
164.8	2.42457e-06
164.9	2.44396e-06
165	2.46352e-06
165.1	2.48325e-06
165.2	2.50314e-06
165.3	2.52319e-06
165.4	2.54339e-06
165.5	2.56374e-06
165.6	2.56922e-06
165.7	2.56354e-06
165.8	2.55786e-06
165.9	2.55219e-06
166	2.54654e-06
166.1	2.5409e-06
166.2	2.53527e-06
166.3	2.52965e-06
166.4	2.52405e-06
166.5	2.51845e-06
166.6	2.51287e-06
166.7	2.5073e-06
166.8	2.50174e-06
166.9	2.4962e-06
167	2.49066e-06
167.1	2.48514e-06
167.2	2.47963e-06
167.3	2.47414e-06
167.4	2.46866e-06
167.5	2.46319e-06
167.6	2.45773e-06
167.7	2.45228e-06
167.8	2.44685e-06
167.9	2.44143e-06
168	2.43603e-06
168.1	2.43064e-06
168.2	2.42526e-06
168.3	2.4199e-06
168.4	2.41454e-06
168.5	2.40921e-06
168.6	2.40388e-06
168.7	2.39857e-06
168.8	2.37124e-06
168.9	2.3428e-06
169	2.31481e-06
169.1	2.28729e-06
169.2	2.26025e-06
169.3	2.23371e-06
169.4	2.20768e-06
169.5	2.1822e-06
169.6	2.15727e-06
169.7	2.13292e-06
169.8	2.10916e-06
169.9	2.08601e-06
170	2.06351e-06
170.1	2.04166e-06
170.2	2.02049e-06
170.3	2.00002e-06
170.4	1.98028e-06
170.5	1.96127e-06
170.6	1.94304e-06
170.7	1.92559e-06
170.8	1.90895e-06
170.9	1.89314e-06
171	1.87818e-06
171.1	1.85832e-06
171.2	1.83983e-06
171.3	1.82335e-06
171.4	1.80891e-06
171.5	1.79659e-06
171.6	1.7864e-06
171.7	1.77841e-06
171.8	1.77262e-06
171.9	1.76907e-06
172	1.76777e-06
172.1	1.76873e-06
172.2	1.77193e-06
172.3	1.77737e-06
172.4	1.78503e-06
172.5	1.79488e-06
172.6	1.80688e-06
172.7	1.82099e-06
172.8	1.83485e-06
172.9	1.8482e-06
173	1.86267e-06
173.1	1.87825e-06
173.2	1.8949e-06
173.3	1.91259e-06
173.4	1.9313e-06
173.5	1.95099e-06
173.6	1.97165e-06
173.7	1.99323e-06
173.8	2.01571e-06
173.9	2.03905e-06
174	2.06324e-06
174.1	2.08823e-06
174.2	2.114e-06
174.3	2.14053e-06
174.4	2.16778e-06
174.5	2.19573e-06
174.6	2.22435e-06
174.7	2.25362e-06
174.8	2.28351e-06
174.9	2.31399e-06
175	2.32396e-06
175.1	2.33264e-06
175.2	2.34135e-06
175.3	2.35011e-06
175.4	2.35891e-06
175.5	2.36776e-06
175.6	2.37665e-06
175.7	2.38558e-06
175.8	2.39454e-06
175.9	2.40355e-06
176	2.4126e-06
176.1	2.42169e-06
176.2	2.43082e-06
176.3	2.43999e-06
176.4	2.44919e-06
176.5	2.45844e-06
176.6	2.46772e-06
176.7	2.47703e-06
176.8	2.48639e-06
176.9	2.49578e-06
177	2.5052e-06
177.1	2.51466e-06
177.2	2.52416e-06
177.3	2.53369e-06
177.4	2.54325e-06
177.5	2.55285e-06
177.6	2.56248e-06
177.7	2.57215e-06
177.8	2.58184e-06
177.9	2.59157e-06
178	2.59992e-06
178.1	2.58325e-06
178.2	2.56668e-06
178.3	2.5502e-06
178.4	2.53382e-06
178.5	2.51754e-06
178.6	2.50136e-06
178.7	2.48528e-06
178.8	2.46931e-06
178.9	2.45345e-06
179	2.4377e-06
179.1	2.42206e-06
179.2	2.40653e-06
179.3	2.39112e-06
179.4	2.37583e-06
179.5	2.36066e-06
179.6	2.34562e-06
179.7	2.3307e-06
179.8	2.3159e-06
179.9	2.30124e-06
180	2.28671e-06
180.1	2.27232e-06
180.2	2.25807e-06
180.3	2.24396e-06
180.4	2.22999e-06
180.5	2.21617e-06
180.6	2.20249e-06
180.7	2.18897e-06
180.8	2.1756e-06
180.9	2.15896e-06
181	2.12798e-06
181.1	2.09797e-06
181.2	2.06897e-06
181.3	2.04104e-06
181.4	2.01421e-06
181.5	1.98853e-06
181.6	1.96404e-06
181.7	1.94079e-06
181.8	1.91882e-06
181.9	1.89818e-06
182	1.87891e-06
182.1	1.86106e-06
182.2	1.84466e-06
182.3	1.82976e-06
182.4	1.81639e-06
182.5	1.80458e-06
182.6	1.79437e-06
182.7	1.78579e-06
182.8	1.77885e-06
182.9	1.77328e-06
183	1.76952e-06
183.1	1.76786e-06
183.2	1.76829e-06
183.3	1.77082e-06
183.4	1.77544e-06
183.5	1.78213e-06
183.6	1.79086e-06
183.7	1.80162e-06
183.8	1.81436e-06
183.9	1.82904e-06
184	1.84561e-06
184.1	1.86403e-06
184.2	1.88424e-06
184.3	1.90618e-06
184.4	1.9298e-06
184.5	1.95503e-06
184.6	1.98181e-06
184.7	2.00146e-06
184.8	2.01772e-06
184.9	2.03443e-06
185	2.05158e-06
185.1	2.06914e-06
185.2	2.08712e-06
185.3	2.1055e-06
185.4	2.12428e-06
185.5	2.14343e-06
185.6	2.16296e-06
185.7	2.18284e-06
185.8	2.20308e-06
185.9	2.22366e-06
186	2.24457e-06
186.1	2.26581e-06
186.2	2.28736e-06
186.3	2.30922e-06
186.4	2.33137e-06
186.5	2.35381e-06
186.6	2.37653e-06
186.7	2.39952e-06
186.8	2.42278e-06
186.9	2.4463e-06
187	2.47006e-06
187.1	2.49407e-06
187.2	2.51812e-06
187.3	2.51694e-06
187.4	2.51575e-06
187.5	2.51457e-06
187.6	2.51339e-06
187.7	2.51222e-06
187.8	2.51104e-06
187.9	2.50986e-06
188	2.50868e-06
188.1	2.5075e-06
188.2	2.50633e-06
188.3	2.50515e-06
188.4	2.50398e-06
188.5	2.5028e-06
188.6	2.50163e-06
188.7	2.50045e-06
188.8	2.49928e-06
188.9	2.49811e-06
189	2.49694e-06
189.1	2.49576e-06
189.2	2.49459e-06
189.3	2.49342e-06
189.4	2.49225e-06
189.5	2.49108e-06
189.6	2.48991e-06
189.7	2.48875e-06
189.8	2.48758e-06
189.9	2.48641e-06
190	2.48524e-06
190.1	2.48408e-06
190.2	2.48291e-06
190.3	2.48175e-06
190.4	2.48058e-06
190.5	2.45513e-06
190.6	2.42937e-06
190.7	2.4039e-06
190.8	2.37876e-06
190.9	2.35393e-06
191	2.32944e-06
191.1	2.30529e-06
191.2	2.2815e-06
191.3	2.25808e-06
191.4	2.23504e-06
191.5	2.21238e-06
191.6	2.19013e-06
191.7	2.16829e-06
191.8	2.14688e-06
191.9	2.12591e-06
192	2.1054e-06
192.1	2.08535e-06
192.2	2.06578e-06
192.3	2.04671e-06
192.4	2.02815e-06
192.5	2.0101e-06
192.6	1.9926e-06
192.7	1.97564e-06
192.8	1.95925e-06
192.9	1.94093e-06
193	1.91617e-06
193.1	1.89311e-06
193.2	1.87182e-06
193.3	1.85236e-06
193.4	1.8348e-06
193.5	1.81917e-06
193.6	1.80554e-06
193.7	1.79395e-06
193.8	1.78445e-06
193.9	1.77705e-06
194	1.7718e-06
194.1	1.7687e-06
194.2	1.76777e-06
194.3	1.76902e-06
194.4	1.77244e-06
194.5	1.77801e-06
194.6	1.78572e-06
194.7	1.79455e-06
194.8	1.80433e-06
194.9	1.81558e-06
195	1.82826e-06
195.1	1.84235e-06
195.2	1.85782e-06
195.3	1.87463e-06
195.4	1.89275e-06
195.5	1.91213e-06
195.6	1.93275e-06
195.7	1.95456e-06
195.8	1.97753e-06
195.9	2.00161e-06
196	2.02676e-06
196.1	2.05295e-06
196.2	2.08013e-06
196.3	2.10827e-06
196.4	2.13733e-06
196.5	2.16727e-06
196.6	2.19806e-06
196.7	2.22217e-06
196.8	2.23404e-06
196.9	2.24601e-06
197	2.25809e-06
197.1	2.27028e-06
197.2	2.28256e-06
197.3	2.29495e-06
197.4	2.30743e-06
197.5	2.32001e-06
197.6	2.33269e-06
197.7	2.34545e-06
197.8	2.35832e-06
197.9	2.37127e-06
198	2.38431e-06
198.1	2.39744e-06
198.2	2.41065e-06
198.3	2.42395e-06
198.4	2.43733e-06
198.5	2.4508e-06
198.6	2.46434e-06
198.7	2.47797e-06
198.8	2.49167e-06
198.9	2.50545e-06
199	2.5193e-06
199.1	2.53323e-06
199.2	2.54724e-06
199.3	2.56131e-06
199.4	2.57545e-06
199.5	2.58967e-06
199.6	2.60395e-06
199.7	2.59927e-06
199.8	2.5871e-06
199.9	2.57498e-06
200	2.5629e-06
200.1	2.55088e-06
200.2	2.53891e-06
200.3	2.52699e-06
200.4	2.51513e-06
200.5	2.50332e-06
200.6	2.49156e-06
200.7	2.47987e-06
200.8	2.46822e-06
200.9	2.45664e-06
201	2.44511e-06
201.1	2.43365e-06
201.2	2.42224e-06
201.3	2.4109e-06
201.4	2.39961e-06
201.5	2.38839e-06
201.6	2.37723e-06
201.7	2.36614e-06
201.8	2.35511e-06
201.9	2.34415e-06
202	2.33326e-06
202.1	2.32243e-06
202.2	2.31167e-06
202.3	2.30099e-06
202.4	2.29037e-06
202.5	2.27983e-06
202.6	2.26935e-06
202.7	2.24966e-06
202.8	2.21888e-06
202.9	2.18882e-06
203	2.15951e-06
203.1	2.131e-06
203.2	2.1033e-06
203.3	2.07645e-06
203.4	2.05048e-06
203.5	2.02544e-06
203.6	2.00135e-06
203.7	1.97824e-06
203.8	1.95616e-06
203.9	1.93514e-06
204	1.91521e-06
204.1	1.89641e-06
204.2	1.87877e-06
204.3	1.86233e-06
204.4	1.84711e-06
204.5	1.83314e-06
204.6	1.82046e-06
204.7	1.8091e-06
204.8	1.7977e-06
204.9	1.78738e-06
205	1.7792e-06
205.1	1.7732e-06
205.2	1.7694e-06
205.3	1.76782e-06
205.4	1.76845e-06
205.5	1.77131e-06
205.6	1.77637e-06
205.7	1.78362e-06
205.8	1.79304e-06
205.9	1.80458e-06
206	1.81821e-06
206.1	1.83388e-06
206.2	1.85154e-06
206.3	1.87114e-06
206.4	1.8926e-06
206.5	1.91479e-06
206.6	1.93051e-06
206.7	1.94693e-06
206.8	1.96403e-06
206.9	1.98179e-06
207	2.00019e-06
207.1	2.01922e-06
207.2	2.03885e-06
207.3	2.05908e-06
207.4	2.07987e-06
207.5	2.10123e-06
207.6	2.12312e-06
207.7	2.14553e-06
207.8	2.16845e-06
207.9	2.19186e-06
208	2.21575e-06
208.1	2.2401e-06
208.2	2.26489e-06
208.3	2.29011e-06
208.4	2.31575e-06
208.5	2.34179e-06
208.6	2.36822e-06
208.7	2.39502e-06
208.8	2.42219e-06
208.9	2.44477e-06
209	2.4479e-06
209.1	2.45103e-06
209.2	2.45417e-06
209.3	2.45732e-06
209.4	2.46046e-06
209.5	2.46361e-06
209.6	2.46677e-06
209.7	2.46993e-06
209.8	2.47309e-06
209.9	2.47626e-06
210	2.47943e-06
210.1	2.48261e-06
210.2	2.48579e-06
210.3	2.48898e-06
210.4	2.49217e-06
210.5	2.49536e-06
210.6	2.49856e-06
210.7	2.50176e-06
210.8	2.50496e-06
210.9	2.50817e-06
211	2.51139e-06
211.1	2.51461e-06
211.2	2.51783e-06
211.3	2.52105e-06
211.4	2.52428e-06
211.5	2.52752e-06
211.6	2.53076e-06
211.7	2.534e-06
211.8	2.53724e-06
211.9	2.54049e-06
212	2.54375e-06
212.1	2.53951e-06
212.2	2.51704e-06
212.3	2.49475e-06
212.4	2.47267e-06
212.5	2.45079e-06
212.6	2.42912e-06
212.7	2.40767e-06
212.8	2.38643e-06
212.9	2.36543e-06
213	2.34465e-06
213.1	2.32412e-06
213.2	2.30383e-06
213.3	2.2838e-06
213.4	2.26403e-06
213.5	2.24452e-06
213.6	2.22528e-06
213.7	2.20633e-06
213.8	2.18766e-06
213.9	2.16929e-06
214	2.15122e-06
214.1	2.13346e-06
214.2	2.11602e-06
214.3	2.0989e-06
214.4	2.08212e-06
214.5	2.06568e-06
214.6	2.04959e-06
214.7	2.03386e-06
214.8	2.00771e-06
214.9	1.98009e-06
215	1.95391e-06
215.1	1.92922e-06
215.2	1.90608e-06
215.3	1.88456e-06
215.4	1.8647e-06
215.5	1.84656e-06
215.6	1.83019e-06
215.7	1.81564e-06
215.8	1.80295e-06
215.9	1.79217e-06
216	1.78332e-06
216.1	1.77643e-06
216.2	1.77154e-06
216.3	1.76865e-06
216.4	1.76777e-06
216.5	1.76891e-06
216.6	1.77195e-06
216.7	1.77673e-06
216.8	1.7833e-06
216.9	1.79163e-06
217	1.80171e-06
217.1	1.8135e-06
217.2	1.82696e-06
217.3	1.84207e-06
217.4	1.85877e-06
217.5	1.87704e-06
217.6	1.89682e-06
217.7	1.91807e-06
217.8	1.94073e-06
217.9	1.96477e-06
218	1.99013e-06
218.1	2.01675e-06
218.2	2.0446e-06
218.3	2.07362e-06
218.4	2.10376e-06
218.5	2.12663e-06
218.6	2.14099e-06
218.7	2.15555e-06
218.8	2.17032e-06
218.9	2.18529e-06
219	2.20046e-06
219.1	2.21582e-06
219.2	2.23137e-06
219.3	2.2471e-06
219.4	2.26302e-06
219.5	2.27911e-06
219.6	2.29537e-06
219.7	2.31181e-06
219.8	2.32841e-06
219.9	2.34517e-06
220	2.3621e-06
220.1	2.37918e-06
220.2	2.39641e-06
220.3	2.41379e-06
220.4	2.43131e-06
220.5	2.44898e-06
220.6	2.46679e-06
220.7	2.48474e-06
220.8	2.50282e-06
220.9	2.52103e-06
221	2.53937e-06
221.1	2.55783e-06
221.2	2.57642e-06
221.3	2.58577e-06
221.4	2.57814e-06
221.5	2.57054e-06
221.6	2.56295e-06
221.7	2.55539e-06
221.8	2.54785e-06
221.9	2.54032e-06
222	2.53282e-06
222.1	2.52534e-06
222.2	2.51788e-06
222.3	2.51044e-06
222.4	2.50303e-06
222.5	2.49563e-06
222.6	2.48826e-06
222.7	2.48091e-06
222.8	2.47358e-06
222.9	2.46628e-06
223	2.45899e-06
223.1	2.45173e-06
223.2	2.4445e-06
223.3	2.43728e-06
223.4	2.43009e-06
223.5	2.42293e-06
223.6	2.41579e-06
223.7	2.40867e-06
223.8	2.40158e-06
223.9	2.39451e-06
224	2.38747e-06
224.1	2.38045e-06
224.2	2.37345e-06
224.3	2.36649e-06
224.4	2.35882e-06
224.5	2.32909e-06
224.6	2.29986e-06
224.7	2.27116e-06
224.8	2.24301e-06
224.9	2.21542e-06
225	2.18843e-06
225.1	2.16205e-06
225.2	2.1363e-06
225.3	2.1112e-06
225.4	2.08679e-06
225.5	2.06309e-06
225.6	2.04011e-06
225.7	2.01789e-06
225.8	1.99645e-06
225.9	1.97581e-06
226	1.95601e-06
226.1	1.93706e-06
226.2	1.91899e-06
226.3	1.90183e-06
226.4	1.8856e-06
226.5	1.87032e-06
226.6	1.85603e-06
226.7	1.83922e-06
226.8	1.82278e-06
226.9	1.8084e-06
227	1.79613e-06
227.1	1.78602e-06
227.2	1.7781e-06
227.3	1.77241e-06
227.4	1.76896e-06
227.5	1.76777e-06
227.6	1.76884e-06
227.7	1.77216e-06
227.8	1.77774e-06
227.9	1.78553e-06
228	1.79553e-06
228.1	1.80768e-06
228.2	1.82194e-06
228.3	1.83828e-06
228.4	1.85464e-06
228.5	1.86891e-06
228.6	1.88416e-06
228.7	1.90039e-06
228.8	1.91755e-06
228.9	1.93564e-06
229	1.95461e-06
229.1	1.97445e-06
229.2	1.99514e-06
229.3	2.01663e-06
229.4	2.03892e-06
229.5	2.06197e-06
229.6	2.08575e-06
229.7	2.11025e-06
229.8	2.13544e-06
229.9	2.16129e-06
230	2.18779e-06
230.1	2.2149e-06
230.2	2.2426e-06
230.3	2.27088e-06
230.4	2.29972e-06
230.5	2.32908e-06
230.6	2.35666e-06
230.7	2.36376e-06
230.8	2.37089e-06
230.9	2.37804e-06
231	2.38522e-06
231.1	2.39242e-06
231.2	2.39966e-06
231.3	2.40691e-06
231.4	2.4142e-06
231.5	2.42151e-06
231.6	2.42884e-06
231.7	2.4362e-06
231.8	2.44358e-06
231.9	2.45099e-06
232	2.45843e-06
232.1	2.46588e-06
232.2	2.47336e-06
232.3	2.48087e-06
232.4	2.4884e-06
232.5	2.49595e-06
232.6	2.50352e-06
232.7	2.51112e-06
232.8	2.51874e-06
232.9	2.52638e-06
233	2.53405e-06
233.1	2.54174e-06
233.2	2.54944e-06
233.3	2.55718e-06
233.4	2.56493e-06
233.5	2.5727e-06
233.6	2.58049e-06
233.7	2.58831e-06
233.8	2.57478e-06
233.9	2.55638e-06
234	2.5381e-06
234.1	2.51995e-06
234.2	2.50193e-06
234.3	2.48403e-06
234.4	2.46626e-06
234.5	2.44863e-06
234.6	2.43113e-06
234.7	2.41378e-06
234.8	2.39657e-06
234.9	2.3795e-06
235	2.36258e-06
235.1	2.34582e-06
235.2	2.32921e-06
235.3	2.31277e-06
235.4	2.29648e-06
235.5	2.28036e-06
235.6	2.26441e-06
235.7	2.24864e-06
235.8	2.23304e-06
235.9	2.21762e-06
236	2.20239e-06
236.1	2.18734e-06
236.2	2.17249e-06
236.3	2.15783e-06
236.4	2.14338e-06
236.5	2.12913e-06
236.6	2.10463e-06
236.7	2.07453e-06
236.8	2.04556e-06
236.9	2.01774e-06
237	1.99114e-06
237.1	1.9658e-06
237.2	1.94177e-06
237.3	1.9191e-06
237.4	1.89784e-06
237.5	1.87804e-06
237.6	1.85974e-06
237.7	1.84299e-06
237.8	1.82783e-06
237.9	1.8143e-06
238	1.80243e-06
238.1	1.79227e-06
238.2	1.78384e-06
238.3	1.77716e-06
238.4	1.77225e-06
238.5	1.76907e-06
238.6	1.76779e-06
238.7	1.76853e-06
238.8	1.77129e-06
238.9	1.77607e-06
239	1.78284e-06
239.1	1.79159e-06
239.2	1.80229e-06
239.3	1.8149e-06
239.4	1.82938e-06
239.5	1.84568e-06
239.6	1.86377e-06
239.7	1.88359e-06
239.8	1.90508e-06
239.9	1.92818e-06
240	1.95285e-06
240.1	1.97903e-06
240.2	2.00664e-06
240.3	2.03161e-06
240.4	2.04741e-06
240.5	2.06357e-06
240.6	2.0801e-06
240.7	2.09697e-06
240.8	2.11418e-06
240.9	2.13172e-06
241	2.14959e-06
241.1	2.16778e-06
241.2	2.18627e-06
241.3	2.20506e-06
241.4	2.22414e-06
241.5	2.24351e-06
241.6	2.26316e-06
241.7	2.28308e-06
241.8	2.30326e-06
241.9	2.3237e-06
242	2.34439e-06
242.1	2.36532e-06
242.2	2.38649e-06
242.3	2.40789e-06
242.4	2.42951e-06
242.5	2.45136e-06
242.6	2.47341e-06
242.7	2.49568e-06
242.8	2.51814e-06
242.9	2.54081e-06
243	2.54111e-06
243.1	2.53804e-06
243.2	2.53497e-06
243.3	2.53191e-06
243.4	2.52885e-06
243.5	2.5258e-06
243.6	2.52275e-06
243.7	2.5197e-06
243.8	2.51666e-06
243.9	2.51361e-06
244	2.51058e-06
244.1	2.50754e-06
244.2	2.50451e-06
244.3	2.50149e-06
244.4	2.49847e-06
244.5	2.49545e-06
244.6	2.49243e-06
244.7	2.48942e-06
244.8	2.48641e-06
244.9	2.48341e-06
245	2.48041e-06
245.1	2.47741e-06
245.2	2.47442e-06
245.3	2.47143e-06
245.4	2.46844e-06
245.5	2.46546e-06
245.6	2.46248e-06
245.7	2.45951e-06
245.8	2.45654e-06
245.9	2.45357e-06
246	2.45061e-06
246.1	2.44765e-06
246.2	2.42171e-06
246.3	2.3947e-06
246.4	2.36806e-06
246.5	2.34178e-06
246.6	2.31589e-06
246.7	2.2904e-06
246.8	2.26532e-06
246.9	2.24066e-06
247	2.21644e-06
247.1	2.19268e-06
247.2	2.16939e-06
247.3	2.14658e-06
247.4	2.12427e-06
247.5	2.10248e-06
247.6	2.08121e-06
247.7	2.0605e-06
247.8	2.04035e-06
247.9	2.02079e-06
248	2.00182e-06
248.1	1.98347e-06
248.2	1.96575e-06
248.3	1.94868e-06
248.4	1.93228e-06
248.5	1.91657e-06
248.6	1.89368e-06
248.7	1.87214e-06
248.8	1.85247e-06
248.9	1.83473e-06
249	1.81896e-06
249.1	1.80524e-06
249.2	1.7936e-06
249.3	1.78407e-06
249.4	1.77671e-06
249.5	1.77153e-06
249.6	1.76856e-06
249.7	1.76779e-06
249.8	1.76925e-06
249.9	1.77292e-06
250	1.77878e-06
250.1	1.78683e-06
250.2	1.79702e-06
250.3	1.80815e-06
250.4	1.81944e-06
250.5	1.83206e-06
250.6	1.84598e-06
250.7	1.86116e-06
250.8	1.87758e-06
250.9	1.89521e-06
251	1.91401e-06
251.1	1.93395e-06
251.2	1.95499e-06
251.3	1.9771e-06
251.4	2.00025e-06
251.5	2.02439e-06
251.6	2.04949e-06
251.7	2.07552e-06
251.8	2.10245e-06
251.9	2.13023e-06
252	2.15884e-06
252.1	2.18824e-06
252.2	2.2184e-06
252.3	2.2493e-06
252.4	2.26664e-06
252.5	2.27726e-06
252.6	2.28794e-06
252.7	2.2987e-06
252.8	2.30954e-06
252.9	2.32044e-06
253	2.33142e-06
253.1	2.34247e-06
253.2	2.35359e-06
253.3	2.36478e-06
253.4	2.37603e-06
253.5	2.38735e-06
253.6	2.39874e-06
253.7	2.41019e-06
253.8	2.4217e-06
253.9	2.43328e-06
254	2.44492e-06
254.1	2.45662e-06
254.2	2.46838e-06
254.3	2.48019e-06
254.4	2.49207e-06
254.5	2.50401e-06
254.6	2.516e-06
254.7	2.52805e-06
254.8	2.54015e-06
254.9	2.55231e-06
255	2.56452e-06
255.1	2.57678e-06
255.2	2.5891e-06
255.3	2.60147e-06
255.4	2.60185e-06
255.5	2.58776e-06
255.6	2.57374e-06
255.7	2.55978e-06
255.8	2.5459e-06
255.9	2.53208e-06
256	2.51834e-06
256.1	2.50467e-06
256.2	2.49107e-06
256.3	2.47755e-06
256.4	2.4641e-06
256.5	2.45073e-06
256.6	2.43744e-06
256.7	2.42423e-06
256.8	2.4111e-06
256.9	2.39805e-06
257	2.38509e-06
257.1	2.37221e-06
257.2	2.35942e-06
257.3	2.34672e-06
257.4	2.3341e-06
257.5	2.32158e-06
257.6	2.30915e-06
257.7	2.29682e-06
257.8	2.28458e-06
257.9	2.27243e-06
258	2.26039e-06
258.1	2.24844e-06
258.2	2.2366e-06
258.3	2.22486e-06
258.4	2.19862e-06
258.5	2.16792e-06
258.6	2.13807e-06
258.7	2.10909e-06
258.8	2.08102e-06
258.9	2.0539e-06
259	2.02776e-06
259.1	2.00266e-06
259.2	1.97861e-06
259.3	1.95567e-06
259.4	1.93388e-06
259.5	1.91327e-06
259.6	1.89387e-06
259.7	1.87574e-06
259.8	1.8589e-06
259.9	1.84339e-06
260	1.82925e-06
260.1	1.81651e-06
260.2	1.80519e-06
260.3	1.79532e-06
260.4	1.78628e-06
260.5	1.77843e-06
260.6	1.77272e-06
260.7	1.76916e-06
260.8	1.76779e-06
260.9	1.76859e-06
261	1.77156e-06
261.1	1.7767e-06
261.2	1.78399e-06
261.3	1.79339e-06
261.4	1.80489e-06
261.5	1.81842e-06
261.6	1.83397e-06
261.7	1.85146e-06
261.8	1.87085e-06
261.9	1.89207e-06
262	1.91508e-06
262.1	1.93979e-06
262.2	1.95733e-06
262.3	1.97376e-06
262.4	1.99076e-06
262.5	2.00832e-06
262.6	2.02643e-06
262.7	2.04506e-06
262.8	2.06421e-06
262.9	2.08387e-06
263	2.10401e-06
263.1	2.12462e-06
263.2	2.1457e-06
263.3	2.16722e-06
263.4	2.18917e-06
263.5	2.21155e-06
263.6	2.23434e-06
263.7	2.25752e-06
263.8	2.28108e-06
263.9	2.30501e-06
264	2.32931e-06
264.1	2.35396e-06
264.2	2.37894e-06
264.3	2.40425e-06
264.4	2.42988e-06
264.5	2.45582e-06
264.6	2.47771e-06
264.7	2.47905e-06
264.8	2.4804e-06
264.9	2.48174e-06
265	2.48308e-06
265.1	2.48442e-06
265.2	2.48577e-06
265.3	2.48711e-06
265.4	2.48846e-06
265.5	2.4898e-06
265.6	2.49115e-06
265.7	2.4925e-06
265.8	2.49385e-06
265.9	2.4952e-06
266	2.49655e-06
266.1	2.4979e-06
266.2	2.49925e-06
266.3	2.5006e-06
266.4	2.50195e-06
266.5	2.50331e-06
266.6	2.50466e-06
266.7	2.50602e-06
266.8	2.50737e-06
266.9	2.50873e-06
267	2.51008e-06
267.1	2.51144e-06
267.2	2.5128e-06
267.3	2.51416e-06
267.4	2.51552e-06
267.5	2.51688e-06
267.6	2.51824e-06
267.7	2.51961e-06
267.8	2.5172e-06
267.9	2.49314e-06
268	2.46931e-06
268.1	2.44572e-06
268.2	2.42237e-06
268.3	2.39928e-06
268.4	2.37645e-06
268.5	2.35389e-06
268.6	2.33161e-06
268.7	2.30961e-06
268.8	2.2879e-06
268.9	2.2665e-06
269	2.2454e-06
269.1	2.22462e-06
269.2	2.20417e-06
269.3	2.18405e-06
269.4	2.16429e-06
269.5	2.14487e-06
269.6	2.12582e-06
269.7	2.10715e-06
269.8	2.08886e-06
269.9	2.07097e-06
270	2.05349e-06
270.1	2.03642e-06
270.2	2.01977e-06
270.3	2.00357e-06
270.4	1.98292e-06
270.5	1.95612e-06
270.6	1.93086e-06
270.7	1.90721e-06
270.8	1.88522e-06
270.9	1.86496e-06
271	1.84648e-06
271.1	1.82984e-06
271.2	1.81508e-06
271.3	1.80226e-06
271.4	1.79141e-06
271.5	1.78257e-06
271.6	1.77577e-06
271.7	1.77104e-06
271.8	1.76839e-06
271.9	1.76782e-06
272	1.76935e-06
272.1	1.77296e-06
272.2	1.77837e-06
272.3	1.78519e-06
272.4	1.79368e-06
272.5	1.8038e-06
272.6	1.81553e-06
272.7	1.82884e-06
272.8	1.84369e-06
272.9	1.86005e-06
273	1.87787e-06
273.1	1.89712e-06
273.2	1.91775e-06
273.3	1.93972e-06
273.4	1.96299e-06
273.5	1.9875e-06
273.6	2.01321e-06
273.7	2.04009e-06
273.8	2.06807e-06
273.9	2.09712e-06
274	2.12719e-06
274.1	2.15825e-06
274.2	2.17307e-06
274.3	2.18656e-06
274.4	2.2002e-06
274.5	2.214e-06
274.6	2.22795e-06
274.7	2.24205e-06
274.8	2.2563e-06
274.9	2.2707e-06
275	2.28523e-06
275.1	2.29991e-06
275.2	2.31472e-06
275.3	2.32966e-06
275.4	2.34474e-06
275.5	2.35994e-06
275.6	2.37527e-06
275.7	2.39073e-06
275.8	2.4063e-06
275.9	2.422e-06
276	2.43781e-06
276.1	2.45374e-06
276.2	2.46978e-06
276.3	2.48593e-06
276.4	2.50219e-06
276.5	2.51855e-06
276.6	2.53502e-06
276.7	2.55159e-06
276.8	2.56826e-06
276.9	2.58502e-06
277	2.59885e-06
277.1	2.58928e-06
277.2	2.57975e-06
277.3	2.57024e-06
277.4	2.56076e-06
277.5	2.55132e-06
277.6	2.54191e-06
277.7	2.53253e-06
277.8	2.52319e-06
277.9	2.51387e-06
278	2.50459e-06
278.1	2.49535e-06
278.2	2.48614e-06
278.3	2.47696e-06
278.4	2.46782e-06
278.5	2.45872e-06
278.6	2.44965e-06
278.7	2.44062e-06
278.8	2.43162e-06
278.9	2.42266e-06
279	2.41374e-06
279.1	2.40486e-06
279.2	2.39601e-06
279.3	2.38721e-06
279.4	2.37844e-06
279.5	2.36971e-06
279.6	2.36103e-06
279.7	2.35238e-06
279.8	2.34377e-06
279.9	2.33521e-06
280	2.32669e-06
280.1	2.31408e-06
280.2	2.28372e-06
280.3	2.25396e-06
280.4	2.22481e-06
280.5	2.1963e-06
280.6	2.16846e-06
280.7	2.14131e-06
280.8	2.11487e-06
280.9	2.08919e-06
281	2.06427e-06
281.1	2.04015e-06
281.2	2.01687e-06
281.3	1.99444e-06
281.4	1.97291e-06
281.5	1.95229e-06
281.6	1.93261e-06
281.7	1.91391e-06
281.8	1.89622e-06
281.9	1.87956e-06
282	1.86397e-06
282.1	1.84946e-06
282.2	1.83606e-06
282.3	1.82186e-06
282.4	1.80762e-06
282.5	1.7955e-06
282.6	1.78552e-06
282.7	1.77774e-06
282.8	1.77217e-06
282.9	1.76884e-06
283	1.76777e-06
283.1	1.76895e-06
283.2	1.77237e-06
283.3	1.77804e-06
283.4	1.78592e-06
283.5	1.79599e-06
283.6	1.80821e-06
283.7	1.82254e-06
283.8	1.83892e-06
283.9	1.85731e-06
284	1.87662e-06
284.1	1.89157e-06
284.2	1.90738e-06
284.3	1.92403e-06
284.4	1.94149e-06
284.5	1.95976e-06
284.6	1.9788e-06
284.7	1.9986e-06
284.8	2.01912e-06
284.9	2.04036e-06
285	2.06228e-06
285.1	2.08487e-06
285.2	2.10811e-06
285.3	2.13196e-06
285.4	2.15642e-06
285.5	2.18146e-06
285.6	2.20706e-06
285.7	2.23321e-06
285.8	2.25988e-06
285.9	2.28706e-06
286	2.31472e-06
286.1	2.34286e-06
286.2	2.37145e-06
286.3	2.39569e-06
286.4	2.40116e-06
286.5	2.40665e-06
286.6	2.41215e-06
286.7	2.41767e-06
286.8	2.4232e-06
286.9	2.42875e-06
287	2.43431e-06
287.1	2.43989e-06
287.2	2.44548e-06
287.3	2.45108e-06
287.4	2.4567e-06
287.5	2.46233e-06
287.6	2.46797e-06
287.7	2.47363e-06
287.8	2.4793e-06
287.9	2.48499e-06
288	2.49068e-06
288.1	2.4964e-06
288.2	2.50212e-06
288.3	2.50786e-06
288.4	2.51361e-06
288.5	2.51937e-06
288.6	2.52515e-06
288.7	2.53094e-06
288.8	2.53674e-06
288.9	2.54256e-06
289	2.54838e-06
289.1	2.55422e-06
289.2	2.56008e-06
289.3	2.56594e-06
289.4	2.57182e-06
289.5	2.56224e-06
289.6	2.54208e-06
289.7	2.52206e-06
289.8	2.5022e-06
289.9	2.48249e-06
290	2.46294e-06
290.1	2.44356e-06
290.2	2.42434e-06
290.3	2.4053e-06
290.4	2.38643e-06
290.5	2.36774e-06
290.6	2.34923e-06
290.7	2.33091e-06
290.8	2.31279e-06
290.9	2.29486e-06
291	2.27713e-06
291.1	2.25962e-06
291.2	2.24231e-06
291.3	2.22522e-06
291.4	2.20835e-06
291.5	2.19171e-06
291.6	2.1753e-06
291.7	2.15913e-06
291.8	2.1432e-06
291.9	2.12752e-06
292	2.11209e-06
292.1	2.09692e-06
292.2	2.08042e-06
292.3	2.05046e-06
292.4	2.02171e-06
292.5	1.99423e-06
292.6	1.96808e-06
292.7	1.9433e-06
292.8	1.91996e-06
292.9	1.8981e-06
293	1.87777e-06
293.1	1.85902e-06
293.2	1.84191e-06
293.3	1.82648e-06
293.4	1.81278e-06
293.5	1.80083e-06
293.6	1.79068e-06
293.7	1.78236e-06
293.8	1.77589e-06
293.9	1.77129e-06
294	1.76858e-06
294.1	1.76777e-06
294.2	1.76889e-06
294.3	1.77195e-06
294.4	1.77693e-06
294.5	1.78383e-06
294.6	1.79262e-06
294.7	1.80326e-06
294.8	1.81574e-06
294.9	1.83001e-06
295	1.84603e-06
295.1	1.86375e-06
295.2	1.88313e-06
295.3	1.90412e-06
295.4	1.92666e-06
295.5	1.9507e-06
295.6	1.97619e-06
295.7	2.00307e-06
295.8	2.03128e-06
295.9	2.06077e-06
296	2.07823e-06
296.1	2.0937e-06
296.2	2.10946e-06
296.3	2.1255e-06
296.4	2.14181e-06
296.5	2.1584e-06
296.6	2.17525e-06
296.7	2.19236e-06
296.8	2.20972e-06
296.9	2.22733e-06
297	2.24518e-06
297.1	2.26326e-06
297.2	2.28157e-06
297.3	2.3001e-06
297.4	2.31885e-06
297.5	2.33782e-06
297.6	2.35699e-06
297.7	2.37636e-06
297.8	2.39594e-06
297.9	2.4157e-06
298	2.43566e-06
298.1	2.45579e-06
298.2	2.47611e-06
298.3	2.4966e-06
298.4	2.51726e-06
298.5	2.53809e-06
298.6	2.55908e-06
298.7	2.5621e-06
298.8	2.55711e-06
298.9	2.55214e-06
299	2.54717e-06
299.1	2.54222e-06
299.2	2.53727e-06
299.3	2.53233e-06
299.4	2.52741e-06
299.5	2.52249e-06
299.6	2.51758e-06
299.7	2.51267e-06
299.8	2.50778e-06
299.9	2.5029e-06
300	2.49803e-06
300.1	2.49316e-06
300.2	2.48831e-06
300.3	2.48347e-06
300.4	2.47863e-06
300.5	2.47381e-06
300.6	2.46899e-06
300.7	2.46419e-06
300.8	2.45939e-06
300.9	2.45461e-06
301	2.44983e-06
301.1	2.44507e-06
301.2	2.44031e-06
301.3	2.43557e-06
301.4	2.43083e-06
301.5	2.42611e-06
301.6	2.4214e-06
301.7	2.41669e-06
301.8	2.412e-06
301.9	2.38442e-06
302	2.35635e-06
302.1	2.3287e-06
302.2	2.30148e-06
302.3	2.27473e-06
302.4	2.24844e-06
302.5	2.22264e-06
302.6	2.19735e-06
302.7	2.17258e-06
302.8	2.14836e-06
302.9	2.12469e-06
303	2.1016e-06
303.1	2.07911e-06
303.2	2.05724e-06
303.3	2.036e-06
303.4	2.01543e-06
303.5	1.99553e-06
303.6	1.97633e-06
303.7	1.95785e-06
303.8	1.9401e-06
303.9	1.92312e-06
304	1.90692e-06
304.1	1.89152e-06
304.2	1.87217e-06
304.3	1.85237e-06
304.4	1.83452e-06
304.5	1.81869e-06
304.6	1.80492e-06
304.7	1.79326e-06
304.8	1.78375e-06
304.9	1.77643e-06
305	1.77132e-06
305.1	1.76845e-06
305.2	1.76782e-06
305.3	1.76944e-06
305.4	1.7733e-06
305.5	1.77938e-06
305.6	1.78766e-06
305.7	1.79812e-06
305.8	1.81072e-06
305.9	1.82432e-06
306	1.8369e-06
306.1	1.85066e-06
306.2	1.86558e-06
306.3	1.88163e-06
306.4	1.89878e-06
306.5	1.917e-06
306.6	1.93627e-06
306.7	1.95655e-06
306.8	1.97781e-06
306.9	2.00002e-06
307	2.02314e-06
307.1	2.04716e-06
307.2	2.07203e-06
307.3	2.09772e-06
307.4	2.12421e-06
307.5	2.15147e-06
307.6	2.17946e-06
307.7	2.20816e-06
307.8	2.23755e-06
307.9	2.26759e-06
308	2.29826e-06
308.1	2.3093e-06
308.2	2.31851e-06
308.3	2.32778e-06
308.4	2.33709e-06
308.5	2.34646e-06
308.6	2.35588e-06
308.7	2.36534e-06
308.8	2.37486e-06
308.9	2.38442e-06
309	2.39402e-06
309.1	2.40368e-06
309.2	2.41338e-06
309.3	2.42312e-06
309.4	2.43291e-06
309.5	2.44275e-06
309.6	2.45263e-06
309.7	2.46255e-06
309.8	2.47251e-06
309.9	2.48252e-06
310	2.49257e-06
310.1	2.50266e-06
310.2	2.51279e-06
310.3	2.52296e-06
310.4	2.53317e-06
310.5	2.54342e-06
310.6	2.5537e-06
310.7	2.56403e-06
310.8	2.57439e-06
310.9	2.58479e-06
311	2.59523e-06
311.1	2.60057e-06
311.2	2.58459e-06
311.3	2.5687e-06
311.4	2.55289e-06
311.5	2.53717e-06
311.6	2.52155e-06
311.7	2.50602e-06
311.8	2.49058e-06
311.9	2.47524e-06
312	2.45999e-06
312.1	2.44485e-06
312.2	2.42981e-06
312.3	2.41487e-06
312.4	2.40004e-06
312.5	2.38532e-06
312.6	2.37071e-06
312.7	2.35621e-06
312.8	2.34182e-06
312.9	2.32755e-06
313	2.3134e-06
313.1	2.29936e-06
313.2	2.28545e-06
313.3	2.27167e-06
313.4	2.25801e-06
313.5	2.24449e-06
313.6	2.23109e-06
313.7	2.21783e-06
313.8	2.2047e-06
313.9	2.19172e-06
314	2.17715e-06
314.1	2.14599e-06
314.2	2.11576e-06
314.3	2.08649e-06
314.4	2.05824e-06
314.5	2.03103e-06
314.6	2.00492e-06
314.7	1.97995e-06
314.8	1.95615e-06
314.9	1.93359e-06
315	1.91229e-06
315.1	1.89229e-06
315.2	1.87366e-06
315.3	1.85641e-06
315.4	1.8406e-06
315.5	1.82626e-06
315.6	1.81342e-06
315.7	1.80212e-06
315.8	1.79238e-06
315.9	1.78424e-06
316	1.77745e-06
316.1	1.77211e-06
316.2	1.76888e-06
316.3	1.76777e-06
316.4	1.76878e-06
316.5	1.7719e-06
316.6	1.77714e-06
316.7	1.78446e-06
316.8	1.79385e-06
316.9	1.80527e-06
317	1.81868e-06
317.1	1.83404e-06
317.2	1.8513e-06
317.3	1.87041e-06
317.4	1.89131e-06
317.5	1.91394e-06
317.6	1.93825e-06
317.7	1.96417e-06
317.8	1.98567e-06
317.9	2.0019e-06
318	2.01862e-06
318.1	2.0358e-06
318.2	2.05345e-06
318.3	2.07153e-06
318.4	2.09005e-06
318.5	2.109e-06
318.6	2.12835e-06
318.7	2.1481e-06
318.8	2.16824e-06
318.9	2.18876e-06
319	2.20965e-06
319.1	2.23089e-06
319.2	2.25249e-06
319.3	2.27441e-06
319.4	2.29667e-06
319.5	2.31924e-06
319.6	2.34213e-06
319.7	2.36531e-06
319.8	2.38878e-06
319.9	2.41254e-06
320	2.43657e-06
320.1	2.46087e-06
320.2	2.48542e-06
320.3	2.5078e-06
320.4	2.5073e-06
320.5	2.5068e-06
320.6	2.50631e-06
320.7	2.50581e-06
320.8	2.50531e-06
320.9	2.50481e-06
321	2.50431e-06
321.1	2.50381e-06
321.2	2.50332e-06
321.3	2.50282e-06
321.4	2.50232e-06
321.5	2.50182e-06
321.6	2.50133e-06
321.7	2.50083e-06
321.8	2.50033e-06
321.9	2.49983e-06
322	2.49934e-06
322.1	2.49884e-06
322.2	2.49834e-06
322.3	2.49785e-06
322.4	2.49735e-06
322.5	2.49685e-06
322.6	2.49636e-06
322.7	2.49586e-06
322.8	2.49536e-06
322.9	2.49487e-06
323	2.49437e-06
323.1	2.49387e-06
323.2	2.49338e-06
323.3	2.49288e-06
323.4	2.49239e-06
323.5	2.49068e-06
323.6	2.46514e-06
323.7	2.43988e-06
323.8	2.4149e-06
323.9	2.39022e-06
324	2.36585e-06
324.1	2.34178e-06
324.2	2.31804e-06
324.3	2.29463e-06
324.4	2.27157e-06
324.5	2.24886e-06
324.6	2.22652e-06
324.7	2.20455e-06
324.8	2.18297e-06
324.9	2.16179e-06
325	2.14102e-06
325.1	2.12067e-06
325.2	2.10076e-06
325.3	2.08129e-06
325.4	2.06229e-06
325.5	2.04376e-06
325.6	2.02571e-06
325.7	2.00817e-06
325.8	1.99113e-06
325.9	1.97463e-06
326	1.95815e-06
326.1	1.93241e-06
326.2	1.90831e-06
326.3	1.88593e-06
326.4	1.86533e-06
326.5	1.84656e-06
326.6	1.82967e-06
326.7	1.81473e-06
326.8	1.80179e-06
326.9	1.79087e-06
327	1.78203e-06
327.1	1.7753e-06
327.2	1.77068e-06
327.3	1.76822e-06
327.4	1.7679e-06
327.5	1.76974e-06
327.6	1.77373e-06
327.7	1.77984e-06
327.8	1.78766e-06
327.9	1.79634e-06
328	1.80655e-06
328.1	1.81825e-06
328.2	1.83142e-06
328.3	1.84604e-06
328.4	1.86205e-06
328.5	1.87944e-06
328.6	1.89816e-06
328.7	1.91817e-06
328.8	1.93943e-06
328.9	1.9619e-06
329	1.98555e-06
329.1	2.01032e-06
329.2	2.03618e-06
329.3	2.06309e-06
329.4	2.091e-06
329.5	2.11988e-06
329.6	2.14969e-06
329.7	2.18039e-06
329.8	2.20611e-06
329.9	2.2184e-06
330	2.23082e-06
330.1	2.24335e-06
330.2	2.256e-06
330.3	2.26876e-06
330.4	2.28163e-06
330.5	2.29462e-06
330.6	2.30771e-06
330.7	2.32091e-06
330.8	2.33421e-06
330.9	2.34761e-06
331	2.36112e-06
331.1	2.37473e-06
331.2	2.38843e-06
331.3	2.40223e-06
331.4	2.41612e-06
331.5	2.43011e-06
331.6	2.44419e-06
331.7	2.45835e-06
331.8	2.47261e-06
331.9	2.48695e-06
332	2.50138e-06
332.1	2.51589e-06
332.2	2.53048e-06
332.3	2.54515e-06
332.4	2.5599e-06
332.5	2.57473e-06
332.6	2.58964e-06
332.7	2.60462e-06
332.8	2.59684e-06
332.9	2.58537e-06
333	2.57395e-06
333.1	2.56257e-06
333.2	2.55124e-06
333.3	2.53995e-06
333.4	2.52871e-06
333.5	2.51752e-06
333.6	2.50638e-06
333.7	2.49528e-06
333.8	2.48423e-06
333.9	2.47324e-06
334	2.46229e-06
334.1	2.4514e-06
334.2	2.44056e-06
334.3	2.42977e-06
334.4	2.41904e-06
334.5	2.40836e-06
334.6	2.39773e-06
334.7	2.38716e-06
334.8	2.37665e-06
334.9	2.36619e-06
335	2.35579e-06
335.1	2.34546e-06
335.2	2.33518e-06
335.3	2.32496e-06
335.4	2.3148e-06
335.5	2.3047e-06
335.6	2.29467e-06
335.7	2.2847e-06
335.8	2.2663e-06
335.9	2.2356e-06
336	2.20558e-06
336.1	2.17629e-06
336.2	2.14774e-06
336.3	2.11996e-06
336.4	2.09299e-06
336.5	2.06686e-06
336.6	2.04161e-06
336.7	2.01725e-06
336.8	1.99383e-06
336.9	1.97138e-06
337	1.94994e-06
337.1	1.92953e-06
337.2	1.91019e-06
337.3	1.89196e-06
337.4	1.87486e-06
337.5	1.85892e-06
337.6	1.84418e-06
337.7	1.83067e-06
337.8	1.81841e-06
337.9	1.80649e-06
338	1.7946e-06
338.1	1.78485e-06
338.2	1.77727e-06
338.3	1.77188e-06
338.4	1.76871e-06
338.5	1.76777e-06
338.6	1.76907e-06
338.7	1.77259e-06
338.8	1.77832e-06
338.9	1.78625e-06
339	1.79635e-06
339.1	1.80857e-06
339.2	1.82287e-06
339.3	1.83922e-06
339.4	1.85754e-06
339.5	1.87779e-06
339.6	1.89991e-06
339.7	1.91606e-06
339.8	1.93219e-06
339.9	1.94905e-06
340	1.96662e-06
340.1	1.98487e-06
340.2	2.00379e-06
340.3	2.02336e-06
340.4	2.04356e-06
340.5	2.06437e-06
340.6	2.08577e-06
340.7	2.10775e-06
340.8	2.13029e-06
340.9	2.15336e-06
341	2.17696e-06
341.1	2.20107e-06
341.2	2.22567e-06
341.3	2.25074e-06
341.4	2.27627e-06
341.5	2.30224e-06
341.6	2.32864e-06
341.7	2.35545e-06
341.8	2.38266e-06
341.9	2.41026e-06
342	2.43222e-06
342.1	2.43599e-06
342.2	2.43977e-06
342.3	2.44355e-06
342.4	2.44734e-06
342.5	2.45113e-06
342.6	2.45494e-06
342.7	2.45874e-06
342.8	2.46256e-06
342.9	2.46638e-06
343	2.47021e-06
343.1	2.47404e-06
343.2	2.47788e-06
343.3	2.48173e-06
343.4	2.48558e-06
343.5	2.48944e-06
343.6	2.4933e-06
343.7	2.49717e-06
343.8	2.50105e-06
343.9	2.50493e-06
344	2.50882e-06
344.1	2.51271e-06
344.2	2.51661e-06
344.3	2.52052e-06
344.4	2.52443e-06
344.5	2.52834e-06
344.6	2.53227e-06
344.7	2.5362e-06
344.8	2.54013e-06
344.9	2.54407e-06
345	2.54802e-06
345.1	2.55197e-06
345.2	2.54557e-06
345.3	2.5237e-06
345.4	2.50202e-06
345.5	2.48052e-06
345.6	2.45921e-06
345.7	2.4381e-06
345.8	2.41719e-06
345.9	2.39648e-06
346	2.37599e-06
346.1	2.35571e-06
346.2	2.33566e-06
346.3	2.31583e-06
346.4	2.29624e-06
346.5	2.27689e-06
346.6	2.25778e-06
346.7	2.23893e-06
346.8	2.22033e-06
346.9	2.20201e-06
347	2.18395e-06
347.1	2.16617e-06
347.2	2.14868e-06
347.3	2.13149e-06
347.4	2.11459e-06
347.5	2.098e-06
347.6	2.08173e-06
347.7	2.06578e-06
347.8	2.05016e-06
347.9	2.02586e-06
348	1.99757e-06
348.1	1.97066e-06
348.2	1.94519e-06
348.3	1.9212e-06
348.4	1.89877e-06
348.5	1.87794e-06
348.6	1.85877e-06
348.7	1.84131e-06
348.8	1.82561e-06
348.9	1.81171e-06
349	1.79966e-06
349.1	1.7895e-06
349.2	1.78125e-06
349.3	1.77494e-06
349.4	1.7706e-06
349.5	1.76824e-06
349.6	1.76786e-06
349.7	1.76945e-06
349.8	1.77286e-06
349.9	1.7781e-06
350	1.78516e-06
350.1	1.79401e-06
350.2	1.80464e-06
350.3	1.817e-06
350.4	1.83106e-06
350.5	1.84678e-06
350.6	1.86413e-06
350.7	1.88305e-06
350.8	1.9035e-06
350.9	1.92543e-06
351	1.9488e-06
351.1	1.97354e-06
351.2	1.99961e-06
351.3	2.02696e-06
351.4	2.05553e-06
351.5	2.08528e-06
351.6	2.11017e-06
351.7	2.1248e-06
351.8	2.13965e-06
351.9	2.15474e-06
352	2.17004e-06
352.1	2.18556e-06
352.2	2.2013e-06
352.3	2.21723e-06
352.4	2.23338e-06
352.5	2.24972e-06
352.6	2.26625e-06
352.7	2.28297e-06
352.8	2.29988e-06
352.9	2.31697e-06
353	2.33424e-06
353.1	2.35168e-06
353.2	2.36929e-06
353.3	2.38707e-06
353.4	2.40501e-06
353.5	2.4231e-06
353.6	2.44136e-06
353.7	2.45976e-06
353.8	2.47831e-06
353.9	2.49701e-06
354	2.51585e-06
354.1	2.53483e-06
354.2	2.55394e-06
354.3	2.57319e-06
354.4	2.57978e-06
354.5	2.57287e-06
354.6	2.56597e-06
354.7	2.55909e-06
354.8	2.55223e-06
354.9	2.54538e-06
355	2.53855e-06
355.1	2.53174e-06
355.2	2.52494e-06
355.3	2.51816e-06
355.4	2.5114e-06
355.5	2.50466e-06
355.6	2.49794e-06
355.7	2.49123e-06
355.8	2.48454e-06
355.9	2.47787e-06
356	2.47122e-06
356.1	2.46459e-06
356.2	2.45798e-06
356.3	2.45138e-06
356.4	2.44481e-06
356.5	2.43825e-06
356.6	2.43171e-06
356.7	2.4252e-06
356.8	2.4187e-06
356.9	2.41222e-06
357	2.40577e-06
357.1	2.39933e-06
357.2	2.39291e-06
357.3	2.38652e-06
357.4	2.38014e-06
357.5	2.37291e-06
357.6	2.34349e-06
357.7	2.31455e-06
357.8	2.28611e-06
357.9	2.25818e-06
358	2.23079e-06
358.1	2.20395e-06
358.2	2.1777e-06
358.3	2.15204e-06
358.4	2.127e-06
358.5	2.1026e-06
358.6	2.07887e-06
358.7	2.05582e-06
358.8	2.03349e-06
358.9	2.01189e-06
359	1.99105e-06
359.1	1.97099e-06
359.2	1.95173e-06
359.3	1.93331e-06
359.4	1.91574e-06
359.5	1.89905e-06
359.6	1.88327e-06
359.7	1.8684e-06
359.8	1.8519e-06
359.9	1.83406e-06
360	1.81823e-06
360.1	1.80449e-06
360.2	1.79287e-06
360.3	1.78341e-06
360.4	1.77616e-06
360.5	1.77114e-06
360.6	1.76837e-06
360.7	1.76785e-06
360.8	1.76959e-06
360.9	1.77359e-06
361	1.77983e-06
361.1	1.78828e-06
361.2	1.79892e-06
361.3	1.8117e-06
361.4	1.82658e-06
361.5	1.84293e-06
361.6	1.85656e-06
361.7	1.87123e-06
361.8	1.88692e-06
361.9	1.90361e-06
362	1.92127e-06
362.1	1.93988e-06
362.2	1.9594e-06
362.3	1.97982e-06
362.4	2.0011e-06
362.5	2.02322e-06
362.6	2.04614e-06
362.7	2.06985e-06
362.8	2.09431e-06
362.9	2.11951e-06
363	2.1454e-06
363.1	2.17198e-06
363.2	2.19921e-06
363.3	2.22707e-06
363.4	2.25554e-06
363.5	2.28459e-06
363.6	2.3142e-06
363.7	2.34218e-06
363.8	2.34985e-06
363.9	2.35755e-06
364	2.36529e-06
364.1	2.37306e-06
364.2	2.38086e-06
364.3	2.38869e-06
364.4	2.39655e-06
364.5	2.40445e-06
364.6	2.41237e-06
364.7	2.42033e-06
364.8	2.42831e-06
364.9	2.43633e-06
365	2.44437e-06
365.1	2.45245e-06
365.2	2.46055e-06
365.3	2.46868e-06
365.4	2.47684e-06
365.5	2.48503e-06
365.6	2.49324e-06
365.7	2.50148e-06
365.8	2.50975e-06
365.9	2.51805e-06
366	2.52637e-06
366.1	2.53472e-06
366.2	2.5431e-06
366.3	2.5515e-06
366.4	2.55993e-06
366.5	2.56838e-06
366.6	2.57686e-06
366.7	2.58536e-06
366.8	2.59389e-06
366.9	2.57749e-06
367	2.55976e-06
367.1	2.54214e-06
367.2	2.52463e-06
367.3	2.50725e-06
367.4	2.48997e-06
367.5	2.47282e-06
367.6	2.4558e-06
367.7	2.4389e-06
367.8	2.42212e-06
367.9	2.40548e-06
368	2.38898e-06
368.1	2.37261e-06
368.2	2.35638e-06
368.3	2.34029e-06
368.4	2.32435e-06
368.5	2.30855e-06
368.6	2.29291e-06
368.7	2.27743e-06
368.8	2.2621e-06
368.9	2.24693e-06
369	2.23193e-06
369.1	2.21709e-06
369.2	2.20243e-06
369.3	2.18794e-06
369.4	2.17363e-06
369.5	2.1595e-06
369.6	2.14556e-06
369.7	2.12304e-06
369.8	2.09263e-06
369.9	2.06327e-06
370	2.03502e-06
370.1	2.00794e-06
370.2	1.98205e-06
370.3	1.95742e-06
370.4	1.93409e-06
370.5	1.91211e-06
370.6	1.89152e-06
370.7	1.87238e-06
370.8	1.85472e-06
370.9	1.83858e-06
371	1.82402e-06
371.1	1.81106e-06
371.2	1.79975e-06
371.3	1.7901e-06
371.4	1.78216e-06
371.5	1.77594e-06
371.6	1.7714e-06
371.7	1.76856e-06
371.8	1.76778e-06
371.9	1.76905e-06
372	1.77237e-06
372.1	1.77773e-06
372.2	1.78511e-06
372.3	1.79448e-06
372.4	1.80582e-06
372.5	1.81908e-06
372.6	1.83422e-06
372.7	1.85121e-06
372.8	1.86998e-06
372.9	1.89049e-06
373	1.91268e-06
373.1	1.93649e-06
373.2	1.96186e-06
373.3	1.98873e-06
373.4	2.01544e-06
373.5	2.0313e-06
373.6	2.04756e-06
373.7	2.0642e-06
373.8	2.08123e-06
373.9	2.09862e-06
374	2.11637e-06
374.1	2.13448e-06
374.2	2.15292e-06
374.3	2.1717e-06
374.4	2.1908e-06
374.5	2.21022e-06
374.6	2.22994e-06
374.7	2.24997e-06
374.8	2.27029e-06
374.9	2.29089e-06
375	2.31176e-06
375.1	2.33291e-06
375.2	2.35432e-06
375.3	2.37598e-06
375.4	2.39789e-06
375.5	2.42004e-06
375.6	2.44243e-06
375.7	2.46504e-06
375.8	2.48788e-06
375.9	2.51093e-06
376	2.53419e-06
376.1	2.53252e-06
376.2	2.53015e-06
376.3	2.52777e-06
376.4	2.5254e-06
376.5	2.52303e-06
376.6	2.52067e-06
376.7	2.5183e-06
376.8	2.51594e-06
376.9	2.51358e-06
377	2.51122e-06
377.1	2.50887e-06
377.2	2.50651e-06
377.3	2.50416e-06
377.4	2.50181e-06
377.5	2.49946e-06
377.6	2.49712e-06
377.7	2.49478e-06
377.8	2.49244e-06
377.9	2.4901e-06
378	2.48776e-06
378.1	2.48543e-06
378.2	2.4831e-06
378.3	2.48077e-06
378.4	2.47844e-06
378.5	2.47611e-06
378.6	2.47379e-06
378.7	2.47147e-06
378.8	2.46915e-06
378.9	2.46684e-06
379	2.46453e-06
379.1	2.46221e-06
379.2	2.45991e-06
379.3	2.43311e-06
379.4	2.40655e-06
379.5	2.38033e-06
379.6	2.35447e-06
379.7	2.32896e-06
379.8	2.30383e-06
379.9	2.27909e-06
380	2.25474e-06
380.1	2.23081e-06
380.2	2.2073e-06
380.3	2.18424e-06
380.4	2.16162e-06
380.5	2.13948e-06
380.6	2.11781e-06
380.7	2.09665e-06
380.8	2.076e-06
380.9	2.05587e-06
381	2.03629e-06
381.1	2.01727e-06
381.2	1.99883e-06
381.3	1.98097e-06
381.4	1.96373e-06
381.5	1.94711e-06
381.6	1.93113e-06
381.7	1.90921e-06
381.8	1.88652e-06
381.9	1.86564e-06
382	1.84664e-06
382.1	1.82957e-06
382.2	1.81448e-06
382.3	1.80144e-06
382.4	1.79047e-06
382.5	1.78163e-06
382.6	1.77494e-06
382.7	1.77043e-06
382.8	1.76811e-06
382.9	1.76799e-06
383	1.77007e-06
383.1	1.77435e-06
383.2	1.7808e-06
383.3	1.78941e-06
383.4	1.79975e-06
383.5	1.81007e-06
383.6	1.82178e-06
383.7	1.83484e-06
383.8	1.84924e-06
383.9	1.86493e-06
384	1.88189e-06
384.1	1.90008e-06
384.2	1.91947e-06
384.3	1.94002e-06
384.4	1.9617e-06
384.5	1.98446e-06
384.6	2.00828e-06
384.7	2.03311e-06
384.8	2.05892e-06
384.9	2.08566e-06
385	2.11332e-06
385.1	2.14184e-06
385.2	2.1712e-06
385.3	2.20136e-06
385.4	2.23229e-06
385.5	2.25111e-06
385.6	2.2622e-06
385.7	2.27338e-06
385.8	2.28464e-06
385.9	2.29599e-06
386	2.30742e-06
386.1	2.31893e-06
386.2	2.33052e-06
386.3	2.34219e-06
386.4	2.35393e-06
386.5	2.36575e-06
386.6	2.37765e-06
386.7	2.38962e-06
386.8	2.40167e-06
386.9	2.41378e-06
387	2.42597e-06
387.1	2.43822e-06
387.2	2.45055e-06
387.3	2.46294e-06
387.4	2.4754e-06
387.5	2.48793e-06
387.6	2.50052e-06
387.7	2.51317e-06
387.8	2.52589e-06
387.9	2.53866e-06
388	2.5515e-06
388.1	2.5644e-06
388.2	2.57736e-06
388.3	2.59037e-06
388.4	2.60345e-06
388.5	2.60071e-06
388.6	2.58732e-06
388.7	2.57399e-06
388.8	2.56072e-06
388.9	2.54752e-06
389	2.53438e-06
389.1	2.5213e-06
389.2	2.50829e-06
389.3	2.49534e-06
389.4	2.48247e-06
389.5	2.46966e-06
389.6	2.45692e-06
389.7	2.44425e-06
389.8	2.43165e-06
389.9	2.41912e-06
390	2.40667e-06
390.1	2.39429e-06
390.2	2.38199e-06
390.3	2.36977e-06
390.4	2.35763e-06
390.5	2.34556e-06
390.6	2.33358e-06
390.7	2.32168e-06
390.8	2.30986e-06
390.9	2.29813e-06
391	2.28648e-06
391.1	2.27492e-06
391.2	2.26345e-06
391.3	2.25207e-06
391.4	2.24078e-06
391.5	2.21601e-06
391.6	2.18528e-06
391.7	2.15535e-06
391.8	2.12624e-06
391.9	2.09801e-06
392	2.07067e-06
392.1	2.04427e-06
392.2	2.01885e-06
392.3	1.99444e-06
392.4	1.97107e-06
392.5	1.9488e-06
392.6	1.92764e-06
392.7	1.90765e-06
392.8	1.88886e-06
392.9	1.8713e-06
393	1.85502e-06
393.1	1.84003e-06
393.2	1.82639e-06
393.3	1.8141e-06
393.4	1.80322e-06
393.5	1.79339e-06
393.6	1.78395e-06
393.7	1.77665e-06
393.8	1.77151e-06
393.9	1.76856e-06
394	1.76779e-06
394.1	1.76922e-06
394.2	1.77284e-06
394.3	1.77864e-06
394.4	1.7866e-06
394.5	1.79668e-06
394.6	1.80885e-06
394.7	1.82307e-06
394.8	1.8393e-06
394.9	1.85747e-06
395	1.87754e-06
395.1	1.89943e-06
395.2	1.9231e-06
395.3	1.94225e-06
395.4	1.9585e-06
395.5	1.97537e-06
395.6	1.99284e-06
395.7	2.01089e-06
395.8	2.02951e-06
395.9	2.04868e-06
396	2.06839e-06
396.1	2.08863e-06
396.2	2.10937e-06
396.3	2.1306e-06
396.4	2.15231e-06
396.5	2.17449e-06
396.6	2.19712e-06
396.7	2.22018e-06
396.8	2.24367e-06
396.9	2.26756e-06
397	2.29185e-06
397.1	2.31653e-06
397.2	2.34158e-06
397.3	2.36698e-06
397.4	2.39274e-06
397.5	2.41884e-06
397.6	2.44526e-06
397.7	2.46609e-06
397.8	2.46809e-06
397.9	2.47009e-06
398	2.4721e-06
398.1	2.4741e-06
398.2	2.47611e-06
398.3	2.47812e-06
398.4	2.48013e-06
398.5	2.48215e-06
398.6	2.48416e-06
398.7	2.48618e-06
398.8	2.48819e-06
398.9	2.49021e-06
399	2.49223e-06
399.1	2.49426e-06
399.2	2.49628e-06
399.3	2.49831e-06
399.4	2.50033e-06
399.5	2.50236e-06
399.6	2.50439e-06
399.7	2.50643e-06
399.8	2.50846e-06
399.9	2.5105e-06
400	2.51253e-06
400.1	2.51457e-06
400.2	2.51661e-06
400.3	2.51866e-06
400.4	2.5207e-06
400.5	2.52275e-06
400.6	2.52479e-06
400.7	2.52684e-06
400.8	2.52889e-06
400.9	2.52472e-06
401	2.50123e-06
401.1	2.47797e-06
401.2	2.45492e-06
401.3	2.43211e-06
401.4	2.40954e-06
401.5	2.38721e-06
401.6	2.36513e-06
401.7	2.34331e-06
401.8	2.32175e-06
401.9	2.30047e-06
402	2.27947e-06
402.1	2.25875e-06
402.2	2.23833e-06
402.3	2.21822e-06
402.4	2.19842e-06
402.5	2.17894e-06
402.6	2.15979e-06
402.7	2.14097e-06
402.8	2.12251e-06
402.9	2.1044e-06
403	2.08666e-06
403.1	2.06929e-06
403.2	2.05231e-06
403.3	2.03572e-06
403.4	2.01954e-06
403.5	2.00092e-06
403.6	1.97332e-06
403.7	1.94721e-06
403.8	1.92265e-06
403.9	1.8997e-06
404	1.87841e-06
404.1	1.85884e-06
404.2	1.84105e-06
404.3	1.82509e-06
404.4	1.811e-06
404.5	1.79884e-06
404.6	1.78864e-06
404.7	1.78044e-06
404.8	1.77425e-06
404.9	1.77011e-06
405	1.76803e-06
405.1	1.76802e-06
405.2	1.77007e-06
405.3	1.7741e-06
405.4	1.77966e-06
405.5	1.78693e-06
405.6	1.79589e-06
405.7	1.80651e-06
405.8	1.81878e-06
405.9	1.83264e-06
406	1.84808e-06
406.1	1.86504e-06
406.2	1.88349e-06
406.3	1.90339e-06
406.4	1.92469e-06
406.5	1.94734e-06
406.6	1.9713e-06
406.7	1.99651e-06
406.8	2.02295e-06
406.9	2.05054e-06
407	2.07926e-06
407.1	2.10905e-06
407.2	2.13987e-06
407.3	2.15686e-06
407.4	2.1707e-06
407.5	2.18471e-06
407.6	2.19889e-06
407.7	2.21325e-06
407.8	2.22777e-06
407.9	2.24245e-06
408	2.25729e-06
408.1	2.27229e-06
408.2	2.28744e-06
408.3	2.30274e-06
408.4	2.31819e-06
408.5	2.33378e-06
408.6	2.34952e-06
408.7	2.36539e-06
408.8	2.3814e-06
408.9	2.39755e-06
409	2.41382e-06
409.1	2.43022e-06
409.2	2.44675e-06
409.3	2.4634e-06
409.4	2.48017e-06
409.5	2.49706e-06
409.6	2.51406e-06
409.7	2.53118e-06
409.8	2.5484e-06
409.9	2.56574e-06
410	2.58318e-06
410.1	2.59405e-06
410.2	2.5852e-06
410.3	2.57637e-06
410.4	2.56756e-06
410.5	2.55879e-06
410.6	2.55004e-06
410.7	2.54132e-06
410.8	2.53263e-06
410.9	2.52396e-06
411	2.51533e-06
411.1	2.50672e-06
411.2	2.49814e-06
411.3	2.4896e-06
411.4	2.48108e-06
411.5	2.47259e-06
411.6	2.46413e-06
411.7	2.4557e-06
411.8	2.44731e-06
411.9	2.43894e-06
412	2.43061e-06
412.1	2.42231e-06
412.2	2.41404e-06
412.3	2.4058e-06
412.4	2.3976e-06
412.5	2.38943e-06
412.6	2.38129e-06
412.7	2.37319e-06
412.8	2.36512e-06
412.9	2.35709e-06
413	2.34909e-06
413.1	2.34112e-06
413.2	2.32935e-06
413.3	2.29922e-06
413.4	2.26965e-06
413.5	2.24066e-06
413.6	2.21228e-06
413.7	2.18453e-06
413.8	2.15743e-06
413.9	2.13101e-06
414	2.10529e-06
414.1	2.0803e-06
414.2	2.05607e-06
414.3	2.03263e-06
414.4	2.00999e-06
414.5	1.98819e-06
414.6	1.96726e-06
414.7	1.94723e-06
414.8	1.92812e-06
414.9	1.90996e-06
415	1.89277e-06
415.1	1.87659e-06
415.2	1.86144e-06
415.3	1.84735e-06
415.4	1.8332e-06
415.5	1.81749e-06
415.6	1.80385e-06
415.7	1.79234e-06
415.8	1.783e-06
415.9	1.77586e-06
416	1.77095e-06
416.1	1.76829e-06
416.2	1.76788e-06
416.3	1.76974e-06
416.4	1.77384e-06
416.5	1.78018e-06
416.6	1.78874e-06
416.7	1.79947e-06
416.8	1.81235e-06
416.9	1.82732e-06
417	1.84434e-06
417.1	1.86335e-06
417.2	1.87829e-06
417.3	1.89364e-06
417.4	1.90988e-06
417.5	1.92699e-06
417.6	1.94494e-06
417.7	1.96373e-06
417.8	1.98331e-06
417.9	2.00367e-06
418	2.02479e-06
418.1	2.04664e-06
418.2	2.06919e-06
418.3	2.09243e-06
418.4	2.11633e-06
418.5	2.14088e-06
418.6	2.16604e-06
418.7	2.19179e-06
418.8	2.21813e-06
418.9	2.24502e-06
419	2.27244e-06
419.1	2.30039e-06
419.2	2.32883e-06
419.3	2.35775e-06
419.4	2.38199e-06
419.5	2.38807e-06
419.6	2.39417e-06
419.7	2.40028e-06
419.8	2.40642e-06
419.9	2.41257e-06
420	2.41874e-06
420.1	2.42493e-06
420.2	2.43114e-06
420.3	2.43736e-06
420.4	2.44361e-06
420.5	2.44987e-06
420.6	2.45614e-06
420.7	2.46244e-06
420.8	2.46875e-06
420.9	2.47508e-06
421	2.48143e-06
421.1	2.48779e-06
421.2	2.49417e-06
421.3	2.50056e-06
421.4	2.50698e-06
421.5	2.5134e-06
421.6	2.51985e-06
421.7	2.52631e-06
421.8	2.53279e-06
421.9	2.53928e-06
422	2.54579e-06
422.1	2.55231e-06
422.2	2.55885e-06
422.3	2.5654e-06
422.4	2.57197e-06
422.5	2.57856e-06
422.6	2.56636e-06
422.7	2.54684e-06
422.8	2.52746e-06
422.9	2.50822e-06
423	2.48913e-06
423.1	2.47018e-06
423.2	2.45139e-06
423.3	2.43275e-06
423.4	2.41427e-06
423.5	2.39595e-06
423.6	2.37779e-06
423.7	2.35981e-06
423.8	2.342e-06
423.9	2.32437e-06
424	2.30691e-06
424.1	2.28965e-06
424.2	2.27257e-06
424.3	2.25569e-06
424.4	2.23901e-06
424.5	2.22253e-06
424.6	2.20626e-06
424.7	2.1902e-06
424.8	2.17436e-06
424.9	2.15874e-06
425	2.14335e-06
425.1	2.12819e-06
425.2	2.11326e-06
425.3	2.09858e-06
425.4	2.06874e-06
425.5	2.03951e-06
425.6	2.01148e-06
425.7	1.98473e-06
425.8	1.95929e-06
425.9	1.93522e-06
426	1.91257e-06
426.1	1.8914e-06
426.2	1.87175e-06
426.3	1.85367e-06
426.4	1.83721e-06
426.5	1.82241e-06
426.6	1.80931e-06
426.7	1.79795e-06
426.8	1.78836e-06
426.9	1.78058e-06
427	1.77462e-06
427.1	1.7705e-06
427.2	1.76824e-06
427.3	1.76786e-06
427.4	1.76946e-06
427.5	1.77302e-06
427.6	1.77855e-06
427.7	1.78601e-06
427.8	1.79538e-06
427.9	1.80663e-06
428	1.81974e-06
428.1	1.83465e-06
428.2	1.85133e-06
428.3	1.86973e-06
428.4	1.8898e-06
428.5	1.91148e-06
428.6	1.93472e-06
428.7	1.95947e-06
428.8	1.98567e-06
428.9	2.01326e-06
429	2.04219e-06
429.1	2.0619e-06
429.2	2.07754e-06
429.3	2.09349e-06
429.4	2.10976e-06
429.5	2.12632e-06
429.6	2.14318e-06
429.7	2.16032e-06
429.8	2.17775e-06
429.9	2.19545e-06
430	2.21342e-06
430.1	2.23164e-06
430.2	2.25012e-06
430.3	2.26885e-06
430.4	2.28782e-06
430.5	2.30703e-06
430.6	2.32647e-06
430.7	2.34613e-06
430.8	2.36601e-06
430.9	2.38611e-06
431	2.40641e-06
431.1	2.42691e-06
431.2	2.44762e-06
431.3	2.46851e-06
431.4	2.4896e-06
431.5	2.51086e-06
431.6	2.53231e-06
431.7	2.55393e-06
431.8	2.5546e-06
431.9	2.55032e-06
432	2.54604e-06
432.1	2.54177e-06
432.2	2.53751e-06
432.3	2.53326e-06
432.4	2.52901e-06
432.5	2.52477e-06
432.6	2.52054e-06
432.7	2.51631e-06
432.8	2.51209e-06
432.9	2.50788e-06
433	2.50368e-06
433.1	2.49948e-06
433.2	2.49529e-06
433.3	2.4911e-06
433.4	2.48693e-06
433.5	2.48276e-06
433.6	2.47859e-06
433.7	2.47444e-06
433.8	2.47029e-06
433.9	2.46615e-06
434	2.46201e-06
434.1	2.45789e-06
434.2	2.45377e-06
434.3	2.44966e-06
434.4	2.44555e-06
434.5	2.44146e-06
434.6	2.43737e-06
434.7	2.43329e-06
434.8	2.42921e-06
434.9	2.42515e-06
435	2.39716e-06
435.1	2.36947e-06
435.2	2.34218e-06
435.3	2.31531e-06
435.4	2.28886e-06
435.5	2.26286e-06
435.6	2.23732e-06
435.7	2.21225e-06
435.8	2.18768e-06
435.9	2.16362e-06
436	2.14008e-06
436.1	2.11708e-06
436.2	2.09465e-06
436.3	2.0728e-06
436.4	2.05154e-06
436.5	2.0309e-06
436.6	2.0109e-06
436.7	1.99155e-06
436.8	1.97288e-06
436.9	1.9549e-06
437	1.93763e-06
437.1	1.9211e-06
437.2	1.90531e-06
437.3	1.88679e-06
437.4	1.86574e-06
437.5	1.84658e-06
437.6	1.82939e-06
437.7	1.81422e-06
437.8	1.80112e-06
437.9	1.79014e-06
438	1.78131e-06
438.1	1.77466e-06
438.2	1.77023e-06
438.3	1.76803e-06
438.4	1.76806e-06
438.5	1.77033e-06
438.6	1.77483e-06
438.7	1.78154e-06
438.8	1.79044e-06
438.9	1.80149e-06
439	1.81453e-06
439.1	1.82626e-06
439.2	1.83924e-06
439.3	1.85344e-06
439.4	1.86883e-06
439.5	1.88538e-06
439.6	1.90306e-06
439.7	1.92184e-06
439.8	1.94168e-06
439.9	1.96256e-06
440	1.98445e-06
440.1	2.0073e-06
440.2	2.03109e-06
440.3	2.05579e-06
440.4	2.08135e-06
440.5	2.10776e-06
440.6	2.13498e-06
440.7	2.16297e-06
440.8	2.19171e-06
440.9	2.22118e-06
441	2.25133e-06
441.1	2.28215e-06
441.2	2.2944e-06
441.3	2.30414e-06
441.4	2.31394e-06
441.5	2.3238e-06
441.6	2.33372e-06
441.7	2.3437e-06
441.8	2.35373e-06
441.9	2.36382e-06
442	2.37396e-06
442.1	2.38416e-06
442.2	2.39441e-06
442.3	2.40471e-06
442.4	2.41507e-06
442.5	2.42547e-06
442.6	2.43593e-06
442.7	2.44644e-06
442.8	2.457e-06
442.9	2.4676e-06
443	2.47826e-06
443.1	2.48896e-06
443.2	2.49971e-06
443.3	2.51051e-06
443.4	2.52135e-06
443.5	2.53223e-06
443.6	2.54317e-06
443.7	2.55414e-06
443.8	2.56516e-06
443.9	2.57622e-06
444	2.58733e-06
444.1	2.59847e-06
444.2	2.60076e-06
444.3	2.58547e-06
444.4	2.57026e-06
444.5	2.55513e-06
444.6	2.54008e-06
444.7	2.52512e-06
444.8	2.51024e-06
444.9	2.49545e-06
445	2.48074e-06
445.1	2.46612e-06
445.2	2.4516e-06
445.3	2.43717e-06
445.4	2.42283e-06
445.5	2.40859e-06
445.6	2.39444e-06
445.7	2.3804e-06
445.8	2.36645e-06
445.9	2.35261e-06
446	2.33887e-06
446.1	2.32524e-06
446.2	2.31172e-06
446.3	2.29831e-06
446.4	2.28501e-06
446.5	2.27183e-06
446.6	2.25876e-06
446.7	2.24581e-06
446.8	2.23299e-06
446.9	2.22028e-06
447	2.2077e-06
447.1	2.19517e-06
447.2	2.16389e-06
447.3	2.13348e-06
447.4	2.104e-06
447.5	2.07547e-06
447.6	2.04795e-06
447.7	2.02147e-06
447.8	1.99607e-06
447.9	1.9718e-06
448	1.94869e-06
448.1	1.92679e-06
448.2	1.90614e-06
448.3	1.88678e-06
448.4	1.86875e-06
448.5	1.8521e-06
448.6	1.83685e-06
448.7	1.82304e-06
448.8	1.81071e-06
448.9	1.79989e-06
449	1.7906e-06
449.1	1.7828e-06
449.2	1.77587e-06
449.3	1.77105e-06
449.4	1.76837e-06
449.5	1.76783e-06
449.6	1.76944e-06
449.7	1.77318e-06
449.8	1.77905e-06
449.9	1.78702e-06
450	1.79707e-06
450.1	1.80916e-06
450.2	1.82325e-06
450.3	1.83929e-06
450.4	1.85724e-06
450.5	1.87704e-06
450.6	1.89863e-06
450.7	1.92195e-06
450.8	1.94694e-06
450.9	1.97006e-06
451	1.98622e-06
451.1	2.0029e-06
451.2	2.02009e-06
451.3	2.03776e-06
451.4	2.05592e-06
451.5	2.07454e-06
451.6	2.09362e-06
451.7	2.11313e-06
451.8	2.13308e-06
451.9	2.15345e-06
452	2.17422e-06
452.1	2.19538e-06
452.2	2.21693e-06
452.3	2.23886e-06
452.4	2.26114e-06
452.5	2.28377e-06
452.6	2.30675e-06
452.7	2.33005e-06
452.8	2.35367e-06
452.9	2.37761e-06
453	2.40185e-06
453.1	2.42638e-06
453.2	2.45119e-06
453.3	2.47628e-06
453.4	2.49715e-06
453.5	2.49733e-06
453.6	2.49751e-06
453.7	2.49769e-06
453.8	2.49787e-06
453.9	2.49804e-06
454	2.49822e-06
454.1	2.4984e-06
454.2	2.49858e-06
454.3	2.49876e-06
454.4	2.49894e-06
454.5	2.49912e-06
454.6	2.4993e-06
454.7	2.49947e-06
454.8	2.49965e-06
454.9	2.49983e-06
455	2.50001e-06
455.1	2.50019e-06
455.2	2.50037e-06
455.3	2.50055e-06
455.4	2.50073e-06
455.5	2.50091e-06
455.6	2.50108e-06
455.7	2.50126e-06
455.8	2.50144e-06
455.9	2.50162e-06
456	2.5018e-06
456.1	2.50198e-06
456.2	2.50216e-06
456.3	2.50234e-06
456.4	2.50252e-06
456.5	2.5027e-06
456.6	2.49966e-06
456.7	2.47466e-06
456.8	2.44992e-06
456.9	2.42545e-06
457	2.40125e-06
457.1	2.37734e-06
457.2	2.35372e-06
457.3	2.33041e-06
457.4	2.30741e-06
457.5	2.28473e-06
457.6	2.26238e-06
457.7	2.24037e-06
457.8	2.21872e-06
457.9	2.19742e-06
458	2.1765e-06
458.1	2.15596e-06
458.2	2.13581e-06
458.3	2.11607e-06
458.4	2.09674e-06
458.5	2.07785e-06
458.6	2.05939e-06
458.7	2.04139e-06
458.8	2.02385e-06
458.9	2.00678e-06
459	1.99021e-06
459.1	1.97413e-06
459.2	1.94917e-06
459.3	1.9241e-06
459.4	1.90069e-06
459.5	1.879e-06
459.6	1.85908e-06
459.7	1.84099e-06
459.8	1.8248e-06
459.9	1.81054e-06
460	1.79827e-06
460.1	1.78803e-06
460.2	1.77984e-06
460.3	1.77375e-06
460.4	1.76977e-06
460.5	1.76791e-06
460.6	1.76819e-06
460.7	1.7706e-06
460.8	1.77513e-06
460.9	1.78172e-06
461	1.78924e-06
461.1	1.79834e-06
461.2	1.809e-06
461.3	1.8212e-06
461.4	1.83489e-06
461.5	1.85005e-06
461.6	1.86663e-06
461.7	1.88462e-06
461.8	1.90395e-06
461.9	1.9246e-06
462	1.94652e-06
462.1	1.96967e-06
462.2	1.994e-06
462.3	2.01948e-06
462.4	2.04606e-06
462.5	2.07369e-06
462.6	2.10234e-06
462.7	2.13197e-06
462.8	2.16253e-06
462.9	2.1899e-06
463	2.2026e-06
463.1	2.21543e-06
463.2	2.2284e-06
463.3	2.24149e-06
463.4	2.25471e-06
463.5	2.26806e-06
463.6	2.28153e-06
463.7	2.29511e-06
463.8	2.30882e-06
463.9	2.32265e-06
464	2.33658e-06
464.1	2.35063e-06
464.2	2.36479e-06
464.3	2.37906e-06
464.4	2.39344e-06
464.5	2.40792e-06
464.6	2.4225e-06
464.7	2.43718e-06
464.8	2.45196e-06
464.9	2.46684e-06
465	2.48181e-06
465.1	2.49688e-06
465.2	2.51204e-06
465.3	2.52729e-06
465.4	2.54263e-06
465.5	2.55805e-06
465.6	2.57356e-06
465.7	2.58916e-06
465.8	2.60479e-06
465.9	2.59399e-06
466	2.58322e-06
466.1	2.5725e-06
466.2	2.56182e-06
466.3	2.55118e-06
466.4	2.54058e-06
466.5	2.53002e-06
466.6	2.5195e-06
466.7	2.50902e-06
466.8	2.49859e-06
466.9	2.4882e-06
467	2.47786e-06
467.1	2.46756e-06
467.2	2.4573e-06
467.3	2.44709e-06
467.4	2.43693e-06
467.5	2.42681e-06
467.6	2.41674e-06
467.7	2.40672e-06
467.8	2.39675e-06
467.9	2.38683e-06
468	2.37695e-06
468.1	2.36713e-06
468.2	2.35736e-06
468.3	2.34764e-06
468.4	2.33797e-06
468.5	2.32836e-06
468.6	2.3188e-06
468.7	2.30929e-06
468.8	2.29984e-06
468.9	2.2826e-06
469	2.25203e-06
469.1	2.2221e-06
469.2	2.19285e-06
469.3	2.16432e-06
469.4	2.13651e-06
469.5	2.10947e-06
469.6	2.08323e-06
469.7	2.0578e-06
469.8	2.03324e-06
469.9	2.00956e-06
470	1.9868e-06
470.1	1.96499e-06
470.2	1.94416e-06
470.3	1.92435e-06
470.4	1.90558e-06
470.5	1.88789e-06
470.6	1.8713e-06
470.7	1.85586e-06
470.8	1.84158e-06
470.9	1.82849e-06
471	1.81635e-06
471.1	1.80292e-06
471.2	1.79161e-06
471.3	1.78246e-06
471.4	1.77549e-06
471.5	1.77073e-06
471.6	1.76821e-06
471.7	1.76792e-06
471.8	1.76988e-06
471.9	1.77408e-06
472	1.78049e-06
472.1	1.7891e-06
472.2	1.79987e-06
472.3	1.81276e-06
472.4	1.82774e-06
472.5	1.84474e-06
472.6	1.86372e-06
472.7	1.88461e-06
472.8	1.90197e-06
472.9	1.91776e-06
473	1.93433e-06
473.1	1.95165e-06
473.2	1.9697e-06
473.3	1.98846e-06
473.4	2.00791e-06
473.5	2.02804e-06
473.6	2.04882e-06
473.7	2.07024e-06
473.8	2.09227e-06
473.9	2.11489e-06
474	2.13809e-06
474.1	2.16184e-06
474.2	2.18614e-06
474.3	2.21095e-06
474.4	2.23627e-06
474.5	2.26208e-06
474.6	2.28835e-06
474.7	2.31508e-06
474.8	2.34225e-06
474.9	2.36985e-06
475	2.39785e-06
475.1	2.41938e-06
475.2	2.42378e-06
475.3	2.42819e-06
475.4	2.43261e-06
475.5	2.43704e-06
475.6	2.44147e-06
475.7	2.44592e-06
475.8	2.45038e-06
475.9	2.45484e-06
476	2.45931e-06
476.1	2.46379e-06
476.2	2.46828e-06
476.3	2.47278e-06
476.4	2.47729e-06
476.5	2.4818e-06
476.6	2.48633e-06
476.7	2.49086e-06
476.8	2.4954e-06
476.9	2.49995e-06
477	2.50451e-06
477.1	2.50907e-06
477.2	2.51365e-06
477.3	2.51823e-06
477.4	2.52282e-06
477.5	2.52742e-06
477.6	2.53203e-06
477.7	2.53664e-06
477.8	2.54126e-06
477.9	2.54589e-06
478	2.55053e-06
478.1	2.55518e-06
478.2	2.55983e-06
478.3	2.55113e-06
478.4	2.52988e-06
478.5	2.50881e-06
478.6	2.4879e-06
478.7	2.46718e-06
478.8	2.44664e-06
478.9	2.42628e-06
479	2.40612e-06
479.1	2.38615e-06
479.2	2.36638e-06
479.3	2.34682e-06
479.4	2.32747e-06
479.5	2.30834e-06
479.6	2.28943e-06
479.7	2.27075e-06
479.8	2.2523e-06
479.9	2.23409e-06
480	2.21613e-06
480.1	2.19841e-06
480.2	2.18096e-06
480.3	2.16377e-06
480.4	2.14685e-06
480.5	2.1302e-06
480.6	2.11384e-06
480.7	2.09776e-06
480.8	2.08199e-06
480.9	2.06651e-06
481	2.04422e-06
481.1	2.01533e-06
481.2	1.98775e-06
481.3	1.96155e-06
481.4	1.93678e-06
481.5	1.91351e-06
481.6	1.89177e-06
481.7	1.87163e-06
481.8	1.85314e-06
481.9	1.83635e-06
482	1.82131e-06
482.1	1.80805e-06
482.2	1.79663e-06
482.3	1.78706e-06
482.4	1.77939e-06
482.5	1.77364e-06
482.6	1.76983e-06
482.7	1.76797e-06
482.8	1.76806e-06
482.9	1.77005e-06
483	1.77392e-06
483.1	1.77965e-06
483.2	1.78723e-06
483.3	1.79663e-06
483.4	1.80782e-06
483.5	1.82077e-06
483.6	1.83545e-06
483.7	1.85181e-06
483.8	1.86981e-06
483.9	1.8894e-06
484	1.91054e-06
484.1	1.93316e-06
484.2	1.95723e-06
484.3	1.98268e-06
484.4	2.00947e-06
484.5	2.03754e-06
484.6	2.06685e-06
484.7	2.09367e-06
484.8	2.10854e-06
484.9	2.12366e-06
485	2.13903e-06
485.1	2.15464e-06
485.2	2.17049e-06
485.3	2.18657e-06
485.4	2.20288e-06
485.5	2.21941e-06
485.6	2.23615e-06
485.7	2.25311e-06
485.8	2.27027e-06
485.9	2.28763e-06
486	2.3052e-06
486.1	2.32295e-06
486.2	2.34089e-06
486.3	2.35902e-06
486.4	2.37733e-06
486.5	2.39582e-06
486.6	2.41447e-06
486.7	2.4333e-06
486.8	2.45229e-06
486.9	2.47144e-06
487	2.49075e-06
487.1	2.5102e-06
487.2	2.52981e-06
487.3	2.54957e-06
487.4	2.56947e-06
487.5	2.57341e-06
487.6	2.5672e-06
487.7	2.56101e-06
487.8	2.55483e-06
487.9	2.54867e-06
488	2.54252e-06
488.1	2.53638e-06
488.2	2.53026e-06
488.3	2.52415e-06
488.4	2.51805e-06
488.5	2.51197e-06
488.6	2.5059e-06
488.7	2.49985e-06
488.8	2.49381e-06
488.9	2.48779e-06
489	2.48178e-06
489.1	2.47579e-06
489.2	2.46981e-06
489.3	2.46385e-06
489.4	2.4579e-06
489.5	2.45197e-06
489.6	2.44606e-06
489.7	2.44016e-06
489.8	2.43427e-06
489.9	2.4284e-06
490	2.42255e-06
490.1	2.41671e-06
490.2	2.41089e-06
490.3	2.40508e-06
490.4	2.3993e-06
490.5	2.39352e-06
490.6	2.38656e-06
490.7	2.35748e-06
490.8	2.32885e-06
490.9	2.30069e-06
491	2.27302e-06
491.1	2.24586e-06
491.2	2.21922e-06
491.3	2.19313e-06
491.4	2.16759e-06
491.5	2.14265e-06
491.6	2.1183e-06
491.7	2.09459e-06
491.8	2.07152e-06
491.9	2.04912e-06
492	2.02741e-06
492.1	2.00641e-06
492.2	1.98615e-06
492.3	1.96665e-06
492.4	1.94793e-06
492.5	1.93001e-06
492.6	1.91292e-06
492.7	1.89669e-06
492.8	1.88132e-06
492.9	1.86546e-06
493	1.84625e-06
493.1	1.82903e-06
493.2	1.81384e-06
493.3	1.80075e-06
493.4	1.78978e-06
493.5	1.781e-06
493.6	1.77442e-06
493.7	1.77007e-06
493.8	1.76798e-06
493.9	1.76813e-06
494	1.77055e-06
494.1	1.77521e-06
494.2	1.7821e-06
494.3	1.79119e-06
494.4	1.80246e-06
494.5	1.81585e-06
494.6	1.83133e-06
494.7	1.84479e-06
494.8	1.85881e-06
494.9	1.8739e-06
495	1.89006e-06
495.1	1.90724e-06
495.2	1.92542e-06
495.3	1.94457e-06
495.4	1.96466e-06
495.5	1.98567e-06
495.6	2.00757e-06
495.7	2.03032e-06
495.8	2.0539e-06
495.9	2.07829e-06
496	2.10344e-06
496.1	2.12934e-06
496.2	2.15596e-06
496.3	2.18327e-06
496.4	2.21125e-06
496.5	2.23987e-06
496.6	2.2691e-06
496.7	2.29893e-06
496.8	2.32744e-06
496.9	2.33568e-06
497	2.34395e-06
497.1	2.35226e-06
497.2	2.3606e-06
497.3	2.36899e-06
497.4	2.37741e-06
497.5	2.38587e-06
497.6	2.39437e-06
497.7	2.4029e-06
497.8	2.41147e-06
497.9	2.42007e-06
498	2.42871e-06
498.1	2.43739e-06
498.2	2.4461e-06
498.3	2.45484e-06
498.4	2.46362e-06
498.5	2.47243e-06
498.6	2.48127e-06
498.7	2.49014e-06
498.8	2.49905e-06
498.9	2.50799e-06
499	2.51696e-06
499.1	2.52596e-06
499.2	2.535e-06
499.3	2.54406e-06
499.4	2.55315e-06
499.5	2.56228e-06
499.6	2.57143e-06
499.7	2.58061e-06
499.8	2.58983e-06
499.9	2.59689e-06
