0	2.5e-06
0.1	2.5e-06
0.2	2.5e-06
0.3	2.5e-06
0.4	2.5e-06
0.5	2.5e-06
0.6	2.5e-06
0.7	2.5e-06
0.8	2.5e-06
0.9	2.5e-06
1	2.5e-06
1.1	2.5e-06
1.2	2.5e-06
1.3	2.5e-06
1.4	2.5e-06
1.5	2.5e-06
1.6	2.5e-06
1.7	2.48405e-06
1.8	2.465e-06
1.9	2.44611e-06
2	2.42737e-06
2.1	2.40879e-06
2.2	2.39038e-06
2.3	2.37214e-06
2.4	2.35407e-06
2.5	2.33618e-06
2.6	2.31847e-06
2.7	2.30095e-06
2.8	2.28362e-06
2.9	2.26648e-06
3	2.24954e-06
3.1	2.23281e-06
3.2	2.21628e-06
3.3	2.19997e-06
3.4	2.18387e-06
3.5	2.168e-06
3.6	2.15235e-06
3.7	2.13693e-06
3.8	2.12176e-06
3.9	2.10682e-06
4	2.09213e-06
4.1	2.0777e-06
4.2	2.06352e-06
4.3	2.04642e-06
4.4	2.02182e-06
4.5	1.99816e-06
4.6	1.97547e-06
4.7	1.95378e-06
4.8	1.93313e-06
4.9	1.91354e-06
5	1.89506e-06
5.1	1.87772e-06
5.2	1.86154e-06
5.3	1.84656e-06
5.4	1.83281e-06
5.5	1.82031e-06
5.6	1.80909e-06
5.7	1.79918e-06
5.8	1.7906e-06
5.9	1.78336e-06
6	1.77748e-06
6.1	1.77298e-06
6.2	1.76978e-06
6.3	1.76805e-06
6.4	1.7679e-06
6.5	1.76932e-06
6.6	1.77232e-06
6.7	1.77689e-06
6.8	1.78301e-06
6.9	1.79068e-06
7	1.79986e-06
7.1	1.81053e-06
7.2	1.82268e-06
7.3	1.83627e-06
7.4	1.85126e-06
7.5	1.86763e-06
7.6	1.88535e-06
7.7	1.90436e-06
7.8	1.92463e-06
7.9	1.94613e-06
8	1.96204e-06
8.1	1.97682e-06
8.2	1.99205e-06
8.3	2.00773e-06
8.4	2.02384e-06
8.5	2.04037e-06
8.6	2.05732e-06
8.7	2.07467e-06
8.8	2.09241e-06
8.9	2.11054e-06
9	2.12904e-06
9.1	2.14791e-06
9.2	2.16713e-06
9.3	2.18669e-06
9.4	2.20659e-06
9.5	2.22682e-06
9.6	2.24737e-06
9.7	2.26822e-06
9.8	2.28938e-06
9.9	2.31083e-06
10	2.33256e-06
10.1	2.35458e-06
10.2	2.37686e-06
10.3	2.3994e-06
10.4	2.41302e-06
10.5	2.41754e-06
10.6	2.42207e-06
10.7	2.42661e-06
10.8	2.43116e-06
10.9	2.43571e-06
11	2.44028e-06
11.1	2.44486e-06
11.2	2.44944e-06
11.3	2.45404e-06
11.4	2.45864e-06
11.5	2.46326e-06
11.6	2.46788e-06
11.7	2.47251e-06
11.8	2.47715e-06
11.9	2.4818e-06
12	2.48646e-06
12.1	2.49113e-06
12.2	2.49581e-06
12.3	2.50049e-06
12.4	2.50519e-06
12.5	2.50989e-06
12.6	2.5146e-06
12.7	2.51932e-06
12.8	2.52405e-06
12.9	2.52879e-06
13	2.53354e-06
13.1	2.53829e-06
13.2	2.54305e-06
13.3	2.54783e-06
13.4	2.55261e-06
13.5	2.55739e-06
13.6	2.55083e-06
13.7	2.53594e-06
13.8	2.52112e-06
13.9	2.50639e-06
14	2.49174e-06
14.1	2.47718e-06
14.2	2.46271e-06
14.3	2.44832e-06
14.4	2.43403e-06
14.5	2.41984e-06
14.6	2.40573e-06
14.7	2.39173e-06
14.8	2.37782e-06
14.9	2.36401e-06
15	2.3503e-06
15.1	2.3367e-06
15.2	2.3232e-06
15.3	2.30981e-06
15.4	2.29652e-06
15.5	2.28335e-06
15.6	2.27029e-06
15.7	2.25735e-06
15.8	2.24452e-06
15.9	2.23181e-06
16	2.21922e-06
16.1	2.20676e-06
16.2	2.19442e-06
16.3	2.1822e-06
16.4	2.17012e-06
16.5	2.14601e-06
16.6	2.12059e-06
16.7	2.09585e-06
16.8	2.0718e-06
16.9	2.04848e-06
17	2.02591e-06
17.1	2.00412e-06
17.2	1.98312e-06
17.3	1.96296e-06
17.4	1.94364e-06
17.5	1.92521e-06
17.6	1.90767e-06
17.7	1.89107e-06
17.8	1.87542e-06
17.9	1.86074e-06
18	1.84707e-06
18.1	1.83442e-06
18.2	1.82281e-06
18.3	1.81227e-06
18.4	1.80281e-06
18.5	1.79331e-06
18.6	1.78495e-06
18.7	1.77823e-06
18.8	1.77315e-06
18.9	1.76974e-06
19	1.76801e-06
19.1	1.76795e-06
19.2	1.76958e-06
19.3	1.77288e-06
19.4	1.77784e-06
19.5	1.78446e-06
19.6	1.79272e-06
19.7	1.80258e-06
19.8	1.81403e-06
19.9	1.82704e-06
20	1.84157e-06
20.1	1.85759e-06
20.2	1.87265e-06
20.3	1.88603e-06
20.4	1.90015e-06
20.5	1.91497e-06
20.6	1.93048e-06
20.7	1.94667e-06
20.8	1.96352e-06
20.9	1.98101e-06
21	1.99913e-06
21.1	2.01786e-06
21.2	2.03718e-06
21.3	2.05707e-06
21.4	2.07752e-06
21.5	2.09852e-06
21.6	2.12004e-06
21.7	2.14208e-06
21.8	2.1646e-06
21.9	2.18761e-06
22	2.21108e-06
22.1	2.23501e-06
22.2	2.25936e-06
22.3	2.28414e-06
22.4	2.30429e-06
22.5	2.31282e-06
22.6	2.32139e-06
22.7	2.33001e-06
22.8	2.33867e-06
22.9	2.34737e-06
23	2.35611e-06
23.1	2.3649e-06
23.2	2.37373e-06
23.3	2.3826e-06
23.4	2.39151e-06
23.5	2.40046e-06
23.6	2.40945e-06
23.7	2.41847e-06
23.8	2.42754e-06
23.9	2.43665e-06
24	2.44579e-06
24.1	2.45497e-06
24.2	2.46419e-06
24.3	2.47345e-06
24.4	2.48274e-06
24.5	2.49207e-06
24.6	2.50143e-06
24.7	2.51083e-06
24.8	2.52026e-06
24.9	2.52973e-06
25	2.53923e-06
25.1	2.54877e-06
25.2	2.55834e-06
25.3	2.56794e-06
25.4	2.57757e-06
25.5	2.57623e-06
25.6	2.56597e-06
25.7	2.55575e-06
25.8	2.54557e-06
25.9	2.53542e-06
26	2.52531e-06
26.1	2.51525e-06
26.2	2.50522e-06
26.3	2.49523e-06
26.4	2.48528e-06
26.5	2.47537e-06
26.6	2.4655e-06
26.7	2.45567e-06
26.8	2.44589e-06
26.9	2.43615e-06
27	2.42645e-06
27.1	2.41679e-06
27.2	2.40718e-06
27.3	2.39761e-06
27.4	2.38809e-06
27.5	2.37862e-06
27.6	2.36919e-06
27.7	2.35981e-06
27.8	2.35047e-06
27.9	2.34119e-06
28	2.33195e-06
28.1	2.32276e-06
28.2	2.31362e-06
28.3	2.30453e-06
28.4	2.29549e-06
28.5	2.28641e-06
28.6	2.26113e-06
28.7	2.23629e-06
28.8	2.2119e-06
28.9	2.18798e-06
29	2.16453e-06
29.1	2.14159e-06
29.2	2.11916e-06
29.3	2.09726e-06
29.4	2.07591e-06
29.5	2.05513e-06
29.6	2.03492e-06
29.7	2.01531e-06
29.8	1.99632e-06
29.9	1.97797e-06
30	1.96027e-06
30.1	1.94324e-06
30.2	1.92689e-06
30.3	1.91125e-06
30.4	1.89634e-06
30.5	1.88216e-06
30.6	1.86874e-06
30.7	1.85573e-06
30.8	1.83985e-06
30.9	1.82546e-06
31	1.81261e-06
31.1	1.80132e-06
31.2	1.79163e-06
31.3	1.78356e-06
31.4	1.77713e-06
31.5	1.77237e-06
31.6	1.76927e-06
31.7	1.76786e-06
31.8	1.76814e-06
31.9	1.7701e-06
32	1.77375e-06
32.1	1.77906e-06
32.2	1.78603e-06
32.3	1.79463e-06
32.4	1.80485e-06
32.5	1.81472e-06
32.6	1.82537e-06
32.7	1.83704e-06
32.8	1.84972e-06
32.9	1.86339e-06
33	1.87804e-06
33.1	1.89362e-06
33.2	1.91013e-06
33.3	1.92754e-06
33.4	1.94583e-06
33.5	1.96496e-06
33.6	1.98492e-06
33.7	2.00568e-06
33.8	2.02722e-06
33.9	2.04951e-06
34	2.07253e-06
34.1	2.09626e-06
34.2	2.12066e-06
34.3	2.14572e-06
34.4	2.17141e-06
34.5	2.19006e-06
34.6	2.20184e-06
34.7	2.21374e-06
34.8	2.22575e-06
34.9	2.23787e-06
35	2.25011e-06
35.1	2.26245e-06
35.2	2.2749e-06
35.3	2.28745e-06
35.4	2.30011e-06
35.5	2.31286e-06
35.6	2.32572e-06
35.7	2.33867e-06
35.8	2.35172e-06
35.9	2.36487e-06
36	2.37811e-06
36.1	2.39144e-06
36.2	2.40486e-06
36.3	2.41837e-06
36.4	2.43197e-06
36.5	2.44565e-06
36.6	2.45941e-06
36.7	2.47326e-06
36.8	2.48719e-06
36.9	2.5012e-06
37	2.51529e-06
37.1	2.52946e-06
37.2	2.5437e-06
37.3	2.55802e-06
37.4	2.56165e-06
37.5	2.55622e-06
37.6	2.55081e-06
37.7	2.54541e-06
37.8	2.54002e-06
37.9	2.53463e-06
38	2.52926e-06
38.1	2.5239e-06
38.2	2.51856e-06
38.3	2.51322e-06
38.4	2.50789e-06
38.5	2.50258e-06
38.6	2.49727e-06
38.7	2.49198e-06
38.8	2.4867e-06
38.9	2.48143e-06
39	2.47617e-06
39.1	2.47092e-06
39.2	2.46569e-06
39.3	2.46047e-06
39.4	2.45525e-06
39.5	2.45005e-06
39.6	2.44487e-06
39.7	2.43969e-06
39.8	2.43453e-06
39.9	2.42938e-06
40	2.42424e-06
40.1	2.41911e-06
40.2	2.414e-06
40.3	2.40889e-06
40.4	2.4038e-06
40.5	2.39873e-06
40.6	2.38048e-06
40.7	2.35763e-06
40.8	2.33505e-06
40.9	2.31277e-06
41	2.29078e-06
41.1	2.2691e-06
41.2	2.24774e-06
41.3	2.2267e-06
41.4	2.20599e-06
41.5	2.18563e-06
41.6	2.16562e-06
41.7	2.14597e-06
41.8	2.12669e-06
41.9	2.1078e-06
42	2.0893e-06
42.1	2.07121e-06
42.2	2.05353e-06
42.3	2.03627e-06
42.4	2.01945e-06
42.5	2.00308e-06
42.6	1.98717e-06
42.7	1.97172e-06
42.8	1.95676e-06
42.9	1.94229e-06
43	1.92296e-06
43.1	1.90267e-06
43.2	1.88367e-06
43.3	1.86598e-06
43.4	1.84965e-06
43.5	1.83472e-06
43.6	1.82121e-06
43.7	1.80917e-06
43.8	1.79861e-06
43.9	1.78957e-06
44	1.78208e-06
44.1	1.77614e-06
44.2	1.77177e-06
44.3	1.769e-06
44.4	1.76781e-06
44.5	1.76823e-06
44.6	1.77024e-06
44.7	1.77382e-06
44.8	1.77856e-06
44.9	1.78465e-06
45	1.79206e-06
45.1	1.8008e-06
45.2	1.81083e-06
45.3	1.82213e-06
45.4	1.83469e-06
45.5	1.84847e-06
45.6	1.86345e-06
45.7	1.8796e-06
45.8	1.89689e-06
45.9	1.91529e-06
46	1.93477e-06
46.1	1.9553e-06
46.2	1.97683e-06
46.3	1.99935e-06
46.4	2.02282e-06
46.5	2.0472e-06
46.6	2.07042e-06
46.7	2.08427e-06
46.8	2.09837e-06
46.9	2.1127e-06
47	2.12726e-06
47.1	2.14205e-06
47.2	2.15705e-06
47.3	2.17228e-06
47.4	2.18772e-06
47.5	2.20336e-06
47.6	2.21921e-06
47.7	2.23526e-06
47.8	2.2515e-06
47.9	2.26794e-06
48	2.28455e-06
48.1	2.30136e-06
48.2	2.31834e-06
48.3	2.33549e-06
48.4	2.35282e-06
48.5	2.37031e-06
48.6	2.38797e-06
48.7	2.40578e-06
48.8	2.42375e-06
48.9	2.44188e-06
49	2.46015e-06
49.1	2.47857e-06
49.2	2.49714e-06
49.3	2.50948e-06
49.4	2.50886e-06
49.5	2.50824e-06
49.6	2.50763e-06
49.7	2.50701e-06
49.8	2.50639e-06
49.9	2.50578e-06
50	2.50516e-06
50.1	2.50455e-06
50.2	2.50393e-06
50.3	2.50331e-06
50.4	2.5027e-06
50.5	2.50208e-06
50.6	2.50147e-06
50.7	2.50085e-06
50.8	2.50024e-06
50.9	2.49962e-06
51	2.49901e-06
51.1	2.49839e-06
51.2	2.49778e-06
51.3	2.49716e-06
51.4	2.49655e-06
51.5	2.49594e-06
51.6	2.49532e-06
51.7	2.49471e-06
51.8	2.49409e-06
51.9	2.49348e-06
52	2.49287e-06
52.1	2.49225e-06
52.2	2.49164e-06
52.3	2.49103e-06
52.4	2.49042e-06
52.5	2.4898e-06
52.6	2.47017e-06
52.7	2.45064e-06
52.8	2.43129e-06
52.9	2.41211e-06
53	2.3931e-06
53.1	2.37427e-06
53.2	2.35563e-06
53.3	2.33717e-06
53.4	2.31891e-06
53.5	2.30084e-06
53.6	2.28298e-06
53.7	2.26532e-06
53.8	2.24788e-06
53.9	2.23065e-06
54	2.21365e-06
54.1	2.19687e-06
54.2	2.18032e-06
54.3	2.16401e-06
54.4	2.14794e-06
54.5	2.13213e-06
54.6	2.11656e-06
54.7	2.10126e-06
54.8	2.08622e-06
54.9	2.07145e-06
55	2.05696e-06
55.1	2.04275e-06
55.2	2.02081e-06
55.3	1.99697e-06
55.4	1.97411e-06
55.5	1.95228e-06
55.6	1.93151e-06
55.7	1.91183e-06
55.8	1.89328e-06
55.9	1.87589e-06
56	1.85969e-06
56.1	1.84472e-06
56.2	1.831e-06
56.3	1.81856e-06
56.4	1.80744e-06
56.5	1.79765e-06
56.6	1.78921e-06
56.7	1.78215e-06
56.8	1.77648e-06
56.9	1.77222e-06
57	1.76936e-06
57.1	1.76791e-06
57.2	1.76802e-06
57.3	1.76969e-06
57.4	1.77292e-06
57.5	1.77769e-06
57.6	1.784e-06
57.7	1.79182e-06
57.8	1.80114e-06
57.9	1.81193e-06
58	1.82418e-06
58.1	1.83784e-06
58.2	1.85289e-06
58.3	1.86929e-06
58.4	1.88701e-06
58.5	1.90602e-06
58.6	1.92627e-06
58.7	1.94772e-06
58.8	1.96759e-06
58.9	1.98217e-06
59	1.99719e-06
59.1	2.01262e-06
59.2	2.02846e-06
59.3	2.04471e-06
59.4	2.06134e-06
59.5	2.07836e-06
59.6	2.09575e-06
59.7	2.11351e-06
59.8	2.13162e-06
59.9	2.15007e-06
60	2.16886e-06
60.1	2.18798e-06
60.2	2.20742e-06
60.3	2.22717e-06
60.4	2.24722e-06
60.5	2.26756e-06
60.6	2.2882e-06
60.7	2.30911e-06
60.8	2.3303e-06
60.9	2.35174e-06
61	2.37345e-06
61.1	2.39541e-06
61.2	2.41761e-06
61.3	2.42668e-06
61.4	2.43063e-06
61.5	2.43459e-06
61.6	2.43855e-06
61.7	2.44252e-06
61.8	2.4465e-06
61.9	2.45049e-06
62	2.45448e-06
62.1	2.45849e-06
62.2	2.46249e-06
62.3	2.46651e-06
62.4	2.47053e-06
62.5	2.47456e-06
62.6	2.47859e-06
62.7	2.48264e-06
62.8	2.48669e-06
62.9	2.49074e-06
63	2.4948e-06
63.1	2.49887e-06
63.2	2.50295e-06
63.3	2.50703e-06
63.4	2.51112e-06
63.5	2.51522e-06
63.6	2.51932e-06
63.7	2.52343e-06
63.8	2.52754e-06
63.9	2.53166e-06
64	2.53579e-06
64.1	2.53993e-06
64.2	2.54407e-06
64.3	2.54821e-06
64.4	2.55237e-06
64.5	2.54281e-06
64.6	2.52734e-06
64.7	2.51196e-06
64.8	2.49667e-06
64.9	2.48148e-06
65	2.46638e-06
65.1	2.45138e-06
65.2	2.43648e-06
65.3	2.42168e-06
65.4	2.40698e-06
65.5	2.39238e-06
65.6	2.37789e-06
65.7	2.36351e-06
65.8	2.34924e-06
65.9	2.33509e-06
66	2.32104e-06
66.1	2.30711e-06
66.2	2.29331e-06
66.3	2.27962e-06
66.4	2.26605e-06
66.5	2.25261e-06
66.6	2.2393e-06
66.7	2.22612e-06
66.8	2.21307e-06
66.9	2.20015e-06
67	2.18737e-06
67.1	2.17473e-06
67.2	2.16223e-06
67.3	2.14634e-06
67.4	2.12056e-06
67.5	2.09549e-06
67.6	2.07113e-06
67.7	2.04751e-06
67.8	2.02467e-06
67.9	2.00263e-06
68	1.98141e-06
68.1	1.96104e-06
68.2	1.94156e-06
68.3	1.92297e-06
68.4	1.90532e-06
68.5	1.88863e-06
68.6	1.87292e-06
68.7	1.85822e-06
68.8	1.84455e-06
68.9	1.83193e-06
69	1.82039e-06
69.1	1.80996e-06
69.2	1.80063e-06
69.3	1.79199e-06
69.4	1.78388e-06
69.5	1.77741e-06
69.6	1.77258e-06
69.7	1.7694e-06
69.8	1.7679e-06
69.9	1.76807e-06
70	1.76991e-06
70.1	1.77342e-06
70.2	1.77858e-06
70.3	1.78539e-06
70.4	1.79382e-06
70.5	1.80385e-06
70.6	1.81545e-06
70.7	1.8286e-06
70.8	1.84326e-06
70.9	1.8594e-06
71	1.87676e-06
71.1	1.89011e-06
71.2	1.90415e-06
71.3	1.91887e-06
71.4	1.93426e-06
71.5	1.95029e-06
71.6	1.96695e-06
71.7	1.98423e-06
71.8	2.00211e-06
71.9	2.02057e-06
72	2.03959e-06
72.1	2.05918e-06
72.2	2.07929e-06
72.3	2.09993e-06
72.4	2.12107e-06
72.5	2.14271e-06
72.6	2.16481e-06
72.7	2.18739e-06
72.8	2.2104e-06
72.9	2.23386e-06
73	2.25773e-06
73.1	2.28201e-06
73.2	2.30668e-06
73.3	2.32155e-06
73.4	2.3296e-06
73.5	2.33769e-06
73.6	2.34582e-06
73.7	2.35398e-06
73.8	2.36218e-06
73.9	2.37042e-06
74	2.37869e-06
74.1	2.387e-06
74.2	2.39534e-06
74.3	2.40372e-06
74.4	2.41214e-06
74.5	2.42058e-06
74.6	2.42906e-06
74.7	2.43758e-06
74.8	2.44613e-06
74.9	2.45471e-06
75	2.46332e-06
75.1	2.47196e-06
75.2	2.48064e-06
75.3	2.48935e-06
75.4	2.49809e-06
75.5	2.50686e-06
75.6	2.51566e-06
75.7	2.52449e-06
75.8	2.53335e-06
75.9	2.54224e-06
76	2.55116e-06
76.1	2.56011e-06
76.2	2.56909e-06
76.3	2.57809e-06
76.4	2.57407e-06
76.5	2.56319e-06
76.6	2.55236e-06
76.7	2.54156e-06
76.8	2.53081e-06
76.9	2.5201e-06
77	2.50944e-06
77.1	2.49882e-06
77.2	2.48824e-06
77.3	2.47771e-06
77.4	2.46723e-06
77.5	2.45679e-06
77.6	2.4464e-06
77.7	2.43606e-06
77.8	2.42577e-06
77.9	2.41553e-06
78	2.40533e-06
78.1	2.39519e-06
78.2	2.3851e-06
78.3	2.37506e-06
78.4	2.36507e-06
78.5	2.35514e-06
78.6	2.34526e-06
78.7	2.33543e-06
78.8	2.32566e-06
78.9	2.31594e-06
79	2.30628e-06
79.1	2.29668e-06
79.2	2.28714e-06
79.3	2.27766e-06
79.4	2.26301e-06
79.5	2.23769e-06
79.6	2.21284e-06
79.7	2.18847e-06
79.8	2.16459e-06
79.9	2.14124e-06
80	2.11842e-06
80.1	2.09615e-06
80.2	2.07444e-06
80.3	2.05333e-06
80.4	2.03281e-06
80.5	2.01292e-06
80.6	1.99368e-06
80.7	1.97509e-06
80.8	1.95718e-06
80.9	1.93997e-06
81	1.92348e-06
81.1	1.90772e-06
81.2	1.89271e-06
81.3	1.87848e-06
81.4	1.86504e-06
81.5	1.8524e-06
81.6	1.83809e-06
81.7	1.82387e-06
81.8	1.81118e-06
81.9	1.80007e-06
82	1.79056e-06
82.1	1.78268e-06
82.2	1.77645e-06
82.3	1.77188e-06
82.4	1.769e-06
82.5	1.7678e-06
82.6	1.7683e-06
82.7	1.77049e-06
82.8	1.77436e-06
82.9	1.7799e-06
83	1.78711e-06
83.1	1.79595e-06
83.2	1.8064e-06
83.3	1.81732e-06
83.4	1.82806e-06
83.5	1.83979e-06
83.6	1.85251e-06
83.7	1.86617e-06
83.8	1.88078e-06
83.9	1.8963e-06
84	1.91271e-06
84.1	1.92999e-06
84.2	1.94812e-06
84.3	1.96707e-06
84.4	1.98682e-06
84.5	2.00734e-06
84.6	2.02862e-06
84.7	2.05062e-06
84.8	2.07334e-06
84.9	2.09673e-06
85	2.12079e-06
85.1	2.14548e-06
85.2	2.17079e-06
85.3	2.19669e-06
85.4	2.20966e-06
85.5	2.22111e-06
85.6	2.23266e-06
85.7	2.24432e-06
85.8	2.25607e-06
85.9	2.26793e-06
86	2.27987e-06
86.1	2.29192e-06
86.2	2.30406e-06
86.3	2.31629e-06
86.4	2.32861e-06
86.5	2.34102e-06
86.6	2.35352e-06
86.7	2.3661e-06
86.8	2.37877e-06
86.9	2.39153e-06
87	2.40436e-06
87.1	2.41728e-06
87.2	2.43028e-06
87.3	2.44335e-06
87.4	2.45651e-06
87.5	2.46974e-06
87.6	2.48304e-06
87.7	2.49642e-06
87.8	2.50987e-06
87.9	2.52339e-06
88	2.53698e-06
88.1	2.55064e-06
88.2	2.56437e-06
88.3	2.56512e-06
88.4	2.55906e-06
88.5	2.55301e-06
88.6	2.54698e-06
88.7	2.54096e-06
88.8	2.53495e-06
88.9	2.52896e-06
89	2.52298e-06
89.1	2.51702e-06
89.2	2.51106e-06
89.3	2.50513e-06
89.4	2.4992e-06
89.5	2.49329e-06
89.6	2.4874e-06
89.7	2.48151e-06
89.8	2.47565e-06
89.9	2.46979e-06
90	2.46396e-06
90.1	2.45813e-06
90.2	2.45232e-06
90.3	2.44653e-06
90.4	2.44075e-06
90.5	2.43499e-06
90.6	2.42924e-06
90.7	2.4235e-06
90.8	2.41778e-06
90.9	2.41208e-06
91	2.40639e-06
91.1	2.40072e-06
91.2	2.39507e-06
91.3	2.38943e-06
91.4	2.3838e-06
91.5	2.36089e-06
91.6	2.33775e-06
91.7	2.31492e-06
91.8	2.2924e-06
91.9	2.27019e-06
92	2.24832e-06
92.1	2.22679e-06
92.2	2.2056e-06
92.3	2.18478e-06
92.4	2.16432e-06
92.5	2.14425e-06
92.6	2.12456e-06
92.7	2.10528e-06
92.8	2.08641e-06
92.9	2.06797e-06
93	2.04996e-06
93.1	2.0324e-06
93.2	2.0153e-06
93.3	1.99867e-06
93.4	1.98252e-06
93.5	1.96687e-06
93.6	1.95173e-06
93.7	1.9371e-06
93.8	1.92125e-06
93.9	1.90096e-06
94	1.88197e-06
94.1	1.86432e-06
94.2	1.84804e-06
94.3	1.83318e-06
94.4	1.81977e-06
94.5	1.80783e-06
94.6	1.79741e-06
94.7	1.78852e-06
94.8	1.78118e-06
94.9	1.77543e-06
95	1.77127e-06
95.1	1.76872e-06
95.2	1.76777e-06
95.3	1.76844e-06
95.4	1.77073e-06
95.5	1.77462e-06
95.6	1.77974e-06
95.7	1.78603e-06
95.8	1.79362e-06
95.9	1.8025e-06
96	1.81265e-06
96.1	1.82404e-06
96.2	1.83665e-06
96.3	1.85045e-06
96.4	1.86543e-06
96.5	1.88155e-06
96.6	1.89878e-06
96.7	1.91709e-06
96.8	1.93646e-06
96.9	1.95684e-06
97	1.97822e-06
97.1	2.00055e-06
97.2	2.02381e-06
97.3	2.04796e-06
97.4	2.07298e-06
97.5	2.09117e-06
97.6	2.10493e-06
97.7	2.1189e-06
97.8	2.13308e-06
97.9	2.14747e-06
98	2.16207e-06
98.1	2.17688e-06
98.2	2.19188e-06
98.3	2.20707e-06
98.4	2.22245e-06
98.5	2.23802e-06
98.6	2.25377e-06
98.7	2.26969e-06
98.8	2.2858e-06
98.9	2.30207e-06
99	2.31851e-06
99.1	2.33511e-06
99.2	2.35187e-06
99.3	2.36879e-06
99.4	2.38587e-06
99.5	2.40309e-06
99.6	2.42046e-06
99.7	2.43797e-06
99.8	2.45563e-06
99.9	2.47342e-06
100	2.49134e-06
100.1	2.5094e-06
100.2	2.51823e-06
100.3	2.51699e-06
100.4	2.51575e-06
100.5	2.51452e-06
100.6	2.51328e-06
100.7	2.51204e-06
100.8	2.51081e-06
100.9	2.50957e-06
101	2.50834e-06
101.1	2.50711e-06
101.2	2.50587e-06
101.3	2.50464e-06
101.4	2.50341e-06
101.5	2.50218e-06
101.6	2.50095e-06
101.7	2.49972e-06
101.8	2.49849e-06
101.9	2.49726e-06
102	2.49603e-06
102.1	2.4948e-06
102.2	2.49358e-06
102.3	2.49235e-06
102.4	2.49112e-06
102.5	2.4899e-06
102.6	2.48867e-06
102.7	2.48745e-06
102.8	2.48623e-06
102.9	2.485e-06
103	2.48378e-06
103.1	2.48256e-06
103.2	2.48134e-06
103.3	2.48012e-06
103.4	2.47563e-06
103.5	2.45549e-06
103.6	2.43551e-06
103.7	2.41572e-06
103.8	2.39612e-06
103.9	2.3767e-06
104	2.35748e-06
104.1	2.33845e-06
104.2	2.31964e-06
104.3	2.30103e-06
104.4	2.28263e-06
104.5	2.26446e-06
104.6	2.2465e-06
104.7	2.22878e-06
104.8	2.2113e-06
104.9	2.19406e-06
105	2.17706e-06
105.1	2.16032e-06
105.2	2.14383e-06
105.3	2.12761e-06
105.4	2.11167e-06
105.5	2.096e-06
105.6	2.08061e-06
105.7	2.06551e-06
105.8	2.05071e-06
105.9	2.03621e-06
106	2.01978e-06
106.1	1.99577e-06
106.2	1.97276e-06
106.3	1.9508e-06
106.4	1.92991e-06
106.5	1.91015e-06
106.6	1.89153e-06
106.7	1.8741e-06
106.8	1.85789e-06
106.9	1.84293e-06
107	1.82926e-06
107.1	1.81689e-06
107.2	1.80586e-06
107.3	1.79619e-06
107.4	1.78791e-06
107.5	1.78103e-06
107.6	1.77557e-06
107.7	1.77154e-06
107.8	1.76896e-06
107.9	1.76782e-06
108	1.7682e-06
108.1	1.77012e-06
108.2	1.77357e-06
108.3	1.77855e-06
108.4	1.78503e-06
108.5	1.79301e-06
108.6	1.80247e-06
108.7	1.81337e-06
108.8	1.82571e-06
108.9	1.83943e-06
109	1.85453e-06
109.1	1.87095e-06
109.2	1.88868e-06
109.3	1.90766e-06
109.4	1.92787e-06
109.5	1.94927e-06
109.6	1.97181e-06
109.7	1.98779e-06
109.8	2.00259e-06
109.9	2.01777e-06
110	2.03335e-06
110.1	2.0493e-06
110.2	2.06562e-06
110.3	2.0823e-06
110.4	2.09934e-06
110.5	2.11671e-06
110.6	2.13443e-06
110.7	2.15247e-06
110.8	2.17083e-06
110.9	2.1895e-06
111	2.20847e-06
111.1	2.22774e-06
111.2	2.2473e-06
111.3	2.26714e-06
111.4	2.28725e-06
111.5	2.30762e-06
111.6	2.32826e-06
111.7	2.34915e-06
111.8	2.37028e-06
111.9	2.39165e-06
112	2.41325e-06
112.1	2.43508e-06
112.2	2.43967e-06
112.3	2.44305e-06
112.4	2.44643e-06
112.5	2.44981e-06
112.6	2.4532e-06
112.7	2.4566e-06
112.8	2.46e-06
112.9	2.4634e-06
113	2.46681e-06
113.1	2.47023e-06
113.2	2.47365e-06
113.3	2.47707e-06
113.4	2.4805e-06
113.5	2.48393e-06
113.6	2.48737e-06
113.7	2.49082e-06
113.8	2.49427e-06
113.9	2.49772e-06
114	2.50118e-06
114.1	2.50464e-06
114.2	2.50811e-06
114.3	2.51158e-06
114.4	2.51506e-06
114.5	2.51854e-06
114.6	2.52203e-06
114.7	2.52552e-06
114.8	2.52902e-06
114.9	2.53252e-06
115	2.53603e-06
115.1	2.53954e-06
115.2	2.54305e-06
115.3	2.54657e-06
115.4	2.53395e-06
115.5	2.51792e-06
115.6	2.50199e-06
115.7	2.48616e-06
115.8	2.47043e-06
115.9	2.45481e-06
116	2.43929e-06
116.1	2.42388e-06
116.2	2.40858e-06
116.3	2.3934e-06
116.4	2.37833e-06
116.5	2.36337e-06
116.6	2.34854e-06
116.7	2.33383e-06
116.8	2.31924e-06
116.9	2.30478e-06
117	2.29044e-06
117.1	2.27624e-06
117.2	2.26217e-06
117.3	2.24824e-06
117.4	2.23444e-06
117.5	2.22079e-06
117.6	2.20728e-06
117.7	2.19391e-06
117.8	2.1807e-06
117.9	2.16763e-06
118	2.15472e-06
118.1	2.14197e-06
118.2	2.12057e-06
118.3	2.09517e-06
118.4	2.0705e-06
118.5	2.0466e-06
118.6	2.02349e-06
118.7	2.00121e-06
118.8	1.97977e-06
118.9	1.95921e-06
119	1.93956e-06
119.1	1.92083e-06
119.2	1.90307e-06
119.3	1.88629e-06
119.4	1.87053e-06
119.5	1.8558e-06
119.6	1.84214e-06
119.7	1.82957e-06
119.8	1.8181e-06
119.9	1.80777e-06
120	1.79859e-06
120.1	1.79058e-06
120.2	1.78281e-06
120.3	1.7766e-06
120.4	1.77202e-06
120.5	1.76909e-06
120.6	1.76782e-06
120.7	1.76822e-06
120.8	1.77028e-06
120.9	1.77399e-06
121	1.77934e-06
121.1	1.78633e-06
121.2	1.79493e-06
121.3	1.80512e-06
121.4	1.81687e-06
121.5	1.83015e-06
121.6	1.84493e-06
121.7	1.86118e-06
121.8	1.87885e-06
121.9	1.89439e-06
122	1.90836e-06
122.1	1.92298e-06
122.2	1.93823e-06
122.3	1.95409e-06
122.4	1.97057e-06
122.5	1.98763e-06
122.6	2.00526e-06
122.7	2.02345e-06
122.8	2.04218e-06
122.9	2.06145e-06
123	2.08122e-06
123.1	2.1015e-06
123.2	2.12226e-06
123.3	2.14349e-06
123.4	2.16518e-06
123.5	2.18731e-06
123.6	2.20987e-06
123.7	2.23285e-06
123.8	2.25624e-06
123.9	2.28001e-06
124	2.30417e-06
124.1	2.32869e-06
124.2	2.33827e-06
124.3	2.34582e-06
124.4	2.35341e-06
124.5	2.36104e-06
124.6	2.36869e-06
124.7	2.37637e-06
124.8	2.38409e-06
124.9	2.39184e-06
125	2.39961e-06
125.1	2.40742e-06
125.2	2.41526e-06
125.3	2.42312e-06
125.4	2.43102e-06
125.5	2.43894e-06
125.6	2.44689e-06
125.7	2.45487e-06
125.8	2.46288e-06
125.9	2.47092e-06
126	2.47898e-06
126.1	2.48707e-06
126.2	2.49519e-06
126.3	2.50334e-06
126.4	2.51151e-06
126.5	2.5197e-06
126.6	2.52793e-06
126.7	2.53618e-06
126.8	2.54445e-06
126.9	2.55275e-06
127	2.56108e-06
127.1	2.56943e-06
127.2	2.5778e-06
127.3	2.57109e-06
127.4	2.55959e-06
127.5	2.54815e-06
127.6	2.53675e-06
127.7	2.5254e-06
127.8	2.51409e-06
127.9	2.50284e-06
128	2.49164e-06
128.1	2.48048e-06
128.2	2.46938e-06
128.3	2.45833e-06
128.4	2.44734e-06
128.5	2.4364e-06
128.6	2.42551e-06
128.7	2.41468e-06
128.8	2.4039e-06
128.9	2.39318e-06
129	2.38252e-06
129.1	2.37191e-06
129.2	2.36136e-06
129.3	2.35088e-06
129.4	2.34045e-06
129.5	2.33009e-06
129.6	2.31979e-06
129.7	2.30955e-06
129.8	2.29937e-06
129.9	2.28926e-06
130	2.27922e-06
130.1	2.26924e-06
130.2	2.25933e-06
130.3	2.2392e-06
130.4	2.21388e-06
130.5	2.18907e-06
130.6	2.16477e-06
130.7	2.14101e-06
130.8	2.1178e-06
130.9	2.09516e-06
131	2.07311e-06
131.1	2.05166e-06
131.2	2.03085e-06
131.3	2.01068e-06
131.4	1.99118e-06
131.5	1.97236e-06
131.6	1.95425e-06
131.7	1.93687e-06
131.8	1.92023e-06
131.9	1.90435e-06
132	1.88927e-06
132.1	1.87498e-06
132.2	1.86152e-06
132.3	1.84889e-06
132.4	1.83631e-06
132.5	1.82225e-06
132.6	1.80974e-06
132.7	1.79881e-06
132.8	1.78949e-06
132.9	1.78181e-06
133	1.77578e-06
133.1	1.77142e-06
133.2	1.76875e-06
133.3	1.76777e-06
133.4	1.76849e-06
133.5	1.7709e-06
133.6	1.77499e-06
133.7	1.78076e-06
133.8	1.78819e-06
133.9	1.79725e-06
134	1.80793e-06
134.1	1.82008e-06
134.2	1.83091e-06
134.3	1.8427e-06
134.4	1.85543e-06
134.5	1.86909e-06
134.6	1.88366e-06
134.7	1.8991e-06
134.8	1.91541e-06
134.9	1.93256e-06
135	1.95052e-06
135.1	1.96928e-06
135.2	1.98881e-06
135.3	2.0091e-06
135.4	2.03011e-06
135.5	2.05182e-06
135.6	2.07422e-06
135.7	2.09728e-06
135.8	2.12098e-06
135.9	2.1453e-06
136	2.17022e-06
136.1	2.19571e-06
136.2	2.21788e-06
136.3	2.22888e-06
136.4	2.23997e-06
136.5	2.25115e-06
136.6	2.26242e-06
136.7	2.27379e-06
136.8	2.28523e-06
136.9	2.29677e-06
137	2.30839e-06
137.1	2.32009e-06
137.2	2.33188e-06
137.3	2.34374e-06
137.4	2.35569e-06
137.5	2.36772e-06
137.6	2.37982e-06
137.7	2.392e-06
137.8	2.40425e-06
137.9	2.41658e-06
138	2.42898e-06
138.1	2.44145e-06
138.2	2.45399e-06
138.3	2.46661e-06
138.4	2.47929e-06
138.5	2.49203e-06
138.6	2.50485e-06
138.7	2.51773e-06
138.8	2.53067e-06
138.9	2.54368e-06
139	2.55675e-06
139.1	2.56988e-06
139.2	2.5678e-06
139.3	2.56111e-06
139.4	2.55443e-06
139.5	2.54777e-06
139.6	2.54112e-06
139.7	2.53449e-06
139.8	2.52788e-06
139.9	2.52128e-06
140	2.5147e-06
140.1	2.50814e-06
140.2	2.50159e-06
140.3	2.49506e-06
140.4	2.48855e-06
140.5	2.48206e-06
140.6	2.47558e-06
140.7	2.46912e-06
140.8	2.46268e-06
140.9	2.45625e-06
141	2.44985e-06
141.1	2.44346e-06
141.2	2.43709e-06
141.3	2.43074e-06
141.4	2.4244e-06
141.5	2.41809e-06
141.6	2.41179e-06
141.7	2.40552e-06
141.8	2.39926e-06
141.9	2.39302e-06
142	2.38681e-06
142.1	2.38061e-06
142.2	2.37443e-06
142.3	2.36434e-06
142.4	2.34065e-06
142.5	2.31726e-06
142.6	2.29421e-06
142.7	2.27148e-06
142.8	2.2491e-06
142.9	2.22708e-06
143	2.20541e-06
143.1	2.18413e-06
143.2	2.16323e-06
143.3	2.14273e-06
143.4	2.12264e-06
143.5	2.10297e-06
143.6	2.08374e-06
143.7	2.06495e-06
143.8	2.04662e-06
143.9	2.02875e-06
144	2.01137e-06
144.1	1.99449e-06
144.2	1.97812e-06
144.3	1.96226e-06
144.4	1.94694e-06
144.5	1.93217e-06
144.6	1.91795e-06
144.7	1.89921e-06
144.8	1.88025e-06
144.9	1.86265e-06
145	1.84644e-06
145.1	1.83166e-06
145.2	1.81834e-06
145.3	1.80652e-06
145.4	1.79623e-06
145.5	1.78749e-06
145.6	1.78033e-06
145.7	1.77477e-06
145.8	1.77081e-06
145.9	1.76848e-06
146	1.76777e-06
146.1	1.76869e-06
146.2	1.77124e-06
146.3	1.77542e-06
146.4	1.78101e-06
146.5	1.78751e-06
146.6	1.79528e-06
146.7	1.8043e-06
146.8	1.81456e-06
146.9	1.82603e-06
147	1.83869e-06
147.1	1.85252e-06
147.2	1.86748e-06
147.3	1.88356e-06
147.4	1.90072e-06
147.5	1.91894e-06
147.6	1.93819e-06
147.7	1.95843e-06
147.8	1.97963e-06
147.9	2.00177e-06
148	2.02481e-06
148.1	2.04873e-06
148.2	2.07349e-06
148.3	2.09842e-06
148.4	2.11182e-06
148.5	2.12543e-06
148.6	2.13923e-06
148.7	2.15323e-06
148.8	2.16742e-06
148.9	2.18179e-06
149	2.19635e-06
149.1	2.21109e-06
149.2	2.226e-06
149.3	2.24109e-06
149.4	2.25635e-06
149.5	2.27177e-06
149.6	2.28735e-06
149.7	2.3031e-06
149.8	2.319e-06
149.9	2.33505e-06
150	2.35125e-06
150.1	2.3676e-06
150.2	2.38409e-06
150.3	2.40072e-06
150.4	2.41749e-06
150.5	2.4344e-06
150.6	2.45143e-06
150.7	2.4686e-06
150.8	2.48589e-06
150.9	2.50331e-06
151	2.52084e-06
151.1	2.52625e-06
151.2	2.52438e-06
151.3	2.52252e-06
151.4	2.52066e-06
151.5	2.5188e-06
151.6	2.51695e-06
151.7	2.51509e-06
151.8	2.51323e-06
151.9	2.51138e-06
152	2.50953e-06
152.1	2.50768e-06
152.2	2.50583e-06
152.3	2.50398e-06
152.4	2.50213e-06
152.5	2.50028e-06
152.6	2.49844e-06
152.7	2.4966e-06
152.8	2.49476e-06
152.9	2.49292e-06
153	2.49108e-06
153.1	2.48924e-06
153.2	2.4874e-06
153.3	2.48557e-06
153.4	2.48373e-06
153.5	2.4819e-06
153.6	2.48007e-06
153.7	2.47824e-06
153.8	2.47641e-06
153.9	2.47459e-06
154	2.47276e-06
154.1	2.47094e-06
154.2	2.46912e-06
154.3	2.46062e-06
154.4	2.44002e-06
154.5	2.41962e-06
154.6	2.39942e-06
154.7	2.37941e-06
154.8	2.35961e-06
154.9	2.34002e-06
155	2.32064e-06
155.1	2.30149e-06
155.2	2.28256e-06
155.3	2.26386e-06
155.4	2.24541e-06
155.5	2.22719e-06
155.6	2.20923e-06
155.7	2.19152e-06
155.8	2.17408e-06
155.9	2.15691e-06
156	2.14001e-06
156.1	2.12339e-06
156.2	2.10706e-06
156.3	2.09103e-06
156.4	2.07529e-06
156.5	2.05987e-06
156.6	2.04477e-06
156.7	2.02998e-06
156.8	2.01553e-06
156.9	1.99454e-06
157	1.97139e-06
157.1	1.94931e-06
157.2	1.92833e-06
157.3	1.90849e-06
157.4	1.88982e-06
157.5	1.87236e-06
157.6	1.85614e-06
157.7	1.8412e-06
157.8	1.82757e-06
157.9	1.81528e-06
158	1.80435e-06
158.1	1.79481e-06
158.2	1.78668e-06
158.3	1.77998e-06
158.4	1.77473e-06
158.5	1.77094e-06
158.6	1.76862e-06
158.7	1.76777e-06
158.8	1.76843e-06
158.9	1.7706e-06
159	1.77428e-06
159.1	1.77946e-06
159.2	1.78612e-06
159.3	1.79426e-06
159.4	1.80385e-06
159.5	1.81486e-06
159.6	1.82727e-06
159.7	1.84106e-06
159.8	1.85619e-06
159.9	1.87263e-06
160	1.89034e-06
160.1	1.9093e-06
160.2	1.92945e-06
160.3	1.95078e-06
160.4	1.97323e-06
160.5	1.9937e-06
160.6	2.00826e-06
160.7	2.02319e-06
160.8	2.03849e-06
160.9	2.05415e-06
161	2.07015e-06
161.1	2.08649e-06
161.2	2.10317e-06
161.3	2.12017e-06
161.4	2.13749e-06
161.5	2.15511e-06
161.6	2.17304e-06
161.7	2.19126e-06
161.8	2.20977e-06
161.9	2.22856e-06
162	2.24763e-06
162.1	2.26695e-06
162.2	2.28654e-06
162.3	2.30638e-06
162.4	2.32647e-06
162.5	2.34679e-06
162.6	2.36735e-06
162.7	2.38814e-06
162.8	2.40914e-06
162.9	2.43037e-06
163	2.44922e-06
163.1	2.452e-06
163.2	2.45479e-06
163.3	2.45758e-06
163.4	2.46038e-06
163.5	2.46318e-06
163.6	2.46598e-06
163.7	2.46879e-06
163.8	2.4716e-06
163.9	2.47441e-06
164	2.47723e-06
164.1	2.48005e-06
164.2	2.48287e-06
164.3	2.4857e-06
164.4	2.48853e-06
164.5	2.49136e-06
164.6	2.4942e-06
164.7	2.49704e-06
164.8	2.49988e-06
164.9	2.50273e-06
165	2.50557e-06
165.1	2.50843e-06
165.2	2.51128e-06
165.3	2.51414e-06
165.4	2.517e-06
165.5	2.51987e-06
165.6	2.52274e-06
165.7	2.52561e-06
165.8	2.52848e-06
165.9	2.53136e-06
166	2.53424e-06
166.1	2.53713e-06
166.2	2.54001e-06
166.3	2.52425e-06
166.4	2.50767e-06
166.5	2.4912e-06
166.6	2.47484e-06
166.7	2.4586e-06
166.8	2.44246e-06
166.9	2.42644e-06
167	2.41055e-06
167.1	2.39477e-06
167.2	2.37911e-06
167.3	2.36359e-06
167.4	2.34819e-06
167.5	2.33292e-06
167.6	2.31778e-06
167.7	2.30278e-06
167.8	2.28792e-06
167.9	2.27321e-06
168	2.25863e-06
168.1	2.24421e-06
168.2	2.22993e-06
168.3	2.21581e-06
168.4	2.20184e-06
168.5	2.18803e-06
168.6	2.17438e-06
168.7	2.1609e-06
168.8	2.14759e-06
168.9	2.13444e-06
169	2.12059e-06
169.1	2.09487e-06
169.2	2.06991e-06
169.3	2.04573e-06
169.4	2.02237e-06
169.5	1.99985e-06
169.6	1.9782e-06
169.7	1.95745e-06
169.8	1.93764e-06
169.9	1.91878e-06
170	1.90091e-06
170.1	1.88405e-06
170.2	1.86824e-06
170.3	1.85349e-06
170.4	1.83985e-06
170.5	1.82732e-06
170.6	1.81593e-06
170.7	1.80571e-06
170.8	1.79667e-06
170.9	1.78884e-06
171	1.78175e-06
171.1	1.7758e-06
171.2	1.77149e-06
171.3	1.76881e-06
171.4	1.76778e-06
171.5	1.7684e-06
171.6	1.77067e-06
171.7	1.77459e-06
171.8	1.78014e-06
171.9	1.7873e-06
172	1.79607e-06
172.1	1.80641e-06
172.2	1.81829e-06
172.3	1.8317e-06
172.4	1.84658e-06
172.5	1.86292e-06
172.6	1.88067e-06
172.7	1.89889e-06
172.8	1.91278e-06
172.9	1.92729e-06
173	1.9424e-06
173.1	1.9581e-06
173.2	1.97438e-06
173.3	1.99121e-06
173.4	2.0086e-06
173.5	2.02652e-06
173.6	2.04495e-06
173.7	2.0639e-06
173.8	2.08333e-06
173.9	2.10324e-06
174	2.12362e-06
174.1	2.14444e-06
174.2	2.16571e-06
174.3	2.1874e-06
174.4	2.2095e-06
174.5	2.232e-06
174.6	2.2549e-06
174.7	2.27817e-06
174.8	2.3018e-06
174.9	2.32579e-06
175	2.34739e-06
175.1	2.35441e-06
175.2	2.36146e-06
175.3	2.36854e-06
175.4	2.37564e-06
175.5	2.38277e-06
175.6	2.38993e-06
175.7	2.39711e-06
175.8	2.40432e-06
175.9	2.41155e-06
176	2.41881e-06
176.1	2.42609e-06
176.2	2.4334e-06
176.3	2.44074e-06
176.4	2.44809e-06
176.5	2.45548e-06
176.6	2.46288e-06
176.7	2.47031e-06
176.8	2.47776e-06
176.9	2.48524e-06
177	2.49274e-06
177.1	2.50026e-06
177.2	2.50781e-06
177.3	2.51537e-06
177.4	2.52296e-06
177.5	2.53058e-06
177.6	2.53821e-06
177.7	2.54586e-06
177.8	2.55354e-06
177.9	2.56124e-06
178	2.56896e-06
178.1	2.5767e-06
178.2	2.56728e-06
178.3	2.55517e-06
178.4	2.54312e-06
178.5	2.53112e-06
178.6	2.51918e-06
178.7	2.50729e-06
178.8	2.49545e-06
178.9	2.48367e-06
179	2.47195e-06
179.1	2.46029e-06
179.2	2.44868e-06
179.3	2.43714e-06
179.4	2.42565e-06
179.5	2.41423e-06
179.6	2.40287e-06
179.7	2.39157e-06
179.8	2.38034e-06
179.9	2.36917e-06
180	2.35806e-06
180.1	2.34703e-06
180.2	2.33606e-06
180.3	2.32516e-06
180.4	2.31433e-06
180.5	2.30356e-06
180.6	2.29288e-06
180.7	2.28226e-06
180.8	2.27172e-06
180.9	2.26125e-06
181	2.25085e-06
181.1	2.24054e-06
181.2	2.21503e-06
181.3	2.18977e-06
181.4	2.16506e-06
181.5	2.14089e-06
181.6	2.1173e-06
181.7	2.09429e-06
181.8	2.0719e-06
181.9	2.05013e-06
182	2.02902e-06
182.1	2.00857e-06
182.2	1.98882e-06
182.3	1.96978e-06
182.4	1.95147e-06
182.5	1.93392e-06
182.6	1.91714e-06
182.7	1.90115e-06
182.8	1.88598e-06
182.9	1.87165e-06
183	1.85817e-06
183.1	1.84556e-06
183.2	1.83385e-06
183.3	1.82061e-06
183.4	1.80829e-06
183.5	1.79756e-06
183.6	1.78844e-06
183.7	1.78096e-06
183.8	1.77514e-06
183.9	1.77099e-06
184	1.76853e-06
184.1	1.76777e-06
184.2	1.7687e-06
184.3	1.77133e-06
184.4	1.77564e-06
184.5	1.78163e-06
184.6	1.78927e-06
184.7	1.79855e-06
184.8	1.80944e-06
184.9	1.82192e-06
185	1.83391e-06
185.1	1.84576e-06
185.2	1.85851e-06
185.3	1.87216e-06
185.4	1.88668e-06
185.5	1.90204e-06
185.6	1.91824e-06
185.7	1.93525e-06
185.8	1.95305e-06
185.9	1.97161e-06
186	1.99092e-06
186.1	2.01096e-06
186.2	2.0317e-06
186.3	2.05312e-06
186.4	2.0752e-06
186.5	2.09792e-06
186.6	2.12126e-06
186.7	2.1452e-06
186.8	2.16972e-06
186.9	2.1948e-06
187	2.22041e-06
187.1	2.23705e-06
187.2	2.24768e-06
187.3	2.25838e-06
187.4	2.26917e-06
187.5	2.28004e-06
187.6	2.29098e-06
187.7	2.30201e-06
187.8	2.31311e-06
187.9	2.32428e-06
188	2.33553e-06
188.1	2.34685e-06
188.2	2.35825e-06
188.3	2.36971e-06
188.4	2.38125e-06
188.5	2.39285e-06
188.6	2.40453e-06
188.7	2.41627e-06
188.8	2.42807e-06
188.9	2.43994e-06
189	2.45188e-06
189.1	2.46388e-06
189.2	2.47594e-06
189.3	2.48806e-06
189.4	2.50024e-06
189.5	2.51248e-06
189.6	2.52478e-06
189.7	2.53714e-06
189.8	2.54956e-06
189.9	2.56203e-06
190	2.57456e-06
190.1	2.56969e-06
190.2	2.56236e-06
190.3	2.55505e-06
190.4	2.54777e-06
190.5	2.5405e-06
190.6	2.53324e-06
190.7	2.52601e-06
190.8	2.5188e-06
190.9	2.51161e-06
191	2.50444e-06
191.1	2.49729e-06
191.2	2.49016e-06
191.3	2.48305e-06
191.4	2.47596e-06
191.5	2.46889e-06
191.6	2.46185e-06
191.7	2.45482e-06
191.8	2.44782e-06
191.9	2.44084e-06
192	2.43388e-06
192.1	2.42694e-06
192.2	2.42002e-06
192.3	2.41313e-06
192.4	2.40626e-06
192.5	2.39941e-06
192.6	2.39259e-06
192.7	2.38579e-06
192.8	2.37901e-06
192.9	2.37226e-06
193	2.36553e-06
193.1	2.35882e-06
193.2	2.34372e-06
193.3	2.31979e-06
193.4	2.2962e-06
193.5	2.27296e-06
193.6	2.25007e-06
193.7	2.22755e-06
193.8	2.20542e-06
193.9	2.18367e-06
194	2.16233e-06
194.1	2.14141e-06
194.2	2.12092e-06
194.3	2.10086e-06
194.4	2.08126e-06
194.5	2.06213e-06
194.6	2.04348e-06
194.7	2.02532e-06
194.8	2.00766e-06
194.9	1.99053e-06
195	1.97393e-06
195.1	1.95788e-06
195.2	1.94238e-06
195.3	1.92747e-06
195.4	1.91314e-06
195.5	1.89742e-06
195.6	1.8785e-06
195.7	1.86096e-06
195.8	1.84482e-06
195.9	1.83013e-06
196	1.81693e-06
196.1	1.80523e-06
196.2	1.79508e-06
196.3	1.7865e-06
196.4	1.77952e-06
196.5	1.77414e-06
196.6	1.77039e-06
196.7	1.76828e-06
196.8	1.7678e-06
196.9	1.76898e-06
197	1.77179e-06
197.1	1.77623e-06
197.2	1.7823e-06
197.3	1.7891e-06
197.4	1.79704e-06
197.5	1.80621e-06
197.6	1.81657e-06
197.7	1.82812e-06
197.8	1.84082e-06
197.9	1.85467e-06
198	1.86962e-06
198.1	1.88565e-06
198.2	1.90274e-06
198.3	1.92085e-06
198.4	1.93997e-06
198.5	1.96006e-06
198.6	1.98108e-06
198.7	2.00302e-06
198.8	2.02584e-06
198.9	2.04951e-06
199	2.074e-06
199.1	2.09928e-06
199.2	2.11907e-06
199.3	2.1323e-06
199.4	2.14572e-06
199.5	2.15932e-06
199.6	2.17309e-06
199.7	2.18704e-06
199.8	2.20115e-06
199.9	2.21544e-06
200	2.22988e-06
200.1	2.24449e-06
200.2	2.25925e-06
200.3	2.27417e-06
200.4	2.28923e-06
200.5	2.30445e-06
200.6	2.31981e-06
200.7	2.33531e-06
200.8	2.35095e-06
200.9	2.36673e-06
201	2.38264e-06
201.1	2.39869e-06
201.2	2.41486e-06
201.3	2.43116e-06
201.4	2.44758e-06
201.5	2.46412e-06
201.6	2.48078e-06
201.7	2.49756e-06
201.8	2.51445e-06
201.9	2.53145e-06
202	2.53352e-06
202.1	2.53103e-06
202.2	2.52854e-06
202.3	2.52606e-06
202.4	2.52357e-06
202.5	2.52109e-06
202.6	2.51861e-06
202.7	2.51613e-06
202.8	2.51366e-06
202.9	2.51119e-06
203	2.50872e-06
203.1	2.50625e-06
203.2	2.50379e-06
203.3	2.50132e-06
203.4	2.49887e-06
203.5	2.49641e-06
203.6	2.49395e-06
203.7	2.4915e-06
203.8	2.48905e-06
203.9	2.4866e-06
204	2.48416e-06
204.1	2.48171e-06
204.2	2.47927e-06
204.3	2.47684e-06
204.4	2.4744e-06
204.5	2.47197e-06
204.6	2.46954e-06
204.7	2.46711e-06
204.8	2.46468e-06
204.9	2.46226e-06
205	2.45984e-06
205.1	2.45742e-06
205.2	2.44481e-06
205.3	2.4238e-06
205.4	2.40299e-06
205.5	2.38239e-06
205.6	2.36201e-06
205.7	2.34185e-06
205.8	2.32192e-06
205.9	2.30222e-06
206	2.28276e-06
206.1	2.26354e-06
206.2	2.24458e-06
206.3	2.22587e-06
206.4	2.20743e-06
206.5	2.18926e-06
206.6	2.17137e-06
206.7	2.15376e-06
206.8	2.13645e-06
206.9	2.11944e-06
207	2.10273e-06
207.1	2.08634e-06
207.2	2.07026e-06
207.3	2.05452e-06
207.4	2.03911e-06
207.5	2.02405e-06
207.6	2.00934e-06
207.7	1.99328e-06
207.8	1.97001e-06
207.9	1.94782e-06
208	1.92675e-06
208.1	1.90684e-06
208.2	1.88813e-06
208.3	1.87065e-06
208.4	1.85443e-06
208.5	1.83952e-06
208.6	1.82594e-06
208.7	1.81373e-06
208.8	1.8029e-06
208.9	1.79349e-06
209	1.78552e-06
209.1	1.779e-06
209.2	1.77396e-06
209.3	1.7704e-06
209.4	1.76834e-06
209.5	1.76778e-06
209.6	1.76871e-06
209.7	1.77114e-06
209.8	1.77505e-06
209.9	1.78043e-06
210	1.78728e-06
210.1	1.79557e-06
210.2	1.80528e-06
210.3	1.81639e-06
210.4	1.82888e-06
210.5	1.84272e-06
210.6	1.85788e-06
210.7	1.87432e-06
210.8	1.89202e-06
210.9	1.91093e-06
211	1.93103e-06
211.1	1.95227e-06
211.2	1.97461e-06
211.3	1.99803e-06
211.4	2.01422e-06
211.5	2.02889e-06
211.6	2.04391e-06
211.7	2.05927e-06
211.8	2.07495e-06
211.9	2.09095e-06
212	2.10726e-06
212.1	2.12388e-06
212.2	2.1408e-06
212.3	2.15801e-06
212.4	2.17551e-06
212.5	2.19328e-06
212.6	2.21133e-06
212.7	2.22964e-06
212.8	2.2482e-06
212.9	2.26702e-06
213	2.28609e-06
213.1	2.30539e-06
213.2	2.32493e-06
213.3	2.34469e-06
213.4	2.36468e-06
213.5	2.38488e-06
213.6	2.40529e-06
213.7	2.42591e-06
213.8	2.44673e-06
213.9	2.46145e-06
214	2.46365e-06
214.1	2.46585e-06
214.2	2.46805e-06
214.3	2.47025e-06
214.4	2.47245e-06
214.5	2.47466e-06
214.6	2.47686e-06
214.7	2.47907e-06
214.8	2.48128e-06
214.9	2.4835e-06
215	2.48571e-06
215.1	2.48793e-06
215.2	2.49015e-06
215.3	2.49237e-06
215.4	2.4946e-06
215.5	2.49682e-06
215.6	2.49905e-06
215.7	2.50128e-06
215.8	2.50351e-06
215.9	2.50575e-06
216	2.50798e-06
216.1	2.51022e-06
216.2	2.51246e-06
216.3	2.5147e-06
216.4	2.51694e-06
216.5	2.51919e-06
216.6	2.52144e-06
216.7	2.52369e-06
216.8	2.52594e-06
216.9	2.52819e-06
217	2.53045e-06
217.1	2.53095e-06
217.2	2.51372e-06
217.3	2.49661e-06
217.4	2.47962e-06
217.5	2.46274e-06
217.6	2.44599e-06
217.7	2.42936e-06
217.8	2.41286e-06
217.9	2.39648e-06
218	2.38025e-06
218.1	2.36414e-06
218.2	2.34817e-06
218.3	2.33235e-06
218.4	2.31667e-06
218.5	2.30113e-06
218.6	2.28574e-06
218.7	2.27051e-06
218.8	2.25543e-06
218.9	2.24052e-06
219	2.22576e-06
219.1	2.21117e-06
219.2	2.19674e-06
219.3	2.18249e-06
219.4	2.16842e-06
219.5	2.15452e-06
219.6	2.14081e-06
219.7	2.12728e-06
219.8	2.11394e-06
219.9	2.09459e-06
220	2.06934e-06
220.1	2.04489e-06
220.2	2.02128e-06
220.3	1.99854e-06
220.4	1.97669e-06
220.5	1.95576e-06
220.6	1.93579e-06
220.7	1.9168e-06
220.8	1.89883e-06
220.9	1.8819e-06
221	1.86604e-06
221.1	1.85129e-06
221.2	1.83766e-06
221.3	1.82517e-06
221.4	1.81387e-06
221.5	1.80376e-06
221.6	1.79487e-06
221.7	1.78721e-06
221.8	1.7807e-06
221.9	1.77503e-06
222	1.77098e-06
222.1	1.76855e-06
222.2	1.76777e-06
222.3	1.76862e-06
222.4	1.77111e-06
222.5	1.77523e-06
222.6	1.78096e-06
222.7	1.7883e-06
222.8	1.79722e-06
222.9	1.80771e-06
223	1.81972e-06
223.1	1.83323e-06
223.2	1.84822e-06
223.3	1.86464e-06
223.4	1.88245e-06
223.5	1.90163e-06
223.6	1.91743e-06
223.7	1.93182e-06
223.8	1.94679e-06
223.9	1.96232e-06
224	1.97839e-06
224.1	1.995e-06
224.2	2.01214e-06
224.3	2.02978e-06
224.4	2.04791e-06
224.5	2.06653e-06
224.6	2.08562e-06
224.7	2.10516e-06
224.8	2.12515e-06
224.9	2.14557e-06
225	2.16641e-06
225.1	2.18766e-06
225.2	2.2093e-06
225.3	2.23133e-06
225.4	2.25373e-06
225.5	2.27649e-06
225.6	2.2996e-06
225.7	2.32305e-06
225.8	2.34684e-06
225.9	2.36347e-06
226	2.36997e-06
226.1	2.3765e-06
226.2	2.38305e-06
226.3	2.38962e-06
226.4	2.39622e-06
226.5	2.40283e-06
226.6	2.40947e-06
226.7	2.41613e-06
226.8	2.42281e-06
226.9	2.42951e-06
227	2.43623e-06
227.1	2.44297e-06
227.2	2.44974e-06
227.3	2.45652e-06
227.4	2.46333e-06
227.5	2.47015e-06
227.6	2.47699e-06
227.7	2.48386e-06
227.8	2.49074e-06
227.9	2.49764e-06
228	2.50456e-06
228.1	2.5115e-06
228.2	2.51846e-06
228.3	2.52544e-06
228.4	2.53244e-06
228.5	2.53945e-06
228.6	2.54648e-06
228.7	2.55353e-06
228.8	2.5606e-06
228.9	2.56769e-06
229	2.5748e-06
229.1	2.56264e-06
229.2	2.54993e-06
229.3	2.53728e-06
229.4	2.52469e-06
229.5	2.51216e-06
229.6	2.49969e-06
229.7	2.48728e-06
229.8	2.47494e-06
229.9	2.46265e-06
230	2.45044e-06
230.1	2.43829e-06
230.2	2.4262e-06
230.3	2.41419e-06
230.4	2.40224e-06
230.5	2.39036e-06
230.6	2.37856e-06
230.7	2.36682e-06
230.8	2.35516e-06
230.9	2.34357e-06
231	2.33206e-06
231.1	2.32062e-06
231.2	2.30927e-06
231.3	2.29798e-06
231.4	2.28678e-06
231.5	2.27566e-06
231.6	2.26463e-06
231.7	2.25367e-06
231.8	2.2428e-06
231.9	2.23202e-06
232	2.21625e-06
232.1	2.19057e-06
232.2	2.16543e-06
232.3	2.14087e-06
232.4	2.11689e-06
232.5	2.09353e-06
232.6	2.07079e-06
232.7	2.04871e-06
232.8	2.0273e-06
232.9	2.00659e-06
233	1.98659e-06
233.1	1.96733e-06
233.2	1.94883e-06
233.3	1.93111e-06
233.4	1.91419e-06
233.5	1.8981e-06
233.6	1.88286e-06
233.7	1.86848e-06
233.8	1.85499e-06
233.9	1.84241e-06
234	1.83075e-06
234.1	1.81894e-06
234.2	1.80682e-06
234.3	1.7963e-06
234.4	1.78739e-06
234.5	1.78012e-06
234.6	1.77451e-06
234.7	1.77058e-06
234.8	1.76834e-06
234.9	1.76779e-06
235	1.76894e-06
235.1	1.77178e-06
235.2	1.77631e-06
235.3	1.78251e-06
235.4	1.79036e-06
235.5	1.79985e-06
235.6	1.81094e-06
235.7	1.82361e-06
235.8	1.83709e-06
235.9	1.84899e-06
236	1.86175e-06
236.1	1.87538e-06
236.2	1.88985e-06
236.3	1.90513e-06
236.4	1.92122e-06
236.5	1.93808e-06
236.6	1.95571e-06
236.7	1.97407e-06
236.8	1.99316e-06
236.9	2.01294e-06
237	2.0334e-06
237.1	2.05452e-06
237.2	2.07628e-06
237.3	2.09866e-06
237.4	2.12163e-06
237.5	2.14519e-06
237.6	2.1693e-06
237.7	2.19396e-06
237.8	2.21914e-06
237.9	2.24483e-06
238	2.2558e-06
238.1	2.26603e-06
238.2	2.27633e-06
238.3	2.2867e-06
238.4	2.29714e-06
238.5	2.30765e-06
238.6	2.31822e-06
238.7	2.32887e-06
238.8	2.33958e-06
238.9	2.35036e-06
239	2.3612e-06
239.1	2.37211e-06
239.2	2.38308e-06
239.3	2.39411e-06
239.4	2.4052e-06
239.5	2.41635e-06
239.6	2.42757e-06
239.7	2.43884e-06
239.8	2.45017e-06
239.9	2.46155e-06
240	2.473e-06
240.1	2.4845e-06
240.2	2.49605e-06
240.3	2.50766e-06
240.4	2.51932e-06
240.5	2.53103e-06
240.6	2.5428e-06
240.7	2.55461e-06
240.8	2.56648e-06
240.9	2.5784e-06
241	2.57078e-06
241.1	2.56282e-06
241.2	2.55489e-06
241.3	2.54697e-06
241.4	2.53908e-06
241.5	2.53121e-06
241.6	2.52336e-06
241.7	2.51554e-06
241.8	2.50774e-06
241.9	2.49997e-06
242	2.49222e-06
242.1	2.48449e-06
242.2	2.47679e-06
242.3	2.46911e-06
242.4	2.46146e-06
242.5	2.45383e-06
242.6	2.44623e-06
242.7	2.43866e-06
242.8	2.43111e-06
242.9	2.42358e-06
243	2.41609e-06
243.1	2.40862e-06
243.2	2.40117e-06
243.3	2.39376e-06
243.4	2.38637e-06
243.5	2.37901e-06
243.6	2.37168e-06
243.7	2.36437e-06
243.8	2.35709e-06
243.9	2.34985e-06
244	2.34263e-06
244.1	2.3225e-06
244.2	2.29837e-06
244.3	2.27461e-06
244.4	2.25122e-06
244.5	2.22821e-06
244.6	2.2056e-06
244.7	2.1834e-06
244.8	2.16162e-06
244.9	2.14027e-06
245	2.11938e-06
245.1	2.09894e-06
245.2	2.07898e-06
245.3	2.0595e-06
245.4	2.04053e-06
245.5	2.02208e-06
245.6	2.00415e-06
245.7	1.98677e-06
245.8	1.96995e-06
245.9	1.95371e-06
246	1.93805e-06
246.1	1.923e-06
246.2	1.90856e-06
246.3	1.89475e-06
246.4	1.87672e-06
246.5	1.85925e-06
246.6	1.8432e-06
246.7	1.82861e-06
246.8	1.81553e-06
246.9	1.80397e-06
247	1.79396e-06
247.1	1.78555e-06
247.2	1.77874e-06
247.3	1.77355e-06
247.4	1.77001e-06
247.5	1.76811e-06
247.6	1.76787e-06
247.7	1.76929e-06
247.8	1.77235e-06
247.9	1.77706e-06
248	1.7834e-06
248.1	1.7908e-06
248.2	1.79892e-06
248.3	1.80822e-06
248.4	1.81869e-06
248.5	1.83031e-06
248.6	1.84306e-06
248.7	1.85691e-06
248.8	1.87184e-06
248.9	1.88782e-06
249	1.90483e-06
249.1	1.92284e-06
249.2	1.94182e-06
249.3	1.96174e-06
249.4	1.98258e-06
249.5	2.00431e-06
249.6	2.02689e-06
249.7	2.05031e-06
249.8	2.07452e-06
249.9	2.09951e-06
250	2.12525e-06
250.1	2.13954e-06
250.2	2.15256e-06
250.3	2.16576e-06
250.4	2.17911e-06
250.5	2.19262e-06
250.6	2.20629e-06
250.7	2.22012e-06
250.8	2.23409e-06
250.9	2.24822e-06
251	2.26248e-06
251.1	2.27689e-06
251.2	2.29145e-06
251.3	2.30613e-06
251.4	2.32095e-06
251.5	2.33591e-06
251.6	2.35099e-06
251.7	2.3662e-06
251.8	2.38154e-06
251.9	2.39699e-06
252	2.41257e-06
252.1	2.42826e-06
252.2	2.44407e-06
252.3	2.46e-06
252.4	2.47603e-06
252.5	2.49217e-06
252.6	2.50842e-06
252.7	2.52477e-06
252.8	2.54123e-06
252.9	2.54004e-06
253	2.53692e-06
253.1	2.53381e-06
253.2	2.53069e-06
253.3	2.52758e-06
253.4	2.52448e-06
253.5	2.52137e-06
253.6	2.51827e-06
253.7	2.51518e-06
253.8	2.51209e-06
253.9	2.509e-06
254	2.50592e-06
254.1	2.50284e-06
254.2	2.49976e-06
254.3	2.49669e-06
254.4	2.49362e-06
254.5	2.49055e-06
254.6	2.48749e-06
254.7	2.48444e-06
254.8	2.48138e-06
254.9	2.47833e-06
255	2.47529e-06
255.1	2.47225e-06
255.2	2.46921e-06
255.3	2.46617e-06
255.4	2.46314e-06
255.5	2.46012e-06
255.6	2.4571e-06
255.7	2.45408e-06
255.8	2.45106e-06
255.9	2.44805e-06
256	2.44505e-06
256.1	2.42824e-06
256.2	2.40683e-06
256.3	2.38564e-06
256.4	2.36468e-06
256.5	2.34395e-06
256.6	2.32345e-06
256.7	2.30321e-06
256.8	2.28321e-06
256.9	2.26348e-06
257	2.24401e-06
257.1	2.22481e-06
257.2	2.20589e-06
257.3	2.18726e-06
257.4	2.16892e-06
257.5	2.15089e-06
257.6	2.13316e-06
257.7	2.11575e-06
257.8	2.09867e-06
257.9	2.08192e-06
258	2.06551e-06
258.1	2.04945e-06
258.2	2.03375e-06
258.3	2.01841e-06
258.4	2.00345e-06
258.5	1.98887e-06
258.6	1.96859e-06
258.7	1.9463e-06
258.8	1.92516e-06
258.9	1.9052e-06
259	1.88645e-06
259.1	1.86896e-06
259.2	1.85276e-06
259.3	1.83788e-06
259.4	1.82436e-06
259.5	1.81223e-06
259.6	1.80151e-06
259.7	1.79223e-06
259.8	1.78442e-06
259.9	1.77809e-06
260	1.77325e-06
260.1	1.76993e-06
260.2	1.76812e-06
260.3	1.76784e-06
260.4	1.76906e-06
260.5	1.77174e-06
260.6	1.77588e-06
260.7	1.78147e-06
260.8	1.78849e-06
260.9	1.79693e-06
261	1.80677e-06
261.1	1.81798e-06
261.2	1.83054e-06
261.3	1.84443e-06
261.4	1.85961e-06
261.5	1.87604e-06
261.6	1.89371e-06
261.7	1.91257e-06
261.8	1.93259e-06
261.9	1.95374e-06
262	1.97597e-06
262.1	1.99925e-06
262.2	2.02047e-06
262.3	2.03489e-06
262.4	2.04962e-06
262.5	2.06467e-06
262.6	2.08002e-06
262.7	2.09568e-06
262.8	2.11163e-06
262.9	2.12787e-06
263	2.14439e-06
263.1	2.16118e-06
263.2	2.17824e-06
263.3	2.19556e-06
263.4	2.21314e-06
263.5	2.23097e-06
263.6	2.24904e-06
263.7	2.26735e-06
263.8	2.28589e-06
263.9	2.30466e-06
264	2.32365e-06
264.1	2.34286e-06
264.2	2.36227e-06
264.3	2.38189e-06
264.4	2.40171e-06
264.5	2.42173e-06
264.6	2.44194e-06
264.7	2.46233e-06
264.8	2.47301e-06
264.9	2.4746e-06
265	2.4762e-06
265.1	2.4778e-06
265.2	2.4794e-06
265.3	2.481e-06
265.4	2.48261e-06
265.5	2.48421e-06
265.6	2.48582e-06
265.7	2.48742e-06
265.8	2.48903e-06
265.9	2.49064e-06
266	2.49225e-06
266.1	2.49386e-06
266.2	2.49547e-06
266.3	2.49708e-06
266.4	2.49869e-06
266.5	2.50031e-06
266.6	2.50192e-06
266.7	2.50354e-06
266.8	2.50516e-06
266.9	2.50677e-06
267	2.50839e-06
267.1	2.51001e-06
267.2	2.51164e-06
267.3	2.51326e-06
267.4	2.51488e-06
267.5	2.51651e-06
267.6	2.51813e-06
267.7	2.51976e-06
267.8	2.52139e-06
267.9	2.52302e-06
268	2.52013e-06
268.1	2.50238e-06
268.2	2.48474e-06
268.3	2.46724e-06
268.4	2.44986e-06
268.5	2.43262e-06
268.6	2.41551e-06
268.7	2.39854e-06
268.8	2.38171e-06
268.9	2.36503e-06
269	2.34849e-06
269.1	2.33211e-06
269.2	2.31588e-06
269.3	2.29981e-06
269.4	2.28389e-06
269.5	2.26814e-06
269.6	2.25256e-06
269.7	2.23715e-06
269.8	2.22192e-06
269.9	2.20686e-06
270	2.19198e-06
270.1	2.17729e-06
270.2	2.16279e-06
270.3	2.14849e-06
270.4	2.13438e-06
270.5	2.12047e-06
270.6	2.10676e-06
270.7	2.09326e-06
270.8	2.06878e-06
270.9	2.04408e-06
271	2.02023e-06
271.1	1.99726e-06
271.2	1.97522e-06
271.3	1.95412e-06
271.4	1.934e-06
271.5	1.91489e-06
271.6	1.89683e-06
271.7	1.87983e-06
271.8	1.86394e-06
271.9	1.84917e-06
272	1.83556e-06
272.1	1.82313e-06
272.2	1.81191e-06
272.3	1.80192e-06
272.4	1.79317e-06
272.5	1.7857e-06
272.6	1.77951e-06
272.7	1.77427e-06
272.8	1.77049e-06
272.9	1.76833e-06
273	1.76779e-06
273.1	1.76888e-06
273.2	1.77158e-06
273.3	1.7759e-06
273.4	1.78182e-06
273.5	1.78933e-06
273.6	1.79841e-06
273.7	1.80902e-06
273.8	1.82116e-06
273.9	1.83477e-06
274	1.84984e-06
274.1	1.86633e-06
274.2	1.8842e-06
274.3	1.90341e-06
274.4	1.92231e-06
274.5	1.93658e-06
274.6	1.9514e-06
274.7	1.96675e-06
274.8	1.98262e-06
274.9	1.999e-06
275	2.01588e-06
275.1	2.03324e-06
275.2	2.05107e-06
275.3	2.06937e-06
275.4	2.08811e-06
275.5	2.10728e-06
275.6	2.12688e-06
275.7	2.14689e-06
275.8	2.1673e-06
275.9	2.1881e-06
276	2.20929e-06
276.1	2.23083e-06
276.2	2.25274e-06
276.3	2.27499e-06
276.4	2.29758e-06
276.5	2.32049e-06
276.6	2.34373e-06
276.7	2.36727e-06
276.8	2.37895e-06
276.9	2.38493e-06
277	2.39092e-06
277.1	2.39693e-06
277.2	2.40296e-06
277.3	2.40901e-06
277.4	2.41507e-06
277.5	2.42115e-06
277.6	2.42725e-06
277.7	2.43337e-06
277.8	2.43951e-06
277.9	2.44566e-06
278	2.45183e-06
278.1	2.45801e-06
278.2	2.46422e-06
278.3	2.47043e-06
278.4	2.47667e-06
278.5	2.48292e-06
278.6	2.48919e-06
278.7	2.49547e-06
278.8	2.50177e-06
278.9	2.50809e-06
279	2.51442e-06
279.1	2.52077e-06
279.2	2.52713e-06
279.3	2.53351e-06
279.4	2.5399e-06
279.5	2.54631e-06
279.6	2.55274e-06
279.7	2.55917e-06
279.8	2.56563e-06
279.9	2.57053e-06
280	2.55716e-06
280.1	2.54386e-06
280.2	2.53062e-06
280.3	2.51745e-06
280.4	2.50434e-06
280.5	2.4913e-06
280.6	2.47833e-06
280.7	2.46542e-06
280.8	2.45259e-06
280.9	2.43984e-06
281	2.42715e-06
281.1	2.41454e-06
281.2	2.40201e-06
281.3	2.38955e-06
281.4	2.37717e-06
281.5	2.36487e-06
281.6	2.35265e-06
281.7	2.34051e-06
281.8	2.32845e-06
281.9	2.31648e-06
282	2.3046e-06
282.1	2.2928e-06
282.2	2.28109e-06
282.3	2.26947e-06
282.4	2.25794e-06
282.5	2.2465e-06
282.6	2.23516e-06
282.7	2.22391e-06
282.8	2.21276e-06
282.9	2.19143e-06
283	2.16589e-06
283.1	2.14093e-06
283.2	2.11658e-06
283.3	2.09286e-06
283.4	2.06979e-06
283.5	2.0474e-06
283.6	2.0257e-06
283.7	2.00472e-06
283.8	1.98448e-06
283.9	1.965e-06
284	1.94632e-06
284.1	1.92844e-06
284.2	1.91139e-06
284.3	1.8952e-06
284.4	1.87988e-06
284.5	1.86547e-06
284.6	1.85197e-06
284.7	1.83941e-06
284.8	1.82782e-06
284.9	1.8172e-06
285	1.80534e-06
285.1	1.79504e-06
285.2	1.78635e-06
285.3	1.7793e-06
285.4	1.77391e-06
285.5	1.7702e-06
285.6	1.76818e-06
285.7	1.76785e-06
285.8	1.76921e-06
285.9	1.77226e-06
286	1.777e-06
286.1	1.7834e-06
286.2	1.79146e-06
286.3	1.80114e-06
286.4	1.81242e-06
286.5	1.82528e-06
286.6	1.83967e-06
286.7	1.85239e-06
286.8	1.86516e-06
286.9	1.87877e-06
287	1.89318e-06
287.1	1.90838e-06
287.2	1.92434e-06
287.3	1.94106e-06
287.4	1.95851e-06
287.5	1.97667e-06
287.6	1.99553e-06
287.7	2.01505e-06
287.8	2.03523e-06
287.9	2.05605e-06
288	2.07748e-06
288.1	2.0995e-06
288.2	2.12211e-06
288.3	2.14527e-06
288.4	2.16898e-06
288.5	2.19321e-06
288.6	2.21795e-06
288.7	2.24318e-06
288.8	2.26435e-06
288.9	2.27409e-06
289	2.2839e-06
289.1	2.29376e-06
289.2	2.3037e-06
289.3	2.31369e-06
289.4	2.32374e-06
289.5	2.33386e-06
289.6	2.34403e-06
289.7	2.35426e-06
289.8	2.36455e-06
289.9	2.3749e-06
290	2.3853e-06
290.1	2.39576e-06
290.2	2.40628e-06
290.3	2.41684e-06
290.4	2.42747e-06
290.5	2.43814e-06
290.6	2.44887e-06
290.7	2.45964e-06
290.8	2.47047e-06
290.9	2.48135e-06
291	2.49228e-06
291.1	2.50325e-06
291.2	2.51428e-06
291.3	2.52535e-06
291.4	2.53647e-06
291.5	2.54763e-06
291.6	2.55884e-06
291.7	2.5701e-06
291.8	2.57969e-06
291.9	2.57107e-06
292	2.56248e-06
292.1	2.55392e-06
292.2	2.54538e-06
292.3	2.53687e-06
292.4	2.52839e-06
292.5	2.51993e-06
292.6	2.5115e-06
292.7	2.5031e-06
292.8	2.49473e-06
292.9	2.48638e-06
293	2.47806e-06
293.1	2.46978e-06
293.2	2.46152e-06
293.3	2.45329e-06
293.4	2.44509e-06
293.5	2.43692e-06
293.6	2.42878e-06
293.7	2.42067e-06
293.8	2.41259e-06
293.9	2.40454e-06
294	2.39653e-06
294.1	2.38855e-06
294.2	2.3806e-06
294.3	2.37268e-06
294.4	2.36479e-06
294.5	2.35694e-06
294.6	2.34912e-06
294.7	2.34133e-06
294.8	2.33358e-06
294.9	2.32536e-06
295	2.3007e-06
295.1	2.27642e-06
295.2	2.25252e-06
295.3	2.22903e-06
295.4	2.20595e-06
295.5	2.18329e-06
295.6	2.16108e-06
295.7	2.13931e-06
295.8	2.11801e-06
295.9	2.0972e-06
296	2.07688e-06
296.1	2.05706e-06
296.2	2.03778e-06
296.3	2.01903e-06
296.4	2.00084e-06
296.5	1.98322e-06
296.6	1.96618e-06
296.7	1.94975e-06
296.8	1.93393e-06
296.9	1.91874e-06
297	1.9042e-06
297.1	1.89032e-06
297.2	1.87489e-06
297.3	1.85751e-06
297.4	1.84156e-06
297.5	1.82709e-06
297.6	1.81413e-06
297.7	1.80271e-06
297.8	1.79287e-06
297.9	1.78462e-06
298	1.77799e-06
298.1	1.773e-06
298.2	1.76966e-06
298.3	1.76798e-06
298.4	1.76797e-06
298.5	1.76962e-06
298.6	1.77294e-06
298.7	1.77791e-06
298.8	1.78452e-06
298.9	1.79262e-06
299	1.80091e-06
299.1	1.81035e-06
299.2	1.82092e-06
299.3	1.83261e-06
299.4	1.8454e-06
299.5	1.85925e-06
299.6	1.87416e-06
299.7	1.89008e-06
299.8	1.90701e-06
299.9	1.9249e-06
300	1.94374e-06
300.1	1.9635e-06
300.2	1.98414e-06
300.3	2.00565e-06
300.4	2.02799e-06
300.5	2.05114e-06
300.6	2.07507e-06
300.7	2.09976e-06
300.8	2.12517e-06
300.9	2.14713e-06
301	2.15977e-06
301.1	2.17255e-06
301.2	2.18548e-06
301.3	2.19856e-06
301.4	2.21178e-06
301.5	2.22515e-06
301.6	2.23865e-06
301.7	2.25229e-06
301.8	2.26606e-06
301.9	2.27996e-06
302	2.294e-06
302.1	2.30816e-06
302.2	2.32244e-06
302.3	2.33685e-06
302.4	2.35137e-06
302.5	2.36602e-06
302.6	2.38078e-06
302.7	2.39565e-06
302.8	2.41063e-06
302.9	2.42573e-06
303	2.44093e-06
303.1	2.45623e-06
303.2	2.47164e-06
303.3	2.48715e-06
303.4	2.50276e-06
303.5	2.51846e-06
303.6	2.53427e-06
303.7	2.54956e-06
303.8	2.54581e-06
303.9	2.54205e-06
304	2.53831e-06
304.1	2.53457e-06
304.2	2.53083e-06
304.3	2.5271e-06
304.4	2.52337e-06
304.5	2.51965e-06
304.6	2.51593e-06
304.7	2.51222e-06
304.8	2.50852e-06
304.9	2.50482e-06
305	2.50113e-06
305.1	2.49744e-06
305.2	2.49375e-06
305.3	2.49008e-06
305.4	2.4864e-06
305.5	2.48274e-06
305.6	2.47908e-06
305.7	2.47542e-06
305.8	2.47177e-06
305.9	2.46813e-06
306	2.46449e-06
306.1	2.46086e-06
306.2	2.45723e-06
306.3	2.45361e-06
306.4	2.44999e-06
306.5	2.44638e-06
306.6	2.44278e-06
306.7	2.43918e-06
306.8	2.43559e-06
306.9	2.432e-06
307	2.41093e-06
307.1	2.38914e-06
307.2	2.36759e-06
307.3	2.34629e-06
307.4	2.32524e-06
307.5	2.30445e-06
307.6	2.28392e-06
307.7	2.26366e-06
307.8	2.24368e-06
307.9	2.22399e-06
308	2.2046e-06
308.1	2.1855e-06
308.2	2.16672e-06
308.3	2.14826e-06
308.4	2.13012e-06
308.5	2.11232e-06
308.6	2.09486e-06
308.7	2.07776e-06
308.8	2.06102e-06
308.9	2.04464e-06
309	2.02865e-06
309.1	2.01304e-06
309.2	1.99784e-06
309.3	1.98304e-06
309.4	1.96714e-06
309.5	1.94477e-06
309.6	1.92356e-06
309.7	1.90355e-06
309.8	1.88478e-06
309.9	1.86729e-06
310	1.85111e-06
310.1	1.83627e-06
310.2	1.82282e-06
310.3	1.81078e-06
310.4	1.80017e-06
310.5	1.79103e-06
310.6	1.78338e-06
310.7	1.77723e-06
310.8	1.7726e-06
310.9	1.76951e-06
311	1.76796e-06
311.1	1.76796e-06
311.2	1.76948e-06
311.3	1.77242e-06
311.4	1.77679e-06
311.5	1.78258e-06
311.6	1.78978e-06
311.7	1.79837e-06
311.8	1.80833e-06
311.9	1.81963e-06
312	1.83226e-06
312.1	1.84618e-06
312.2	1.86137e-06
312.3	1.8778e-06
312.4	1.89543e-06
312.5	1.91423e-06
312.6	1.93416e-06
312.7	1.9552e-06
312.8	1.9773e-06
312.9	2.00044e-06
313	2.02457e-06
313.1	2.04118e-06
313.2	2.05562e-06
313.3	2.07036e-06
313.4	2.08539e-06
313.5	2.10069e-06
313.6	2.11628e-06
313.7	2.13213e-06
313.8	2.14825e-06
313.9	2.16462e-06
314	2.18125e-06
314.1	2.19812e-06
314.2	2.21523e-06
314.3	2.23258e-06
314.4	2.25015e-06
314.5	2.26795e-06
314.6	2.28597e-06
314.7	2.30421e-06
314.8	2.32265e-06
314.9	2.3413e-06
315	2.36014e-06
315.1	2.37918e-06
315.2	2.39841e-06
315.3	2.41783e-06
315.4	2.43742e-06
315.5	2.45719e-06
315.6	2.47714e-06
315.7	2.48386e-06
315.8	2.48486e-06
315.9	2.48585e-06
316	2.48684e-06
316.1	2.48784e-06
316.2	2.48883e-06
316.3	2.48983e-06
316.4	2.49083e-06
316.5	2.49182e-06
316.6	2.49282e-06
316.7	2.49382e-06
316.8	2.49481e-06
316.9	2.49581e-06
317	2.49681e-06
317.1	2.49781e-06
317.2	2.49881e-06
317.3	2.49981e-06
317.4	2.50081e-06
317.5	2.50181e-06
317.6	2.50281e-06
317.7	2.50381e-06
317.8	2.50481e-06
317.9	2.50581e-06
318	2.50681e-06
318.1	2.50781e-06
318.2	2.50882e-06
318.3	2.50982e-06
318.4	2.51082e-06
318.5	2.51183e-06
318.6	2.51283e-06
318.7	2.51384e-06
318.8	2.51484e-06
318.9	2.50848e-06
319	2.49021e-06
319.1	2.47207e-06
319.2	2.45407e-06
319.3	2.43621e-06
319.4	2.41849e-06
319.5	2.40092e-06
319.6	2.38351e-06
319.7	2.36624e-06
319.8	2.34914e-06
319.9	2.33219e-06
320	2.31541e-06
320.1	2.2988e-06
320.2	2.28236e-06
320.3	2.2661e-06
320.4	2.25001e-06
320.5	2.23411e-06
320.6	2.2184e-06
320.7	2.20288e-06
320.8	2.18755e-06
320.9	2.17242e-06
321	2.1575e-06
321.1	2.14278e-06
321.2	2.12828e-06
321.3	2.11399e-06
321.4	2.09993e-06
321.5	2.08609e-06
321.6	2.06822e-06
321.7	2.04327e-06
321.8	2.01919e-06
321.9	1.99602e-06
322	1.97378e-06
322.1	1.95252e-06
322.2	1.93227e-06
322.3	1.91305e-06
322.4	1.89489e-06
322.5	1.87784e-06
322.6	1.86191e-06
322.7	1.84714e-06
322.8	1.83356e-06
322.9	1.82119e-06
323	1.81005e-06
323.1	1.80018e-06
323.2	1.79158e-06
323.3	1.78429e-06
323.4	1.77831e-06
323.5	1.77353e-06
323.6	1.77003e-06
323.7	1.76814e-06
323.8	1.76785e-06
323.9	1.76917e-06
324	1.7721e-06
324.1	1.77662e-06
324.2	1.78272e-06
324.3	1.7904e-06
324.4	1.79962e-06
324.5	1.81036e-06
324.6	1.82261e-06
324.7	1.83632e-06
324.8	1.85146e-06
324.9	1.86801e-06
325	1.88592e-06
325.1	1.90515e-06
325.2	1.92567e-06
325.3	1.94159e-06
325.4	1.95625e-06
325.5	1.97141e-06
325.6	1.98708e-06
325.7	2.00322e-06
325.8	2.01984e-06
325.9	2.03692e-06
326	2.05444e-06
326.1	2.07241e-06
326.2	2.0908e-06
326.3	2.1096e-06
326.4	2.12881e-06
326.5	2.14841e-06
326.6	2.16839e-06
326.7	2.18875e-06
326.8	2.20946e-06
326.9	2.23053e-06
327	2.25194e-06
327.1	2.27368e-06
327.2	2.29575e-06
327.3	2.31812e-06
327.4	2.34081e-06
327.5	2.36378e-06
327.6	2.38705e-06
327.7	2.39383e-06
327.8	2.39926e-06
327.9	2.4047e-06
328	2.41017e-06
328.1	2.41564e-06
328.2	2.42113e-06
328.3	2.42664e-06
328.4	2.43215e-06
328.5	2.43769e-06
328.6	2.44323e-06
328.7	2.44879e-06
328.8	2.45437e-06
328.9	2.45996e-06
329	2.46556e-06
329.1	2.47117e-06
329.2	2.4768e-06
329.3	2.48244e-06
329.4	2.4881e-06
329.5	2.49376e-06
329.6	2.49945e-06
329.7	2.50514e-06
329.8	2.51085e-06
329.9	2.51657e-06
330	2.5223e-06
330.1	2.52804e-06
330.2	2.5338e-06
330.3	2.53957e-06
330.4	2.54535e-06
330.5	2.55115e-06
330.6	2.55695e-06
330.7	2.56277e-06
330.8	2.56483e-06
330.9	2.55086e-06
331	2.53697e-06
331.1	2.52314e-06
331.2	2.50939e-06
331.3	2.49572e-06
331.4	2.48212e-06
331.5	2.46859e-06
331.6	2.45515e-06
331.7	2.44178e-06
331.8	2.42849e-06
331.9	2.41528e-06
332	2.40216e-06
332.1	2.38912e-06
332.2	2.37617e-06
332.3	2.3633e-06
332.4	2.35052e-06
332.5	2.33783e-06
332.6	2.32523e-06
332.7	2.31273e-06
332.8	2.30032e-06
332.9	2.288e-06
333	2.27578e-06
333.1	2.26367e-06
333.2	2.25165e-06
333.3	2.23973e-06
333.4	2.22792e-06
333.5	2.21621e-06
333.6	2.20462e-06
333.7	2.19236e-06
333.8	2.16641e-06
333.9	2.14107e-06
334	2.11635e-06
334.1	2.09228e-06
334.2	2.06888e-06
334.3	2.04618e-06
334.4	2.0242e-06
334.5	2.00296e-06
334.6	1.98248e-06
334.7	1.9628e-06
334.8	1.94393e-06
334.9	1.92589e-06
335	1.90872e-06
335.1	1.89243e-06
335.2	1.87705e-06
335.3	1.8626e-06
335.4	1.8491e-06
335.5	1.83657e-06
335.6	1.82504e-06
335.7	1.81452e-06
335.8	1.80385e-06
335.9	1.79377e-06
336	1.78531e-06
336.1	1.77849e-06
336.2	1.77333e-06
336.3	1.76984e-06
336.4	1.76804e-06
336.5	1.76793e-06
336.6	1.7695e-06
336.7	1.77277e-06
336.8	1.77771e-06
336.9	1.78431e-06
337	1.79256e-06
337.1	1.80243e-06
337.2	1.81389e-06
337.3	1.82692e-06
337.4	1.84147e-06
337.5	1.85597e-06
337.6	1.86875e-06
337.7	1.88233e-06
337.8	1.89668e-06
337.9	1.91178e-06
338	1.92763e-06
338.1	1.94419e-06
338.2	1.96146e-06
338.3	1.97942e-06
338.4	1.99803e-06
338.5	2.0173e-06
338.6	2.0372e-06
338.7	2.0577e-06
338.8	2.0788e-06
338.9	2.10047e-06
339	2.12271e-06
339.1	2.14548e-06
339.2	2.16877e-06
339.3	2.19257e-06
339.4	2.21686e-06
339.5	2.24162e-06
339.6	2.26685e-06
339.7	2.28258e-06
339.8	2.29189e-06
339.9	2.30125e-06
340	2.31067e-06
340.1	2.32015e-06
340.2	2.32968e-06
340.3	2.33926e-06
340.4	2.34889e-06
340.5	2.35858e-06
340.6	2.36831e-06
340.7	2.3781e-06
340.8	2.38794e-06
340.9	2.39783e-06
341	2.40776e-06
341.1	2.41774e-06
341.2	2.42778e-06
341.3	2.43785e-06
341.4	2.44798e-06
341.5	2.45815e-06
341.6	2.46837e-06
341.7	2.47863e-06
341.8	2.48893e-06
341.9	2.49928e-06
342	2.50967e-06
342.1	2.52011e-06
342.2	2.53058e-06
342.3	2.5411e-06
342.4	2.55166e-06
342.5	2.56226e-06
342.6	2.5729e-06
342.7	2.5798e-06
342.8	2.57055e-06
342.9	2.56134e-06
343	2.55215e-06
343.1	2.54299e-06
343.2	2.53387e-06
343.3	2.52477e-06
343.4	2.51571e-06
343.5	2.50668e-06
343.6	2.49768e-06
343.7	2.48871e-06
343.8	2.47978e-06
343.9	2.47088e-06
344	2.46201e-06
344.1	2.45318e-06
344.2	2.44438e-06
344.3	2.43561e-06
344.4	2.42688e-06
344.5	2.41819e-06
344.6	2.40953e-06
344.7	2.40091e-06
344.8	2.39232e-06
344.9	2.38377e-06
345	2.37526e-06
345.1	2.36679e-06
345.2	2.35835e-06
345.3	2.34995e-06
345.4	2.34159e-06
345.5	2.33327e-06
345.6	2.325e-06
345.7	2.31676e-06
345.8	2.30317e-06
345.9	2.27838e-06
346	2.25398e-06
346.1	2.23e-06
346.2	2.20645e-06
346.3	2.18335e-06
346.4	2.16069e-06
346.5	2.13851e-06
346.6	2.11682e-06
346.7	2.09562e-06
346.8	2.07494e-06
346.9	2.0548e-06
347	2.0352e-06
347.1	2.01616e-06
347.2	1.99771e-06
347.3	1.97985e-06
347.4	1.9626e-06
347.5	1.94598e-06
347.6	1.93001e-06
347.7	1.91469e-06
347.8	1.90006e-06
347.9	1.88611e-06
348	1.87287e-06
348.1	1.85574e-06
348.2	1.8399e-06
348.3	1.82556e-06
348.4	1.81274e-06
348.5	1.80147e-06
348.6	1.79179e-06
348.7	1.78371e-06
348.8	1.77727e-06
348.9	1.77247e-06
349	1.76934e-06
349.1	1.76788e-06
349.2	1.7681e-06
349.3	1.76999e-06
349.4	1.77355e-06
349.5	1.77877e-06
349.6	1.78563e-06
349.7	1.79412e-06
349.8	1.80303e-06
349.9	1.8126e-06
350	1.82328e-06
350.1	1.83503e-06
350.2	1.84785e-06
350.3	1.86171e-06
350.4	1.87658e-06
350.5	1.89244e-06
350.6	1.90928e-06
350.7	1.92705e-06
350.8	1.94574e-06
350.9	1.96532e-06
351	1.98577e-06
351.1	2.00705e-06
351.2	2.02915e-06
351.3	2.05203e-06
351.4	2.07566e-06
351.5	2.10004e-06
351.6	2.12512e-06
351.7	2.15088e-06
351.8	2.16734e-06
351.9	2.17971e-06
352	2.19222e-06
352.1	2.20486e-06
352.2	2.21763e-06
352.3	2.23053e-06
352.4	2.24356e-06
352.5	2.25671e-06
352.6	2.26999e-06
352.7	2.28338e-06
352.8	2.2969e-06
352.9	2.31053e-06
353	2.32428e-06
353.1	2.33814e-06
353.2	2.35211e-06
353.3	2.36619e-06
353.4	2.38037e-06
353.5	2.39466e-06
353.6	2.40906e-06
353.7	2.42355e-06
353.8	2.43814e-06
353.9	2.45283e-06
354	2.46762e-06
354.1	2.4825e-06
354.2	2.49747e-06
354.3	2.51253e-06
354.4	2.52769e-06
354.5	2.54293e-06
354.6	2.5552e-06
354.7	2.55081e-06
354.8	2.54642e-06
354.9	2.54204e-06
355	2.53767e-06
355.1	2.53331e-06
355.2	2.52895e-06
355.3	2.5246e-06
355.4	2.52026e-06
355.5	2.51592e-06
355.6	2.51159e-06
355.7	2.50727e-06
355.8	2.50296e-06
355.9	2.49865e-06
356	2.49436e-06
356.1	2.49006e-06
356.2	2.48578e-06
356.3	2.4815e-06
356.4	2.47724e-06
356.5	2.47298e-06
356.6	2.46872e-06
356.7	2.46448e-06
356.8	2.46024e-06
356.9	2.45601e-06
357	2.45179e-06
357.1	2.44757e-06
357.2	2.44337e-06
357.3	2.43917e-06
357.4	2.43498e-06
357.5	2.43079e-06
357.6	2.42662e-06
357.7	2.42245e-06
357.8	2.41526e-06
357.9	2.39288e-06
358	2.37075e-06
358.1	2.34888e-06
358.2	2.32727e-06
358.3	2.30592e-06
358.4	2.28486e-06
358.5	2.26408e-06
358.6	2.2436e-06
358.7	2.22342e-06
358.8	2.20354e-06
358.9	2.18399e-06
359	2.16476e-06
359.1	2.14587e-06
359.2	2.12733e-06
359.3	2.10914e-06
359.4	2.09131e-06
359.5	2.07385e-06
359.6	2.05678e-06
359.7	2.04009e-06
359.8	2.02381e-06
359.9	2.00794e-06
360	1.9925e-06
360.1	1.97748e-06
360.2	1.9629e-06
360.3	1.9432e-06
360.4	1.92194e-06
360.5	1.9019e-06
360.6	1.88312e-06
360.7	1.86563e-06
360.8	1.84948e-06
360.9	1.8347e-06
361	1.82132e-06
361.1	1.80937e-06
361.2	1.79888e-06
361.3	1.78988e-06
361.4	1.78239e-06
361.5	1.77643e-06
361.6	1.77201e-06
361.7	1.76915e-06
361.8	1.76785e-06
361.9	1.76812e-06
362	1.76995e-06
362.1	1.77317e-06
362.2	1.77777e-06
362.3	1.78377e-06
362.4	1.79114e-06
362.5	1.79988e-06
362.6	1.80995e-06
362.7	1.82135e-06
362.8	1.83404e-06
362.9	1.84799e-06
363	1.86319e-06
363.1	1.87959e-06
363.2	1.89718e-06
363.3	1.91591e-06
363.4	1.93575e-06
363.5	1.95667e-06
363.6	1.97863e-06
363.7	2.00161e-06
363.8	2.02556e-06
363.9	2.04779e-06
364	2.06194e-06
364.1	2.07636e-06
364.2	2.09105e-06
364.3	2.106e-06
364.4	2.12122e-06
364.5	2.13668e-06
364.6	2.15239e-06
364.7	2.16834e-06
364.8	2.18453e-06
364.9	2.20095e-06
365	2.2176e-06
365.1	2.23446e-06
365.2	2.25155e-06
365.3	2.26884e-06
365.4	2.28634e-06
365.5	2.30404e-06
365.6	2.32193e-06
365.7	2.34002e-06
365.8	2.3583e-06
365.9	2.37676e-06
366	2.3954e-06
366.1	2.41422e-06
366.2	2.4332e-06
366.3	2.45235e-06
366.4	2.47167e-06
366.5	2.49115e-06
366.6	2.49401e-06
366.7	2.4944e-06
366.8	2.49478e-06
366.9	2.49517e-06
367	2.49555e-06
367.1	2.49593e-06
367.2	2.49632e-06
367.3	2.4967e-06
367.4	2.49709e-06
367.5	2.49747e-06
367.6	2.49785e-06
367.7	2.49824e-06
367.8	2.49862e-06
367.9	2.49901e-06
368	2.49939e-06
368.1	2.49978e-06
368.2	2.50016e-06
368.3	2.50055e-06
368.4	2.50093e-06
368.5	2.50132e-06
368.6	2.5017e-06
368.7	2.50209e-06
368.8	2.50247e-06
368.9	2.50286e-06
369	2.50324e-06
369.1	2.50363e-06
369.2	2.50401e-06
369.3	2.5044e-06
369.4	2.50478e-06
369.5	2.50517e-06
369.6	2.50555e-06
369.7	2.50594e-06
369.8	2.49601e-06
369.9	2.47723e-06
370	2.4586e-06
370.1	2.44012e-06
370.2	2.4218e-06
370.3	2.40363e-06
370.4	2.38562e-06
370.5	2.36777e-06
370.6	2.3501e-06
370.7	2.33259e-06
370.8	2.31526e-06
370.9	2.29811e-06
371	2.28114e-06
371.1	2.26436e-06
371.2	2.24778e-06
371.3	2.23138e-06
371.4	2.21519e-06
371.5	2.19921e-06
371.6	2.18343e-06
371.7	2.16787e-06
371.8	2.15252e-06
371.9	2.1374e-06
372	2.12251e-06
372.1	2.10785e-06
372.2	2.09343e-06
372.3	2.07925e-06
372.4	2.06532e-06
372.5	2.04246e-06
372.6	2.01816e-06
372.7	1.99479e-06
372.8	1.97238e-06
372.9	1.95096e-06
373	1.93058e-06
373.1	1.91125e-06
373.2	1.89302e-06
373.3	1.87591e-06
373.4	1.85996e-06
373.5	1.84519e-06
373.6	1.83164e-06
373.7	1.81933e-06
373.8	1.80828e-06
373.9	1.79853e-06
374	1.79009e-06
374.1	1.78298e-06
374.2	1.77721e-06
374.3	1.77281e-06
374.4	1.7696e-06
374.5	1.76798e-06
374.6	1.76795e-06
374.7	1.76951e-06
374.8	1.77265e-06
374.9	1.77738e-06
375	1.78366e-06
375.1	1.7915e-06
375.2	1.80086e-06
375.3	1.81173e-06
375.4	1.82408e-06
375.5	1.83787e-06
375.6	1.85308e-06
375.7	1.86967e-06
375.8	1.88761e-06
375.9	1.90685e-06
376	1.92736e-06
376.1	1.94684e-06
376.2	1.96134e-06
376.3	1.97632e-06
376.4	1.99177e-06
376.5	2.00767e-06
376.6	2.02403e-06
376.7	2.04082e-06
376.8	2.05803e-06
376.9	2.07567e-06
377	2.0937e-06
377.1	2.11213e-06
377.2	2.13095e-06
377.3	2.15013e-06
377.4	2.16969e-06
377.5	2.18959e-06
377.6	2.20985e-06
377.7	2.23043e-06
377.8	2.25135e-06
377.9	2.27258e-06
378	2.29412e-06
378.1	2.31595e-06
378.2	2.33808e-06
378.3	2.3605e-06
378.4	2.38318e-06
378.5	2.40321e-06
378.6	2.40807e-06
378.7	2.41295e-06
378.8	2.41784e-06
378.9	2.42274e-06
379	2.42765e-06
379.1	2.43258e-06
379.2	2.43751e-06
379.3	2.44246e-06
379.4	2.44742e-06
379.5	2.45238e-06
379.6	2.45736e-06
379.7	2.46235e-06
379.8	2.46735e-06
379.9	2.47236e-06
380	2.47739e-06
380.1	2.48242e-06
380.2	2.48746e-06
380.3	2.49251e-06
380.4	2.49758e-06
380.5	2.50265e-06
380.6	2.50774e-06
380.7	2.51283e-06
380.8	2.51794e-06
380.9	2.52305e-06
381	2.52818e-06
381.1	2.53331e-06
381.2	2.53846e-06
381.3	2.54361e-06
381.4	2.54878e-06
381.5	2.55395e-06
381.6	2.55913e-06
381.7	2.55828e-06
381.8	2.54373e-06
381.9	2.52925e-06
382	2.51486e-06
382.1	2.50054e-06
382.2	2.48631e-06
382.3	2.47215e-06
382.4	2.45809e-06
382.5	2.44411e-06
382.6	2.43021e-06
382.7	2.41641e-06
382.8	2.40269e-06
382.9	2.38907e-06
383	2.37554e-06
383.1	2.3621e-06
383.2	2.34877e-06
383.3	2.33553e-06
383.4	2.32239e-06
383.5	2.30935e-06
383.6	2.29641e-06
383.7	2.28358e-06
383.8	2.27086e-06
383.9	2.25824e-06
384	2.24574e-06
384.1	2.23335e-06
384.2	2.22107e-06
384.3	2.20891e-06
384.4	2.19687e-06
384.5	2.18494e-06
384.6	2.16698e-06
384.7	2.14126e-06
384.8	2.11618e-06
384.9	2.09177e-06
385	2.06805e-06
385.1	2.04505e-06
385.2	2.02279e-06
385.3	2.00129e-06
385.4	1.98059e-06
385.5	1.9607e-06
385.6	1.94165e-06
385.7	1.92346e-06
385.8	1.90617e-06
385.9	1.88979e-06
386	1.87434e-06
386.1	1.85986e-06
386.2	1.84637e-06
386.3	1.83388e-06
386.4	1.82242e-06
386.5	1.812e-06
386.6	1.80234e-06
386.7	1.7925e-06
386.8	1.78427e-06
386.9	1.77769e-06
387	1.77276e-06
387.1	1.7695e-06
387.2	1.76793e-06
387.3	1.76804e-06
387.4	1.76983e-06
387.5	1.7733e-06
387.6	1.77844e-06
387.7	1.78524e-06
387.8	1.79367e-06
387.9	1.80371e-06
388	1.81534e-06
388.1	1.82853e-06
388.2	1.84324e-06
388.3	1.85944e-06
388.4	1.87253e-06
388.5	1.88607e-06
388.6	1.90036e-06
388.7	1.91536e-06
388.8	1.93108e-06
388.9	1.94749e-06
389	1.96458e-06
389.1	1.98232e-06
389.2	2.0007e-06
389.3	2.0197e-06
389.4	2.0393e-06
389.5	2.0595e-06
389.6	2.08026e-06
389.7	2.10158e-06
389.8	2.12343e-06
389.9	2.1458e-06
390	2.16868e-06
390.1	2.19205e-06
390.2	2.21588e-06
390.3	2.24018e-06
390.4	2.26492e-06
390.5	2.29009e-06
390.6	2.30032e-06
390.7	2.30917e-06
390.8	2.31808e-06
390.9	2.32703e-06
391	2.33603e-06
391.1	2.34508e-06
391.2	2.35417e-06
391.3	2.36331e-06
391.4	2.37249e-06
391.5	2.38172e-06
391.6	2.39099e-06
391.7	2.4003e-06
391.8	2.40966e-06
391.9	2.41906e-06
392	2.4285e-06
392.1	2.43799e-06
392.2	2.44751e-06
392.3	2.45708e-06
392.4	2.46668e-06
392.5	2.47633e-06
392.6	2.48601e-06
392.7	2.49574e-06
392.8	2.5055e-06
392.9	2.5153e-06
393	2.52514e-06
393.1	2.53501e-06
393.2	2.54492e-06
393.3	2.55487e-06
393.4	2.56485e-06
393.5	2.57487e-06
393.6	2.5791e-06
393.7	2.56922e-06
393.8	2.55938e-06
393.9	2.54957e-06
394	2.5398e-06
394.1	2.53007e-06
394.2	2.52037e-06
394.3	2.5107e-06
394.4	2.50108e-06
394.5	2.49148e-06
394.6	2.48193e-06
394.7	2.47241e-06
394.8	2.46294e-06
394.9	2.4535e-06
395	2.4441e-06
395.1	2.43474e-06
395.2	2.42542e-06
395.3	2.41614e-06
395.4	2.4069e-06
395.5	2.3977e-06
395.6	2.38854e-06
395.7	2.37943e-06
395.8	2.37036e-06
395.9	2.36133e-06
396	2.35234e-06
396.1	2.3434e-06
396.2	2.33451e-06
396.3	2.32566e-06
396.4	2.31686e-06
396.5	2.3081e-06
396.6	2.29939e-06
396.7	2.28047e-06
396.8	2.25558e-06
396.9	2.23112e-06
397	2.2071e-06
397.1	2.18355e-06
397.2	2.16046e-06
397.3	2.13787e-06
397.4	2.11578e-06
397.5	2.09421e-06
397.6	2.07318e-06
397.7	2.0527e-06
397.8	2.03279e-06
397.9	2.01347e-06
398	1.99475e-06
398.1	1.97666e-06
398.2	1.9592e-06
398.3	1.9424e-06
398.4	1.92628e-06
398.5	1.91084e-06
398.6	1.89611e-06
398.7	1.88211e-06
398.8	1.86884e-06
398.9	1.85393e-06
399	1.83822e-06
399.1	1.82402e-06
399.2	1.81135e-06
399.3	1.80024e-06
399.4	1.79072e-06
399.5	1.78283e-06
399.6	1.77658e-06
399.7	1.77198e-06
399.8	1.76906e-06
399.9	1.76781e-06
400	1.76825e-06
400.1	1.77038e-06
400.2	1.77417e-06
400.3	1.77964e-06
400.4	1.78675e-06
400.5	1.79549e-06
400.6	1.80529e-06
400.7	1.81499e-06
400.8	1.82576e-06
400.9	1.83758e-06
401	1.85042e-06
401.1	1.86428e-06
401.2	1.87911e-06
401.3	1.89491e-06
401.4	1.91165e-06
401.5	1.9293e-06
401.6	1.94783e-06
401.7	1.96724e-06
401.8	1.98747e-06
401.9	2.00853e-06
402	2.03036e-06
402.1	2.05296e-06
402.2	2.0763e-06
402.3	2.10035e-06
402.4	2.12509e-06
402.5	2.1505e-06
402.6	2.1753e-06
402.7	2.18725e-06
402.8	2.19932e-06
402.9	2.21152e-06
403	2.22384e-06
403.1	2.23627e-06
403.2	2.24883e-06
403.3	2.26149e-06
403.4	2.27427e-06
403.5	2.28716e-06
403.6	2.30016e-06
403.7	2.31326e-06
403.8	2.32647e-06
403.9	2.33979e-06
404	2.3532e-06
404.1	2.36672e-06
404.2	2.38033e-06
404.3	2.39404e-06
404.4	2.40784e-06
404.5	2.42174e-06
404.6	2.43573e-06
404.7	2.44981e-06
404.8	2.46397e-06
404.9	2.47823e-06
405	2.49257e-06
405.1	2.50699e-06
405.2	2.5215e-06
405.3	2.53609e-06
405.4	2.55075e-06
405.5	2.56006e-06
405.6	2.55503e-06
405.7	2.55001e-06
405.8	2.545e-06
405.9	2.54e-06
406	2.53501e-06
406.1	2.53003e-06
406.2	2.52506e-06
406.3	2.52009e-06
406.4	2.51514e-06
406.5	2.5102e-06
406.6	2.50526e-06
406.7	2.50034e-06
406.8	2.49542e-06
406.9	2.49052e-06
407	2.48562e-06
407.1	2.48073e-06
407.2	2.47586e-06
407.3	2.47099e-06
407.4	2.46614e-06
407.5	2.46129e-06
407.6	2.45645e-06
407.7	2.45163e-06
407.8	2.44681e-06
407.9	2.44201e-06
408	2.43721e-06
408.1	2.43243e-06
408.2	2.42766e-06
408.3	2.42289e-06
408.4	2.41814e-06
408.5	2.4134e-06
408.6	2.40867e-06
408.7	2.39685e-06
408.8	2.37414e-06
408.9	2.35169e-06
409	2.32952e-06
409.1	2.30763e-06
409.2	2.28603e-06
409.3	2.26473e-06
409.4	2.24374e-06
409.5	2.22307e-06
409.6	2.20272e-06
409.7	2.18271e-06
409.8	2.16304e-06
409.9	2.14372e-06
410	2.12477e-06
410.1	2.10619e-06
410.2	2.08799e-06
410.3	2.07018e-06
410.4	2.05278e-06
410.5	2.03579e-06
410.6	2.01923e-06
410.7	2.0031e-06
410.8	1.98741e-06
410.9	1.97218e-06
411	1.95742e-06
411.1	1.94158e-06
411.2	1.92029e-06
411.3	1.90023e-06
411.4	1.88145e-06
411.5	1.86398e-06
411.6	1.84787e-06
411.7	1.83315e-06
411.8	1.81985e-06
411.9	1.808e-06
412	1.79764e-06
412.1	1.78878e-06
412.2	1.78146e-06
412.3	1.77568e-06
412.4	1.77147e-06
412.5	1.76884e-06
412.6	1.76779e-06
412.7	1.76832e-06
412.8	1.77044e-06
412.9	1.774e-06
413	1.77884e-06
413.1	1.78504e-06
413.2	1.79259e-06
413.3	1.80146e-06
413.4	1.81165e-06
413.5	1.82313e-06
413.6	1.83588e-06
413.7	1.84986e-06
413.8	1.86506e-06
413.9	1.88144e-06
414	1.89897e-06
414.1	1.91762e-06
414.2	1.93736e-06
414.3	1.95815e-06
414.4	1.97996e-06
414.5	2.00276e-06
414.6	2.02652e-06
414.7	2.0512e-06
414.8	2.06857e-06
414.9	2.08267e-06
415	2.09702e-06
415.1	2.11162e-06
415.2	2.12646e-06
415.3	2.14153e-06
415.4	2.15683e-06
415.5	2.17236e-06
415.6	2.18811e-06
415.7	2.20408e-06
415.8	2.22026e-06
415.9	2.23664e-06
416	2.25323e-06
416.1	2.27001e-06
416.2	2.28699e-06
416.3	2.30416e-06
416.4	2.32151e-06
416.5	2.33904e-06
416.6	2.35675e-06
416.7	2.37464e-06
416.8	2.39269e-06
416.9	2.41091e-06
417	2.42928e-06
417.1	2.44782e-06
417.2	2.46651e-06
417.3	2.48535e-06
417.4	2.50368e-06
417.5	2.50345e-06
417.6	2.50322e-06
417.7	2.50299e-06
417.8	2.50276e-06
417.9	2.50253e-06
418	2.5023e-06
418.1	2.50207e-06
418.2	2.50184e-06
418.3	2.5016e-06
418.4	2.50137e-06
418.5	2.50114e-06
418.6	2.50091e-06
418.7	2.50068e-06
418.8	2.50045e-06
418.9	2.50022e-06
419	2.49999e-06
419.1	2.49976e-06
419.2	2.49953e-06
419.3	2.4993e-06
419.4	2.49907e-06
419.5	2.49884e-06
419.6	2.49861e-06
419.7	2.49838e-06
419.8	2.49815e-06
419.9	2.49792e-06
420	2.49769e-06
420.1	2.49746e-06
420.2	2.49723e-06
420.3	2.497e-06
420.4	2.49677e-06
420.5	2.49654e-06
420.6	2.49631e-06
420.7	2.48272e-06
420.8	2.46346e-06
420.9	2.44436e-06
421	2.42542e-06
421.1	2.40665e-06
421.2	2.38804e-06
421.3	2.36961e-06
421.4	2.35136e-06
421.5	2.33329e-06
421.6	2.31541e-06
421.7	2.29772e-06
421.8	2.28023e-06
421.9	2.26293e-06
422	2.24584e-06
422.1	2.22896e-06
422.2	2.21229e-06
422.3	2.19584e-06
422.4	2.17962e-06
422.5	2.16362e-06
422.6	2.14786e-06
422.7	2.13233e-06
422.8	2.11706e-06
422.9	2.10203e-06
423	2.08726e-06
423.1	2.07274e-06
423.2	2.0585e-06
423.3	2.04163e-06
423.4	2.01712e-06
423.5	1.99357e-06
423.6	1.97099e-06
423.7	1.94943e-06
423.8	1.92892e-06
423.9	1.9095e-06
424	1.89119e-06
424.1	1.87404e-06
424.2	1.85807e-06
424.3	1.84331e-06
424.4	1.82979e-06
424.5	1.81755e-06
424.6	1.8066e-06
424.7	1.79697e-06
424.8	1.78868e-06
424.9	1.78175e-06
425	1.7762e-06
425.1	1.77204e-06
425.2	1.76921e-06
425.3	1.76787e-06
425.4	1.76809e-06
425.5	1.76989e-06
425.6	1.77326e-06
425.7	1.77818e-06
425.8	1.78465e-06
425.9	1.79264e-06
426	1.80214e-06
426.1	1.81313e-06
426.2	1.82557e-06
426.3	1.83944e-06
426.4	1.85471e-06
426.5	1.87133e-06
426.6	1.88928e-06
426.7	1.90852e-06
426.8	1.92901e-06
426.9	1.95071e-06
427	1.96669e-06
427.1	1.98147e-06
427.2	1.9967e-06
427.3	2.01237e-06
427.4	2.02845e-06
427.5	2.04495e-06
427.6	2.06185e-06
427.7	2.07915e-06
427.8	2.09683e-06
427.9	2.11489e-06
428	2.13331e-06
428.1	2.15208e-06
428.2	2.1712e-06
428.3	2.19066e-06
428.4	2.21044e-06
428.5	2.23055e-06
428.6	2.25097e-06
428.7	2.27169e-06
428.8	2.2927e-06
428.9	2.314e-06
429	2.33558e-06
429.1	2.35742e-06
429.2	2.37954e-06
429.3	2.4019e-06
429.4	2.41737e-06
429.5	2.42168e-06
429.6	2.42599e-06
429.7	2.43032e-06
429.8	2.43465e-06
429.9	2.43899e-06
430	2.44334e-06
430.1	2.44769e-06
430.2	2.45206e-06
430.3	2.45643e-06
430.4	2.46082e-06
430.5	2.46521e-06
430.6	2.46961e-06
430.7	2.47401e-06
430.8	2.47843e-06
430.9	2.48285e-06
431	2.48729e-06
431.1	2.49173e-06
431.2	2.49618e-06
431.3	2.50063e-06
431.4	2.5051e-06
431.5	2.50957e-06
431.6	2.51405e-06
431.7	2.51854e-06
431.8	2.52303e-06
431.9	2.52753e-06
432	2.53204e-06
432.1	2.53656e-06
432.2	2.54109e-06
432.3	2.54562e-06
432.4	2.55016e-06
432.5	2.55471e-06
432.6	2.55089e-06
432.7	2.53576e-06
432.8	2.52071e-06
432.9	2.50575e-06
433	2.49088e-06
433.1	2.4761e-06
433.2	2.46141e-06
433.3	2.44682e-06
433.4	2.43231e-06
433.5	2.41791e-06
433.6	2.4036e-06
433.7	2.38939e-06
433.8	2.37528e-06
433.9	2.36128e-06
434	2.34738e-06
434.1	2.33359e-06
434.2	2.31991e-06
434.3	2.30633e-06
434.4	2.29287e-06
434.5	2.27953e-06
434.6	2.2663e-06
434.7	2.25319e-06
434.8	2.24021e-06
434.9	2.22734e-06
435	2.2146e-06
435.1	2.20199e-06
435.2	2.18951e-06
435.3	2.17716e-06
435.4	2.16494e-06
435.5	2.1415e-06
435.6	2.11607e-06
435.7	2.09132e-06
435.8	2.06729e-06
435.9	2.04399e-06
436	2.02146e-06
436.1	1.99971e-06
436.2	1.97878e-06
436.3	1.95869e-06
436.4	1.93947e-06
436.5	1.92114e-06
436.6	1.90373e-06
436.7	1.88726e-06
436.8	1.87176e-06
436.9	1.85726e-06
437	1.84377e-06
437.1	1.83132e-06
437.2	1.81993e-06
437.3	1.80962e-06
437.4	1.80041e-06
437.5	1.79122e-06
437.6	1.78324e-06
437.7	1.7769e-06
437.8	1.77222e-06
437.9	1.76919e-06
438	1.76784e-06
438.1	1.76817e-06
438.2	1.77018e-06
438.3	1.77386e-06
438.4	1.7792e-06
438.5	1.78618e-06
438.6	1.79479e-06
438.7	1.805e-06
438.8	1.81679e-06
438.9	1.83013e-06
439	1.84498e-06
439.1	1.8613e-06
439.2	1.8765e-06
439.3	1.89001e-06
439.4	1.90422e-06
439.5	1.91913e-06
439.6	1.93472e-06
439.7	1.95096e-06
439.8	1.96786e-06
439.9	1.98538e-06
440	2.00352e-06
440.1	2.02225e-06
440.2	2.04157e-06
440.3	2.06144e-06
440.4	2.08187e-06
440.5	2.10282e-06
440.6	2.1243e-06
440.7	2.14627e-06
440.8	2.16873e-06
440.9	2.19165e-06
441	2.21504e-06
441.1	2.23886e-06
441.2	2.26311e-06
441.3	2.28778e-06
441.4	2.30919e-06
441.5	2.31753e-06
441.6	2.32592e-06
441.7	2.33435e-06
441.8	2.34281e-06
441.9	2.35132e-06
442	2.35987e-06
442.1	2.36846e-06
442.2	2.37708e-06
442.3	2.38575e-06
442.4	2.39446e-06
442.5	2.4032e-06
442.6	2.41198e-06
442.7	2.4208e-06
442.8	2.42965e-06
442.9	2.43854e-06
443	2.44747e-06
443.1	2.45643e-06
443.2	2.46543e-06
443.3	2.47446e-06
443.4	2.48353e-06
443.5	2.49263e-06
443.6	2.50177e-06
443.7	2.51094e-06
443.8	2.52014e-06
443.9	2.52937e-06
444	2.53864e-06
444.1	2.54794e-06
444.2	2.55727e-06
444.3	2.56663e-06
444.4	2.57602e-06
444.5	2.57757e-06
444.6	2.56707e-06
444.7	2.55661e-06
444.8	2.54619e-06
444.9	2.53581e-06
445	2.52547e-06
445.1	2.51517e-06
445.2	2.50491e-06
445.3	2.49469e-06
445.4	2.48452e-06
445.5	2.47438e-06
445.6	2.46429e-06
445.7	2.45425e-06
445.8	2.44424e-06
445.9	2.43428e-06
446	2.42437e-06
446.1	2.41451e-06
446.2	2.40468e-06
446.3	2.39491e-06
446.4	2.38518e-06
446.5	2.37551e-06
446.6	2.36588e-06
446.7	2.3563e-06
446.8	2.34677e-06
446.9	2.33729e-06
447	2.32786e-06
447.1	2.31848e-06
447.2	2.30916e-06
447.3	2.29989e-06
447.4	2.29067e-06
447.5	2.2815e-06
447.6	2.2573e-06
447.7	2.23236e-06
447.8	2.20788e-06
447.9	2.18388e-06
448	2.16037e-06
448.1	2.13736e-06
448.2	2.11488e-06
448.3	2.09294e-06
448.4	2.07156e-06
448.5	2.05075e-06
448.6	2.03054e-06
448.7	2.01094e-06
448.8	1.99196e-06
448.9	1.97364e-06
449	1.95598e-06
449.1	1.939e-06
449.2	1.92273e-06
449.3	1.90718e-06
449.4	1.89236e-06
449.5	1.8783e-06
449.6	1.86501e-06
449.7	1.85208e-06
449.8	1.83652e-06
449.9	1.82246e-06
450	1.80995e-06
450.1	1.79901e-06
450.2	1.78968e-06
450.3	1.78197e-06
450.4	1.77591e-06
450.5	1.77152e-06
450.6	1.7688e-06
450.7	1.76778e-06
450.8	1.76844e-06
450.9	1.77079e-06
451	1.77482e-06
451.1	1.78052e-06
451.2	1.78787e-06
451.3	1.79686e-06
451.4	1.80745e-06
451.5	1.81752e-06
451.6	1.82838e-06
451.7	1.84026e-06
451.8	1.85313e-06
451.9	1.86697e-06
452	1.88177e-06
452.1	1.8975e-06
452.2	1.91413e-06
452.3	1.93165e-06
452.4	1.95003e-06
452.5	1.96924e-06
452.6	1.98927e-06
452.7	2.01008e-06
452.8	2.03166e-06
452.9	2.05397e-06
453	2.077e-06
453.1	2.10073e-06
453.2	2.12512e-06
453.3	2.15016e-06
453.4	2.17582e-06
453.5	2.19518e-06
453.6	2.20682e-06
453.7	2.21857e-06
453.8	2.23043e-06
453.9	2.24239e-06
454	2.25447e-06
454.1	2.26665e-06
454.2	2.27892e-06
454.3	2.29131e-06
454.4	2.30378e-06
454.5	2.31636e-06
454.6	2.32904e-06
454.7	2.3418e-06
454.8	2.35466e-06
454.9	2.36762e-06
455	2.38066e-06
455.1	2.39379e-06
455.2	2.407e-06
455.3	2.42031e-06
455.4	2.43369e-06
455.5	2.44716e-06
455.6	2.46071e-06
455.7	2.47435e-06
455.8	2.48806e-06
455.9	2.50184e-06
456	2.51571e-06
456.1	2.52964e-06
456.2	2.54366e-06
456.3	2.55774e-06
456.4	2.56415e-06
456.5	2.55848e-06
456.6	2.55283e-06
456.7	2.54719e-06
456.8	2.54156e-06
456.9	2.53594e-06
457	2.53034e-06
457.1	2.52474e-06
457.2	2.51916e-06
457.3	2.51359e-06
457.4	2.50803e-06
457.5	2.50249e-06
457.6	2.49695e-06
457.7	2.49143e-06
457.8	2.48592e-06
457.9	2.48042e-06
458	2.47494e-06
458.1	2.46947e-06
458.2	2.46401e-06
458.3	2.45856e-06
458.4	2.45313e-06
458.5	2.44771e-06
458.6	2.4423e-06
458.7	2.43691e-06
458.8	2.43153e-06
458.9	2.42616e-06
459	2.42081e-06
459.1	2.41547e-06
459.2	2.41014e-06
459.3	2.40483e-06
459.4	2.39953e-06
459.5	2.39424e-06
459.6	2.37774e-06
459.7	2.35472e-06
459.8	2.33199e-06
459.9	2.30955e-06
460	2.28742e-06
460.1	2.2656e-06
460.2	2.24411e-06
460.3	2.22294e-06
460.4	2.20212e-06
460.5	2.18164e-06
460.6	2.16153e-06
460.7	2.14179e-06
460.8	2.12243e-06
460.9	2.10346e-06
461	2.0849e-06
461.1	2.06675e-06
461.2	2.04902e-06
461.3	2.03173e-06
461.4	2.01489e-06
461.5	1.9985e-06
461.6	1.98258e-06
461.7	1.96715e-06
461.8	1.9522e-06
461.9	1.93777e-06
462	1.9186e-06
462.1	1.89854e-06
462.2	1.87977e-06
462.3	1.86233e-06
462.4	1.84627e-06
462.5	1.83162e-06
462.6	1.81841e-06
462.7	1.80667e-06
462.8	1.79643e-06
462.9	1.78773e-06
463	1.78057e-06
463.1	1.77498e-06
463.2	1.77098e-06
463.3	1.76857e-06
463.4	1.76777e-06
463.5	1.76856e-06
463.6	1.77096e-06
463.7	1.77493e-06
463.8	1.78e-06
463.9	1.7864e-06
464	1.79412e-06
464.1	1.80314e-06
464.2	1.81344e-06
464.3	1.825e-06
464.4	1.83779e-06
464.5	1.8518e-06
464.6	1.86699e-06
464.7	1.88334e-06
464.8	1.9008e-06
464.9	1.91937e-06
465	1.93899e-06
465.1	1.95965e-06
465.2	1.9813e-06
465.3	2.00392e-06
465.4	2.02748e-06
465.5	2.05193e-06
465.6	2.07553e-06
465.7	2.0893e-06
465.8	2.10331e-06
465.9	2.11755e-06
466	2.13201e-06
466.1	2.14669e-06
466.2	2.16158e-06
466.3	2.17669e-06
466.4	2.192e-06
466.5	2.20751e-06
466.6	2.22322e-06
466.7	2.23912e-06
466.8	2.25521e-06
466.9	2.27149e-06
467	2.28795e-06
467.1	2.30458e-06
467.2	2.32139e-06
467.3	2.33837e-06
467.4	2.35551e-06
467.5	2.37282e-06
467.6	2.39028e-06
467.7	2.40791e-06
467.8	2.42568e-06
467.9	2.4436e-06
468	2.46167e-06
468.1	2.47988e-06
468.2	2.49823e-06
468.3	2.51301e-06
468.4	2.51216e-06
468.5	2.51131e-06
468.6	2.51046e-06
468.7	2.50961e-06
468.8	2.50876e-06
468.9	2.50792e-06
469	2.50707e-06
469.1	2.50622e-06
469.2	2.50537e-06
469.3	2.50453e-06
469.4	2.50368e-06
469.5	2.50283e-06
469.6	2.50199e-06
469.7	2.50114e-06
469.8	2.5003e-06
469.9	2.49945e-06
470	2.49861e-06
470.1	2.49776e-06
470.2	2.49692e-06
470.3	2.49607e-06
470.4	2.49523e-06
470.5	2.49439e-06
470.6	2.49354e-06
470.7	2.4927e-06
470.8	2.49186e-06
470.9	2.49102e-06
471	2.49017e-06
471.1	2.48933e-06
471.2	2.48849e-06
471.3	2.48765e-06
471.4	2.48681e-06
471.5	2.48597e-06
471.6	2.46863e-06
471.7	2.4489e-06
471.8	2.42935e-06
471.9	2.40997e-06
472	2.39077e-06
472.1	2.37175e-06
472.2	2.35293e-06
472.3	2.33429e-06
472.4	2.31586e-06
472.5	2.29763e-06
472.6	2.2796e-06
472.7	2.26179e-06
472.8	2.2442e-06
472.9	2.22682e-06
473	2.20968e-06
473.1	2.19277e-06
473.2	2.1761e-06
473.3	2.15967e-06
473.4	2.14349e-06
473.5	2.12757e-06
473.6	2.11191e-06
473.7	2.09651e-06
473.8	2.08139e-06
473.9	2.06655e-06
474	2.052e-06
474.1	2.03773e-06
474.2	2.01608e-06
474.3	1.99234e-06
474.4	1.96961e-06
474.5	1.94792e-06
474.6	1.9273e-06
474.7	1.90778e-06
474.8	1.88942e-06
474.9	1.87222e-06
475	1.85624e-06
475.1	1.84149e-06
475.2	1.82802e-06
475.3	1.81584e-06
475.4	1.80499e-06
475.5	1.79549e-06
475.6	1.78736e-06
475.7	1.78062e-06
475.8	1.77528e-06
475.9	1.77136e-06
476	1.76885e-06
476.1	1.76779e-06
476.2	1.76828e-06
476.3	1.77033e-06
476.4	1.77391e-06
476.5	1.77904e-06
476.6	1.78568e-06
476.7	1.79383e-06
476.8	1.80347e-06
476.9	1.81456e-06
477	1.82709e-06
477.1	1.84103e-06
477.2	1.85634e-06
477.3	1.87299e-06
477.4	1.89095e-06
477.5	1.91017e-06
477.6	1.93062e-06
477.7	1.95227e-06
477.8	1.9723e-06
477.9	1.98689e-06
478	2.0019e-06
478.1	2.01731e-06
478.2	2.03312e-06
478.3	2.04933e-06
478.4	2.06592e-06
478.5	2.08287e-06
478.6	2.1002e-06
478.7	2.11787e-06
478.8	2.1359e-06
478.9	2.15426e-06
479	2.17294e-06
479.1	2.19195e-06
479.2	2.21127e-06
479.3	2.23089e-06
479.4	2.25081e-06
479.5	2.27102e-06
479.6	2.29151e-06
479.7	2.31227e-06
479.8	2.33329e-06
479.9	2.35458e-06
480	2.37611e-06
480.1	2.39789e-06
480.2	2.41991e-06
480.3	2.43089e-06
480.4	2.43463e-06
480.5	2.43837e-06
480.6	2.44212e-06
480.7	2.44587e-06
480.8	2.44963e-06
480.9	2.4534e-06
481	2.45717e-06
481.1	2.46095e-06
481.2	2.46473e-06
481.3	2.46853e-06
481.4	2.47232e-06
481.5	2.47613e-06
481.6	2.47994e-06
481.7	2.48375e-06
481.8	2.48757e-06
481.9	2.4914e-06
482	2.49524e-06
482.1	2.49908e-06
482.2	2.50292e-06
482.3	2.50677e-06
482.4	2.51063e-06
482.5	2.51449e-06
482.6	2.51836e-06
482.7	2.52224e-06
482.8	2.52612e-06
482.9	2.53001e-06
483	2.5339e-06
483.1	2.53779e-06
483.2	2.5417e-06
483.3	2.54561e-06
483.4	2.54952e-06
483.5	2.54266e-06
483.6	2.52696e-06
483.7	2.51136e-06
483.8	2.49585e-06
483.9	2.48043e-06
484	2.46512e-06
484.1	2.4499e-06
484.2	2.43479e-06
484.3	2.41978e-06
484.4	2.40487e-06
484.5	2.39008e-06
484.6	2.37539e-06
484.7	2.36082e-06
484.8	2.34636e-06
484.9	2.33201e-06
485	2.31779e-06
485.1	2.30368e-06
485.2	2.2897e-06
485.3	2.27584e-06
485.4	2.26211e-06
485.5	2.24851e-06
485.6	2.23504e-06
485.7	2.2217e-06
485.8	2.2085e-06
485.9	2.19544e-06
486	2.18253e-06
486.1	2.16975e-06
486.2	2.15712e-06
486.3	2.14178e-06
486.4	2.116e-06
486.5	2.09092e-06
486.6	2.06658e-06
486.7	2.043e-06
486.8	2.0202e-06
486.9	1.99821e-06
487	1.97706e-06
487.1	1.95678e-06
487.2	1.93739e-06
487.3	1.91892e-06
487.4	1.9014e-06
487.5	1.88485e-06
487.6	1.8693e-06
487.7	1.85477e-06
487.8	1.84129e-06
487.9	1.82889e-06
488	1.81758e-06
488.1	1.80738e-06
488.2	1.79831e-06
488.3	1.78993e-06
488.4	1.78222e-06
488.5	1.77613e-06
488.6	1.77169e-06
488.7	1.76891e-06
488.8	1.76779e-06
488.9	1.76834e-06
489	1.77056e-06
489.1	1.77444e-06
489.2	1.77998e-06
489.3	1.78714e-06
489.4	1.79592e-06
489.5	1.8063e-06
489.6	1.81824e-06
489.7	1.83171e-06
489.8	1.84668e-06
489.9	1.86312e-06
490	1.88069e-06
490.1	1.89415e-06
490.2	1.90828e-06
490.3	1.92309e-06
490.4	1.93854e-06
490.5	1.95462e-06
490.6	1.97132e-06
490.7	1.98862e-06
490.8	2.00651e-06
490.9	2.02497e-06
491	2.04399e-06
491.1	2.06355e-06
491.2	2.08363e-06
491.3	2.10422e-06
491.4	2.12531e-06
491.5	2.14688e-06
491.6	2.16892e-06
491.7	2.1914e-06
491.8	2.21433e-06
491.9	2.23768e-06
492	2.26144e-06
492.1	2.2856e-06
492.2	2.31015e-06
492.3	2.32634e-06
492.4	2.33421e-06
492.5	2.3421e-06
492.6	2.35003e-06
492.7	2.358e-06
492.8	2.366e-06
492.9	2.37404e-06
493	2.38211e-06
493.1	2.39021e-06
493.2	2.39835e-06
493.3	2.40652e-06
493.4	2.41473e-06
493.5	2.42296e-06
493.6	2.43123e-06
493.7	2.43953e-06
493.8	2.44786e-06
493.9	2.45622e-06
494	2.46461e-06
494.1	2.47303e-06
494.2	2.48149e-06
494.3	2.48997e-06
494.4	2.49848e-06
494.5	2.50702e-06
494.6	2.51559e-06
494.7	2.52419e-06
494.8	2.53282e-06
494.9	2.54147e-06
495	2.55015e-06
495.1	2.55886e-06
495.2	2.5676e-06
495.3	2.57636e-06
495.4	2.57523e-06
495.5	2.56411e-06
495.6	2.55303e-06
495.7	2.542e-06
495.8	2.53102e-06
495.9	2.52008e-06
496	2.50918e-06
496.1	2.49833e-06
496.2	2.48753e-06
496.3	2.47678e-06
496.4	2.46607e-06
496.5	2.45542e-06
496.6	2.44481e-06
496.7	2.43425e-06
496.8	2.42375e-06
496.9	2.41329e-06
497	2.40289e-06
497.1	2.39254e-06
497.2	2.38224e-06
497.3	2.372e-06
497.4	2.36181e-06
497.5	2.35168e-06
497.6	2.34161e-06
497.7	2.33159e-06
497.8	2.32163e-06
497.9	2.31173e-06
498	2.30189e-06
498.1	2.29211e-06
498.2	2.28239e-06
498.3	2.27273e-06
498.4	2.25914e-06
498.5	2.23372e-06
498.6	2.20878e-06
498.7	2.18434e-06
498.8	2.1604e-06
498.9	2.13698e-06
499	2.11412e-06
499.1	2.09181e-06
499.2	2.07008e-06
499.3	2.04895e-06
499.4	2.02843e-06
499.5	2.00855e-06
499.6	1.98933e-06
499.7	1.97078e-06
499.8	1.95292e-06
499.9	1.93577e-06
