0	2.5e-06
0.1	2.5e-06
0.2	2.5e-06
0.3	2.5e-06
0.4	2.5e-06
0.5	2.5e-06
0.6	2.5e-06
0.7	2.5e-06
0.8	2.5e-06
0.9	2.5e-06
1	2.5e-06
1.1	2.5e-06
1.2	2.5e-06
1.3	2.5e-06
1.4	2.5e-06
1.5	2.5e-06
1.6	2.5e-06
1.7	2.48897e-06
1.8	2.47394e-06
1.9	2.45901e-06
2	2.44418e-06
2.1	2.42944e-06
2.2	2.41481e-06
2.3	2.40027e-06
2.4	2.38584e-06
2.5	2.37152e-06
2.6	2.3573e-06
2.7	2.34319e-06
2.8	2.32919e-06
2.9	2.31531e-06
3	2.30154e-06
3.1	2.28789e-06
3.2	2.27436e-06
3.3	2.26095e-06
3.4	2.24766e-06
3.5	2.2345e-06
3.6	2.22147e-06
3.7	2.20857e-06
3.8	2.1958e-06
3.9	2.18317e-06
4	2.17068e-06
4.1	2.15832e-06
4.2	2.14611e-06
4.3	2.13404e-06
4.4	2.12108e-06
4.5	2.09901e-06
4.6	2.07749e-06
4.7	2.05653e-06
4.8	2.03617e-06
4.9	2.01641e-06
5	1.99727e-06
5.1	1.97878e-06
5.2	1.96094e-06
5.3	1.94378e-06
5.4	1.92732e-06
5.5	1.91157e-06
5.6	1.89655e-06
5.7	1.88229e-06
5.8	1.86878e-06
5.9	1.85606e-06
6	1.84414e-06
6.1	1.83304e-06
6.2	1.82276e-06
6.3	1.81333e-06
6.4	1.80447e-06
6.5	1.79539e-06
6.6	1.78758e-06
6.7	1.78105e-06
6.8	1.77581e-06
6.9	1.77187e-06
7	1.76924e-06
7.1	1.76793e-06
7.2	1.76794e-06
7.3	1.76927e-06
7.4	1.77192e-06
7.5	1.77587e-06
7.6	1.78114e-06
7.7	1.78769e-06
7.8	1.79552e-06
7.9	1.80461e-06
8	1.81494e-06
8.1	1.82626e-06
8.2	1.83639e-06
8.3	1.84728e-06
8.4	1.85892e-06
8.5	1.87129e-06
8.6	1.88437e-06
8.7	1.89817e-06
8.8	1.91265e-06
8.9	1.9278e-06
9	1.94361e-06
9.1	1.96006e-06
9.2	1.97713e-06
9.3	1.99482e-06
9.4	2.0131e-06
9.5	2.03195e-06
9.6	2.05137e-06
9.7	2.07133e-06
9.8	2.09182e-06
9.9	2.11283e-06
10	2.13434e-06
10.1	2.15633e-06
10.2	2.17248e-06
10.3	2.18373e-06
10.4	2.19509e-06
10.5	2.20656e-06
10.6	2.21814e-06
10.7	2.22982e-06
10.8	2.24161e-06
10.9	2.2535e-06
11	2.2655e-06
11.1	2.27759e-06
11.2	2.28978e-06
11.3	2.30207e-06
11.4	2.31445e-06
11.5	2.32693e-06
11.6	2.33949e-06
11.7	2.35215e-06
11.8	2.3649e-06
11.9	2.37773e-06
12	2.39066e-06
12.1	2.40366e-06
12.2	2.41675e-06
12.3	2.42992e-06
12.4	2.44317e-06
12.5	2.45651e-06
12.6	2.46992e-06
12.7	2.4834e-06
12.8	2.49697e-06
12.9	2.5106e-06
13	2.52275e-06
13.1	2.52119e-06
13.2	2.51963e-06
13.3	2.51808e-06
13.4	2.51652e-06
13.5	2.51496e-06
13.6	2.5134e-06
13.7	2.51185e-06
13.8	2.5103e-06
13.9	2.50874e-06
14	2.50719e-06
14.1	2.50564e-06
14.2	2.50409e-06
14.3	2.50254e-06
14.4	2.50099e-06
14.5	2.49944e-06
14.6	2.4979e-06
14.7	2.49635e-06
14.8	2.49481e-06
14.9	2.49326e-06
15	2.49172e-06
15.1	2.49018e-06
15.2	2.48864e-06
15.3	2.4871e-06
15.4	2.48556e-06
15.5	2.48402e-06
15.6	2.48248e-06
15.7	2.48095e-06
15.8	2.47941e-06
15.9	2.47788e-06
16	2.47635e-06
16.1	2.47481e-06
16.2	2.47328e-06
16.3	2.46248e-06
16.4	2.44615e-06
16.5	2.42993e-06
16.6	2.41384e-06
16.7	2.39786e-06
16.8	2.38202e-06
16.9	2.3663e-06
17	2.35071e-06
17.1	2.33526e-06
17.2	2.31994e-06
17.3	2.30476e-06
17.4	2.28973e-06
17.5	2.27483e-06
17.6	2.26009e-06
17.7	2.24549e-06
17.8	2.23105e-06
17.9	2.21676e-06
18	2.20264e-06
18.1	2.18867e-06
18.2	2.17487e-06
18.3	2.16124e-06
18.4	2.14778e-06
18.5	2.13449e-06
18.6	2.12139e-06
18.7	2.10846e-06
18.8	2.09572e-06
18.9	2.08317e-06
19	2.06283e-06
19.1	2.04153e-06
19.2	2.02088e-06
19.3	2.00089e-06
19.4	1.98159e-06
19.5	1.963e-06
19.6	1.94513e-06
19.7	1.92801e-06
19.8	1.91166e-06
19.9	1.89609e-06
20	1.88133e-06
20.1	1.8674e-06
20.2	1.85431e-06
20.3	1.84208e-06
20.4	1.83073e-06
20.5	1.82028e-06
20.6	1.81073e-06
20.7	1.80212e-06
20.8	1.79444e-06
20.9	1.78727e-06
21	1.78081e-06
21.1	1.77564e-06
21.2	1.77176e-06
21.3	1.76918e-06
21.4	1.76791e-06
21.5	1.76795e-06
21.6	1.7693e-06
21.7	1.77195e-06
21.8	1.77591e-06
21.9	1.78116e-06
22	1.78768e-06
22.1	1.79548e-06
22.2	1.80452e-06
22.3	1.8148e-06
22.4	1.82629e-06
22.5	1.83896e-06
22.6	1.85169e-06
22.7	1.86306e-06
22.8	1.8751e-06
22.9	1.8878e-06
23	1.90113e-06
23.1	1.91509e-06
23.2	1.92966e-06
23.3	1.94483e-06
23.4	1.96058e-06
23.5	1.9769e-06
23.6	1.99378e-06
23.7	2.01121e-06
23.8	2.02916e-06
23.9	2.04762e-06
24	2.06659e-06
24.1	2.08604e-06
24.2	2.10597e-06
24.3	2.12636e-06
24.4	2.14719e-06
24.5	2.16846e-06
24.6	2.19015e-06
24.7	2.21087e-06
24.8	2.22118e-06
24.9	2.23157e-06
25	2.24204e-06
25.1	2.25259e-06
25.2	2.26322e-06
25.3	2.27393e-06
25.4	2.28472e-06
25.5	2.29559e-06
25.6	2.30653e-06
25.7	2.31754e-06
25.8	2.32863e-06
25.9	2.33979e-06
26	2.35102e-06
26.1	2.36232e-06
26.2	2.3737e-06
26.3	2.38513e-06
26.4	2.39664e-06
26.5	2.40821e-06
26.6	2.41985e-06
26.7	2.43156e-06
26.8	2.44332e-06
26.9	2.45515e-06
27	2.46704e-06
27.1	2.47899e-06
27.2	2.491e-06
27.3	2.50307e-06
27.4	2.5152e-06
27.5	2.52739e-06
27.6	2.53963e-06
27.7	2.53828e-06
27.8	2.53514e-06
27.9	2.532e-06
28	2.52887e-06
28.1	2.52574e-06
28.2	2.52262e-06
28.3	2.5195e-06
28.4	2.51638e-06
28.5	2.51327e-06
28.6	2.51016e-06
28.7	2.50705e-06
28.8	2.50395e-06
28.9	2.50086e-06
29	2.49776e-06
29.1	2.49467e-06
29.2	2.49159e-06
29.3	2.4885e-06
29.4	2.48542e-06
29.5	2.48235e-06
29.6	2.47928e-06
29.7	2.47621e-06
29.8	2.47315e-06
29.9	2.47009e-06
30	2.46704e-06
30.1	2.46399e-06
30.2	2.46094e-06
30.3	2.4579e-06
30.4	2.45486e-06
30.5	2.45182e-06
30.6	2.44879e-06
30.7	2.44577e-06
30.8	2.44274e-06
30.9	2.43117e-06
31	2.41363e-06
31.1	2.39623e-06
31.2	2.37898e-06
31.3	2.36189e-06
31.4	2.34495e-06
31.5	2.32817e-06
31.6	2.31156e-06
31.7	2.29511e-06
31.8	2.27883e-06
31.9	2.26272e-06
32	2.24679e-06
32.1	2.23105e-06
32.2	2.21549e-06
32.3	2.20011e-06
32.4	2.18494e-06
32.5	2.16995e-06
32.6	2.15517e-06
32.7	2.1406e-06
32.8	2.12624e-06
32.9	2.11209e-06
33	2.09815e-06
33.1	2.08444e-06
33.2	2.07096e-06
33.3	2.05771e-06
33.4	2.0447e-06
33.5	2.02621e-06
33.6	2.0054e-06
33.7	1.98531e-06
33.8	1.96598e-06
33.9	1.94742e-06
34	1.92965e-06
34.1	1.91269e-06
34.2	1.89658e-06
34.3	1.88132e-06
34.4	1.86694e-06
34.5	1.85347e-06
34.6	1.84091e-06
34.7	1.8293e-06
34.8	1.81864e-06
34.9	1.80896e-06
35	1.80027e-06
35.1	1.79258e-06
35.2	1.78591e-06
35.3	1.78027e-06
35.4	1.77533e-06
35.5	1.77156e-06
35.6	1.76908e-06
35.7	1.76789e-06
35.8	1.76798e-06
35.9	1.76936e-06
36	1.77202e-06
36.1	1.77597e-06
36.2	1.78118e-06
36.3	1.78766e-06
36.4	1.79538e-06
36.5	1.80434e-06
36.6	1.8145e-06
36.7	1.82586e-06
36.8	1.83838e-06
36.9	1.85205e-06
37	1.86685e-06
37.1	1.88044e-06
37.2	1.89276e-06
37.3	1.90566e-06
37.4	1.91911e-06
37.5	1.93312e-06
37.6	1.94766e-06
37.7	1.96273e-06
37.8	1.97832e-06
37.9	1.9944e-06
38	2.01098e-06
38.1	2.02804e-06
38.2	2.04556e-06
38.3	2.06354e-06
38.4	2.08196e-06
38.5	2.10081e-06
38.6	2.12008e-06
38.7	2.13975e-06
38.8	2.15983e-06
38.9	2.18029e-06
39	2.20113e-06
39.1	2.22233e-06
39.2	2.24388e-06
39.3	2.25835e-06
39.4	2.26766e-06
39.5	2.27703e-06
39.6	2.28646e-06
39.7	2.29595e-06
39.8	2.3055e-06
39.9	2.3151e-06
40	2.32476e-06
40.1	2.33447e-06
40.2	2.34424e-06
40.3	2.35407e-06
40.4	2.36394e-06
40.5	2.37387e-06
40.6	2.38385e-06
40.7	2.39388e-06
40.8	2.40397e-06
40.9	2.4141e-06
41	2.42428e-06
41.1	2.43451e-06
41.2	2.44479e-06
41.3	2.45512e-06
41.4	2.46549e-06
41.5	2.47591e-06
41.6	2.48638e-06
41.7	2.49689e-06
41.8	2.50745e-06
41.9	2.51805e-06
42	2.52869e-06
42.1	2.53938e-06
42.2	2.5501e-06
42.3	2.55113e-06
42.4	2.5464e-06
42.5	2.54168e-06
42.6	2.53696e-06
42.7	2.53226e-06
42.8	2.52756e-06
42.9	2.52288e-06
43	2.5182e-06
43.1	2.51353e-06
43.2	2.50886e-06
43.3	2.50421e-06
43.4	2.49956e-06
43.5	2.49493e-06
43.6	2.4903e-06
43.7	2.48568e-06
43.8	2.48107e-06
43.9	2.47647e-06
44	2.47187e-06
44.1	2.46729e-06
44.2	2.46272e-06
44.3	2.45815e-06
44.4	2.45359e-06
44.5	2.44904e-06
44.6	2.44451e-06
44.7	2.43998e-06
44.8	2.43546e-06
44.9	2.43095e-06
45	2.42644e-06
45.1	2.42195e-06
45.2	2.41747e-06
45.3	2.413e-06
45.4	2.40853e-06
45.5	2.39515e-06
45.6	2.37652e-06
45.7	2.35807e-06
45.8	2.3398e-06
45.9	2.32172e-06
46	2.30383e-06
46.1	2.28614e-06
46.2	2.26865e-06
46.3	2.25136e-06
46.4	2.23429e-06
46.5	2.21743e-06
46.6	2.2008e-06
46.7	2.18438e-06
46.8	2.1682e-06
46.9	2.15226e-06
47	2.13655e-06
47.1	2.1211e-06
47.2	2.10589e-06
47.3	2.09094e-06
47.4	2.07626e-06
47.5	2.06184e-06
47.6	2.0477e-06
47.7	2.03384e-06
47.8	2.02027e-06
47.9	2.00698e-06
48	1.98966e-06
48.1	1.96962e-06
48.2	1.95039e-06
48.3	1.93199e-06
48.4	1.91445e-06
48.5	1.8978e-06
48.6	1.88205e-06
48.7	1.86723e-06
48.8	1.85337e-06
48.9	1.84048e-06
49	1.82858e-06
49.1	1.8177e-06
49.2	1.80785e-06
49.3	1.79905e-06
49.4	1.79131e-06
49.5	1.78465e-06
49.6	1.77909e-06
49.7	1.77462e-06
49.8	1.77124e-06
49.9	1.76891e-06
50	1.76784e-06
50.1	1.76803e-06
50.2	1.76948e-06
50.3	1.77217e-06
50.4	1.77612e-06
50.5	1.7813e-06
50.6	1.78772e-06
50.7	1.79535e-06
50.8	1.80418e-06
50.9	1.81419e-06
51	1.82537e-06
51.1	1.83769e-06
51.2	1.85113e-06
51.3	1.86566e-06
51.4	1.88127e-06
51.5	1.89791e-06
51.6	1.91197e-06
51.7	1.92494e-06
51.8	1.93839e-06
51.9	1.95233e-06
52	1.96674e-06
52.1	1.9816e-06
52.2	1.99691e-06
52.3	2.01266e-06
52.4	2.02883e-06
52.5	2.04542e-06
52.6	2.06242e-06
52.7	2.07982e-06
52.8	2.0976e-06
52.9	2.11577e-06
53	2.1343e-06
53.1	2.15318e-06
53.2	2.17242e-06
53.3	2.192e-06
53.4	2.21191e-06
53.5	2.23214e-06
53.6	2.25268e-06
53.7	2.27353e-06
53.8	2.29467e-06
53.9	2.30331e-06
54	2.31149e-06
54.1	2.31972e-06
54.2	2.32798e-06
54.3	2.33629e-06
54.4	2.34463e-06
54.5	2.35302e-06
54.6	2.36144e-06
54.7	2.36991e-06
54.8	2.37841e-06
54.9	2.38694e-06
55	2.39552e-06
55.1	2.40413e-06
55.2	2.41278e-06
55.3	2.42147e-06
55.4	2.43019e-06
55.5	2.43894e-06
55.6	2.44773e-06
55.7	2.45656e-06
55.8	2.46542e-06
55.9	2.47431e-06
56	2.48324e-06
56.1	2.4922e-06
56.2	2.50119e-06
56.3	2.51022e-06
56.4	2.51927e-06
56.5	2.52836e-06
56.6	2.53748e-06
56.7	2.54663e-06
56.8	2.55582e-06
56.9	2.55963e-06
57	2.55331e-06
57.1	2.547e-06
57.2	2.54071e-06
57.3	2.53443e-06
57.4	2.52816e-06
57.5	2.52191e-06
57.6	2.51568e-06
57.7	2.50946e-06
57.8	2.50325e-06
57.9	2.49707e-06
58	2.49089e-06
58.1	2.48473e-06
58.2	2.47859e-06
58.3	2.47246e-06
58.4	2.46635e-06
58.5	2.46026e-06
58.6	2.45418e-06
58.7	2.44812e-06
58.8	2.44207e-06
58.9	2.43604e-06
59	2.43003e-06
59.1	2.42403e-06
59.2	2.41805e-06
59.3	2.41209e-06
59.4	2.40614e-06
59.5	2.40021e-06
59.6	2.3943e-06
59.7	2.3884e-06
59.8	2.38253e-06
59.9	2.37667e-06
60	2.37083e-06
60.1	2.35461e-06
60.2	2.33504e-06
60.3	2.31569e-06
60.4	2.29656e-06
60.5	2.27766e-06
60.6	2.25899e-06
60.7	2.24057e-06
60.8	2.22239e-06
60.9	2.20446e-06
61	2.1868e-06
61.1	2.16939e-06
61.2	2.15226e-06
61.3	2.13541e-06
61.4	2.11884e-06
61.5	2.10257e-06
61.6	2.08659e-06
61.7	2.07092e-06
61.8	2.05556e-06
61.9	2.04052e-06
62	2.0258e-06
62.1	2.01142e-06
62.2	1.99738e-06
62.3	1.98369e-06
62.4	1.97035e-06
62.5	1.95377e-06
62.6	1.93478e-06
62.7	1.91669e-06
62.8	1.89953e-06
62.9	1.88331e-06
63	1.86807e-06
63.1	1.85382e-06
63.2	1.8406e-06
63.3	1.82842e-06
63.4	1.8173e-06
63.5	1.80726e-06
63.6	1.79833e-06
63.7	1.79052e-06
63.8	1.78384e-06
63.9	1.7783e-06
64	1.77392e-06
64.1	1.77071e-06
64.2	1.76867e-06
64.3	1.7678e-06
64.4	1.76813e-06
64.5	1.76969e-06
64.6	1.77245e-06
64.7	1.77642e-06
64.8	1.78159e-06
64.9	1.78795e-06
65	1.79549e-06
65.1	1.80419e-06
65.2	1.81403e-06
65.3	1.825e-06
65.4	1.83707e-06
65.5	1.85023e-06
65.6	1.86445e-06
65.7	1.87971e-06
65.8	1.89598e-06
65.9	1.91323e-06
66	1.93145e-06
66.1	1.94572e-06
66.2	1.95907e-06
66.3	1.97282e-06
66.4	1.98698e-06
66.5	2.00153e-06
66.6	2.01646e-06
66.7	2.03177e-06
66.8	2.04745e-06
66.9	2.06349e-06
67	2.07988e-06
67.1	2.09662e-06
67.2	2.11369e-06
67.3	2.13108e-06
67.4	2.1488e-06
67.5	2.16683e-06
67.6	2.18516e-06
67.7	2.20378e-06
67.8	2.2227e-06
67.9	2.24189e-06
68	2.26136e-06
68.1	2.2811e-06
68.2	2.3011e-06
68.3	2.32135e-06
68.4	2.33846e-06
68.5	2.34538e-06
68.6	2.35233e-06
68.7	2.3593e-06
68.8	2.3663e-06
68.9	2.37333e-06
69	2.38038e-06
69.1	2.38746e-06
69.2	2.39456e-06
69.3	2.40169e-06
69.4	2.40884e-06
69.5	2.41602e-06
69.6	2.42323e-06
69.7	2.43045e-06
69.8	2.43771e-06
69.9	2.44498e-06
70	2.45228e-06
70.1	2.45961e-06
70.2	2.46695e-06
70.3	2.47432e-06
70.4	2.48172e-06
70.5	2.48913e-06
70.6	2.49657e-06
70.7	2.50403e-06
70.8	2.51152e-06
70.9	2.51902e-06
71	2.52655e-06
71.1	2.5341e-06
71.2	2.54166e-06
71.3	2.54926e-06
71.4	2.55687e-06
71.5	2.56367e-06
71.6	2.55576e-06
71.7	2.54787e-06
71.8	2.54e-06
71.9	2.53216e-06
72	2.52434e-06
72.1	2.51654e-06
72.2	2.50877e-06
72.3	2.50102e-06
72.4	2.49329e-06
72.5	2.48559e-06
72.6	2.47791e-06
72.7	2.47026e-06
72.8	2.46263e-06
72.9	2.45503e-06
73	2.44745e-06
73.1	2.4399e-06
73.2	2.43237e-06
73.3	2.42487e-06
73.4	2.4174e-06
73.5	2.40995e-06
73.6	2.40253e-06
73.7	2.39513e-06
73.8	2.38777e-06
73.9	2.38043e-06
74	2.37312e-06
74.1	2.36583e-06
74.2	2.35858e-06
74.3	2.35135e-06
74.4	2.34415e-06
74.5	2.33698e-06
74.6	2.32984e-06
74.7	2.30985e-06
74.8	2.28952e-06
74.9	2.26945e-06
75	2.24965e-06
75.1	2.23013e-06
75.2	2.2109e-06
75.3	2.19195e-06
75.4	2.17331e-06
75.5	2.15497e-06
75.6	2.13695e-06
75.7	2.11925e-06
75.8	2.10189e-06
75.9	2.08486e-06
76	2.06818e-06
76.1	2.05186e-06
76.2	2.03591e-06
76.3	2.02033e-06
76.4	2.00513e-06
76.5	1.99032e-06
76.6	1.97592e-06
76.7	1.96192e-06
76.8	1.94834e-06
76.9	1.93519e-06
77	1.91917e-06
77.1	1.90154e-06
77.2	1.88489e-06
77.3	1.86925e-06
77.4	1.85465e-06
77.5	1.84111e-06
77.6	1.82865e-06
77.7	1.8173e-06
77.8	1.80708e-06
77.9	1.798e-06
78	1.79009e-06
78.1	1.78335e-06
78.2	1.77781e-06
78.3	1.77348e-06
78.4	1.77035e-06
78.5	1.76845e-06
78.6	1.76777e-06
78.7	1.76831e-06
78.8	1.77003e-06
78.9	1.77291e-06
79	1.77695e-06
79.1	1.78213e-06
79.2	1.78846e-06
79.3	1.79591e-06
79.4	1.80448e-06
79.5	1.81415e-06
79.6	1.8249e-06
79.7	1.83671e-06
79.8	1.84956e-06
79.9	1.86343e-06
80	1.8783e-06
80.1	1.89414e-06
80.2	1.91093e-06
80.3	1.92864e-06
80.4	1.94726e-06
80.5	1.96675e-06
80.6	1.98123e-06
80.7	1.99469e-06
80.8	2.00849e-06
80.9	2.02263e-06
81	2.03709e-06
81.1	2.05188e-06
81.2	2.06697e-06
81.3	2.08237e-06
81.4	2.09808e-06
81.5	2.11407e-06
81.6	2.13036e-06
81.7	2.14692e-06
81.8	2.16375e-06
81.9	2.18086e-06
82	2.19822e-06
82.1	2.21584e-06
82.2	2.2337e-06
82.3	2.25181e-06
82.4	2.27016e-06
82.5	2.28874e-06
82.6	2.30754e-06
82.7	2.32657e-06
82.8	2.34581e-06
82.9	2.36526e-06
83	2.37867e-06
83.1	2.38427e-06
83.2	2.3899e-06
83.3	2.39553e-06
83.4	2.40118e-06
83.5	2.40685e-06
83.6	2.41253e-06
83.7	2.41823e-06
83.8	2.42395e-06
83.9	2.42968e-06
84	2.43542e-06
84.1	2.44118e-06
84.2	2.44696e-06
84.3	2.45275e-06
84.4	2.45855e-06
84.5	2.46437e-06
84.6	2.47021e-06
84.7	2.47606e-06
84.8	2.48192e-06
84.9	2.4878e-06
85	2.49369e-06
85.1	2.49959e-06
85.2	2.50551e-06
85.3	2.51145e-06
85.4	2.5174e-06
85.5	2.52336e-06
85.6	2.52933e-06
85.7	2.53532e-06
85.8	2.54132e-06
85.9	2.54734e-06
86	2.55336e-06
86.1	2.55941e-06
86.2	2.55363e-06
86.3	2.54418e-06
86.4	2.53476e-06
86.5	2.52537e-06
86.6	2.51602e-06
86.7	2.5067e-06
86.8	2.49741e-06
86.9	2.48816e-06
87	2.47894e-06
87.1	2.46976e-06
87.2	2.46061e-06
87.3	2.4515e-06
87.4	2.44243e-06
87.5	2.43339e-06
87.6	2.42439e-06
87.7	2.41543e-06
87.8	2.40651e-06
87.9	2.39762e-06
88	2.38878e-06
88.1	2.37997e-06
88.2	2.3712e-06
88.3	2.36248e-06
88.4	2.35379e-06
88.5	2.34515e-06
88.6	2.33655e-06
88.7	2.32799e-06
88.8	2.31947e-06
88.9	2.311e-06
89	2.30257e-06
89.1	2.29418e-06
89.2	2.28248e-06
89.3	2.26129e-06
89.4	2.24041e-06
89.5	2.21985e-06
89.6	2.19961e-06
89.7	2.17971e-06
89.8	2.16014e-06
89.9	2.14094e-06
90	2.12209e-06
90.1	2.10362e-06
90.2	2.08552e-06
90.3	2.06782e-06
90.4	2.05053e-06
90.5	2.03364e-06
90.6	2.01718e-06
90.7	2.00115e-06
90.8	1.98556e-06
90.9	1.97043e-06
91	1.95576e-06
91.1	1.94157e-06
91.2	1.92787e-06
91.3	1.91466e-06
91.4	1.90196e-06
91.5	1.88656e-06
91.6	1.87058e-06
91.7	1.85566e-06
91.8	1.84183e-06
91.9	1.82913e-06
92	1.81756e-06
92.1	1.80716e-06
92.2	1.79794e-06
92.3	1.78992e-06
92.4	1.78312e-06
92.5	1.77754e-06
92.6	1.77322e-06
92.7	1.77014e-06
92.8	1.76832e-06
92.9	1.76777e-06
93	1.76848e-06
93.1	1.77045e-06
93.2	1.77362e-06
93.3	1.77777e-06
93.4	1.78301e-06
93.5	1.78934e-06
93.6	1.79674e-06
93.7	1.8052e-06
93.8	1.8147e-06
93.9	1.82523e-06
94	1.83676e-06
94.1	1.84929e-06
94.2	1.8628e-06
94.3	1.87725e-06
94.4	1.89263e-06
94.5	1.90892e-06
94.6	1.92608e-06
94.7	1.94411e-06
94.8	1.96298e-06
94.9	1.98266e-06
95	2.00312e-06
95.1	2.01806e-06
95.2	2.0314e-06
95.3	2.04503e-06
95.4	2.05893e-06
95.5	2.0731e-06
95.6	2.08753e-06
95.7	2.10221e-06
95.8	2.11715e-06
95.9	2.13234e-06
96	2.14777e-06
96.1	2.16344e-06
96.2	2.17933e-06
96.3	2.19545e-06
96.4	2.2118e-06
96.5	2.22836e-06
96.6	2.24513e-06
96.7	2.26211e-06
96.8	2.27929e-06
96.9	2.29667e-06
97	2.31424e-06
97.1	2.332e-06
97.2	2.34995e-06
97.3	2.36808e-06
97.4	2.38638e-06
97.5	2.40485e-06
97.6	2.41555e-06
97.7	2.41976e-06
97.8	2.42398e-06
97.9	2.42821e-06
98	2.43245e-06
98.1	2.4367e-06
98.2	2.44095e-06
98.3	2.44521e-06
98.4	2.44948e-06
98.5	2.45376e-06
98.6	2.45805e-06
98.7	2.46234e-06
98.8	2.46665e-06
98.9	2.47096e-06
99	2.47528e-06
99.1	2.4796e-06
99.2	2.48394e-06
99.3	2.48828e-06
99.4	2.49263e-06
99.5	2.49699e-06
99.6	2.50135e-06
99.7	2.50573e-06
99.8	2.51011e-06
99.9	2.5145e-06
100	2.51889e-06
100.1	2.52329e-06
100.2	2.5277e-06
100.3	2.53212e-06
100.4	2.53655e-06
100.5	2.54098e-06
100.6	2.54542e-06
100.7	2.54987e-06
100.8	2.54684e-06
100.9	2.53584e-06
101	2.52489e-06
101.1	2.51399e-06
101.2	2.50313e-06
101.3	2.49232e-06
101.4	2.48156e-06
101.5	2.47084e-06
101.6	2.46017e-06
101.7	2.44956e-06
101.8	2.43899e-06
101.9	2.42847e-06
102	2.418e-06
102.1	2.40759e-06
102.2	2.39723e-06
102.3	2.38692e-06
102.4	2.37666e-06
102.5	2.36646e-06
102.6	2.35632e-06
102.7	2.34623e-06
102.8	2.33619e-06
102.9	2.32622e-06
103	2.3163e-06
103.1	2.30644e-06
103.2	2.29664e-06
103.3	2.2869e-06
103.4	2.27723e-06
103.5	2.26761e-06
103.6	2.25806e-06
103.7	2.24857e-06
103.8	2.23105e-06
103.9	2.20951e-06
104	2.18833e-06
104.1	2.16754e-06
104.2	2.14713e-06
104.3	2.12712e-06
104.4	2.10752e-06
104.5	2.08835e-06
104.6	2.06961e-06
104.7	2.05132e-06
104.8	2.03348e-06
104.9	2.01612e-06
105	1.99925e-06
105.1	1.98286e-06
105.2	1.96699e-06
105.3	1.95164e-06
105.4	1.93682e-06
105.5	1.92254e-06
105.6	1.90883e-06
105.7	1.89568e-06
105.8	1.88311e-06
105.9	1.87114e-06
106	1.85664e-06
106.1	1.84259e-06
106.2	1.82967e-06
106.3	1.81793e-06
106.4	1.80737e-06
106.5	1.79802e-06
106.6	1.78991e-06
106.7	1.78303e-06
106.8	1.77742e-06
106.9	1.77308e-06
107	1.77002e-06
107.1	1.76826e-06
107.2	1.76778e-06
107.3	1.76859e-06
107.4	1.7707e-06
107.5	1.7741e-06
107.6	1.77877e-06
107.7	1.78434e-06
107.8	1.7907e-06
107.9	1.79808e-06
108	1.80645e-06
108.1	1.81581e-06
108.2	1.82613e-06
108.3	1.83741e-06
108.4	1.84962e-06
108.5	1.86275e-06
108.6	1.87678e-06
108.7	1.89168e-06
108.8	1.90744e-06
108.9	1.92404e-06
109	1.94145e-06
109.1	1.95965e-06
109.2	1.97862e-06
109.3	1.99834e-06
109.4	2.01879e-06
109.5	2.03994e-06
109.6	2.05583e-06
109.7	2.06885e-06
109.8	2.0821e-06
109.9	2.09557e-06
110	2.10926e-06
110.1	2.12316e-06
110.2	2.13727e-06
110.3	2.15158e-06
110.4	2.1661e-06
110.5	2.18081e-06
110.6	2.19571e-06
110.7	2.2108e-06
110.8	2.22608e-06
110.9	2.24154e-06
111	2.25717e-06
111.1	2.27298e-06
111.2	2.28896e-06
111.3	2.3051e-06
111.4	2.32141e-06
111.5	2.33788e-06
111.6	2.35451e-06
111.7	2.37129e-06
111.8	2.38821e-06
111.9	2.40529e-06
112	2.42251e-06
112.1	2.43987e-06
112.2	2.44889e-06
112.3	2.45165e-06
112.4	2.45441e-06
112.5	2.45718e-06
112.6	2.45995e-06
112.7	2.46273e-06
112.8	2.4655e-06
112.9	2.46829e-06
113	2.47107e-06
113.1	2.47386e-06
113.2	2.47665e-06
113.3	2.47944e-06
113.4	2.48224e-06
113.5	2.48504e-06
113.6	2.48785e-06
113.7	2.49065e-06
113.8	2.49346e-06
113.9	2.49628e-06
114	2.49909e-06
114.1	2.50191e-06
114.2	2.50474e-06
114.3	2.50756e-06
114.4	2.51039e-06
114.5	2.51323e-06
114.6	2.51606e-06
114.7	2.5189e-06
114.8	2.52174e-06
114.9	2.52459e-06
115	2.52744e-06
115.1	2.53029e-06
115.2	2.53314e-06
115.3	2.536e-06
115.4	2.53527e-06
115.5	2.52277e-06
115.6	2.51033e-06
115.7	2.49795e-06
115.8	2.48563e-06
115.9	2.47338e-06
116	2.46119e-06
116.1	2.44906e-06
116.2	2.437e-06
116.3	2.425e-06
116.4	2.41307e-06
116.5	2.40121e-06
116.6	2.38942e-06
116.7	2.37769e-06
116.8	2.36604e-06
116.9	2.35446e-06
117	2.34296e-06
117.1	2.33152e-06
117.2	2.32017e-06
117.3	2.30889e-06
117.4	2.29768e-06
117.5	2.28656e-06
117.6	2.27551e-06
117.7	2.26455e-06
117.8	2.25367e-06
117.9	2.24287e-06
118	2.23216e-06
118.1	2.22153e-06
118.2	2.21099e-06
118.3	2.1989e-06
118.4	2.17687e-06
118.5	2.15525e-06
118.6	2.13408e-06
118.7	2.11335e-06
118.8	2.09308e-06
118.9	2.0733e-06
119	2.054e-06
119.1	2.03521e-06
119.2	2.01693e-06
119.3	1.99919e-06
119.4	1.982e-06
119.5	1.96537e-06
119.6	1.94931e-06
119.7	1.93385e-06
119.8	1.91898e-06
119.9	1.90474e-06
120	1.89113e-06
120.1	1.87817e-06
120.2	1.86587e-06
120.3	1.85424e-06
120.4	1.84317e-06
120.5	1.83012e-06
120.6	1.81825e-06
120.7	1.80758e-06
120.8	1.79814e-06
120.9	1.78995e-06
121	1.78302e-06
121.1	1.77738e-06
121.2	1.77302e-06
121.3	1.76997e-06
121.4	1.76822e-06
121.5	1.76779e-06
121.6	1.76866e-06
121.7	1.77085e-06
121.8	1.77435e-06
121.9	1.77914e-06
122	1.78522e-06
122.1	1.79257e-06
122.2	1.80007e-06
122.3	1.80839e-06
122.4	1.81763e-06
122.5	1.82778e-06
122.6	1.83881e-06
122.7	1.85072e-06
122.8	1.86348e-06
122.9	1.87709e-06
123	1.89151e-06
123.1	1.90673e-06
123.2	1.92274e-06
123.3	1.93952e-06
123.4	1.95703e-06
123.5	1.97527e-06
123.6	1.99422e-06
123.7	2.01385e-06
123.8	2.03414e-06
123.9	2.05508e-06
124	2.07665e-06
124.1	2.09425e-06
124.2	2.10676e-06
124.3	2.11945e-06
124.4	2.13232e-06
124.5	2.14536e-06
124.6	2.15857e-06
124.7	2.17195e-06
124.8	2.18549e-06
124.9	2.1992e-06
125	2.21306e-06
125.1	2.22707e-06
125.2	2.24124e-06
125.3	2.25555e-06
125.4	2.27002e-06
125.5	2.28462e-06
125.6	2.29937e-06
125.7	2.31425e-06
125.8	2.32927e-06
125.9	2.34442e-06
126	2.35971e-06
126.1	2.37512e-06
126.2	2.39065e-06
126.3	2.40631e-06
126.4	2.42209e-06
126.5	2.43799e-06
126.6	2.454e-06
126.7	2.47012e-06
126.8	2.47852e-06
126.9	2.47978e-06
127	2.48104e-06
127.1	2.48231e-06
127.2	2.48357e-06
127.3	2.48483e-06
127.4	2.4861e-06
127.5	2.48736e-06
127.6	2.48863e-06
127.7	2.4899e-06
127.8	2.49116e-06
127.9	2.49243e-06
128	2.4937e-06
128.1	2.49497e-06
128.2	2.49624e-06
128.3	2.49751e-06
128.4	2.49878e-06
128.5	2.50005e-06
128.6	2.50133e-06
128.7	2.5026e-06
128.8	2.50387e-06
128.9	2.50515e-06
129	2.50642e-06
129.1	2.5077e-06
129.2	2.50897e-06
129.3	2.51025e-06
129.4	2.51153e-06
129.5	2.51281e-06
129.6	2.51409e-06
129.7	2.51537e-06
129.8	2.51665e-06
129.9	2.51793e-06
130	2.51884e-06
130.1	2.50489e-06
130.2	2.49101e-06
130.3	2.47722e-06
130.4	2.4635e-06
130.5	2.44986e-06
130.6	2.4363e-06
130.7	2.42283e-06
130.8	2.40944e-06
130.9	2.39614e-06
131	2.38292e-06
131.1	2.3698e-06
131.2	2.35676e-06
131.3	2.34382e-06
131.4	2.33097e-06
131.5	2.31822e-06
131.6	2.30556e-06
131.7	2.293e-06
131.8	2.28054e-06
131.9	2.26818e-06
132	2.25593e-06
132.1	2.24378e-06
132.2	2.23174e-06
132.3	2.2198e-06
132.4	2.20798e-06
132.5	2.19627e-06
132.6	2.18467e-06
132.7	2.17319e-06
132.8	2.16182e-06
132.9	2.14267e-06
133	2.12082e-06
133.1	2.09946e-06
133.2	2.07862e-06
133.3	2.05832e-06
133.4	2.03856e-06
133.5	2.01937e-06
133.6	2.00076e-06
133.7	1.98274e-06
133.8	1.96534e-06
133.9	1.94856e-06
134	1.93244e-06
134.1	1.91697e-06
134.2	1.90219e-06
134.3	1.8881e-06
134.4	1.87472e-06
134.5	1.86206e-06
134.6	1.85014e-06
134.7	1.83898e-06
134.8	1.82859e-06
134.9	1.81836e-06
135	1.80765e-06
135.1	1.79817e-06
135.2	1.78995e-06
135.3	1.783e-06
135.4	1.77734e-06
135.5	1.77298e-06
135.6	1.76994e-06
135.7	1.7682e-06
135.8	1.76779e-06
135.9	1.7687e-06
136	1.77093e-06
136.1	1.77447e-06
136.2	1.77932e-06
136.3	1.78547e-06
136.4	1.7929e-06
136.5	1.80159e-06
136.6	1.81116e-06
136.7	1.82032e-06
136.8	1.83032e-06
136.9	1.84113e-06
137	1.85276e-06
137.1	1.86517e-06
137.2	1.87836e-06
137.3	1.89232e-06
137.4	1.90701e-06
137.5	1.92244e-06
137.6	1.93857e-06
137.7	1.95539e-06
137.8	1.97289e-06
137.9	1.99104e-06
138	2.00983e-06
138.1	2.02925e-06
138.2	2.04926e-06
138.3	2.06986e-06
138.4	2.09103e-06
138.5	2.11275e-06
138.6	2.13305e-06
138.7	2.14488e-06
138.8	2.15686e-06
138.9	2.16898e-06
139	2.18123e-06
139.1	2.19362e-06
139.2	2.20613e-06
139.3	2.21878e-06
139.4	2.23155e-06
139.5	2.24444e-06
139.6	2.25746e-06
139.7	2.2706e-06
139.8	2.28385e-06
139.9	2.29723e-06
140	2.31071e-06
140.1	2.32431e-06
140.2	2.33802e-06
140.3	2.35183e-06
140.4	2.36576e-06
140.5	2.37978e-06
140.6	2.39391e-06
140.7	2.40814e-06
140.8	2.42247e-06
140.9	2.4369e-06
141	2.45142e-06
141.1	2.46603e-06
141.2	2.48074e-06
141.3	2.49554e-06
141.4	2.5043e-06
141.5	2.50402e-06
141.6	2.50374e-06
141.7	2.50347e-06
141.8	2.50319e-06
141.9	2.50292e-06
142	2.50264e-06
142.1	2.50237e-06
142.2	2.50209e-06
142.3	2.50182e-06
142.4	2.50154e-06
142.5	2.50127e-06
142.6	2.50099e-06
142.7	2.50072e-06
142.8	2.50044e-06
142.9	2.50016e-06
143	2.49989e-06
143.1	2.49961e-06
143.2	2.49934e-06
143.3	2.49906e-06
143.4	2.49879e-06
143.5	2.49851e-06
143.6	2.49824e-06
143.7	2.49796e-06
143.8	2.49769e-06
143.9	2.49741e-06
144	2.49714e-06
144.1	2.49687e-06
144.2	2.49659e-06
144.3	2.49632e-06
144.4	2.49604e-06
144.5	2.49577e-06
144.6	2.49549e-06
144.7	2.48217e-06
144.8	2.46692e-06
144.9	2.45177e-06
145	2.43673e-06
145.1	2.42178e-06
145.2	2.40694e-06
145.3	2.3922e-06
145.4	2.37757e-06
145.5	2.36306e-06
145.6	2.34865e-06
145.7	2.33436e-06
145.8	2.32019e-06
145.9	2.30614e-06
146	2.2922e-06
146.1	2.27839e-06
146.2	2.26471e-06
146.3	2.25115e-06
146.4	2.23772e-06
146.5	2.22443e-06
146.6	2.21127e-06
146.7	2.19825e-06
146.8	2.18537e-06
146.9	2.17263e-06
147	2.16003e-06
147.1	2.14758e-06
147.2	2.13528e-06
147.3	2.12314e-06
147.4	2.10719e-06
147.5	2.08531e-06
147.6	2.064e-06
147.7	2.04329e-06
147.8	2.02318e-06
147.9	2.00369e-06
148	1.98485e-06
148.1	1.96668e-06
148.2	1.94918e-06
148.3	1.93238e-06
148.4	1.9163e-06
148.5	1.90096e-06
148.6	1.88637e-06
148.7	1.87255e-06
148.8	1.85952e-06
148.9	1.84729e-06
149	1.83589e-06
149.1	1.82532e-06
149.2	1.81561e-06
149.3	1.80676e-06
149.4	1.79799e-06
149.5	1.7898e-06
149.6	1.78289e-06
149.7	1.77725e-06
149.8	1.77292e-06
149.9	1.7699e-06
150	1.76819e-06
150.1	1.76779e-06
150.2	1.76872e-06
150.3	1.77097e-06
150.4	1.77453e-06
150.5	1.77939e-06
150.6	1.78555e-06
150.7	1.79298e-06
150.8	1.80169e-06
150.9	1.81163e-06
151	1.82281e-06
151.1	1.83393e-06
151.2	1.84455e-06
151.3	1.85592e-06
151.4	1.86801e-06
151.5	1.88081e-06
151.6	1.89431e-06
151.7	1.90849e-06
151.8	1.92333e-06
151.9	1.93883e-06
152	1.95496e-06
152.1	1.97172e-06
152.2	1.98908e-06
152.3	2.00702e-06
152.4	2.02555e-06
152.5	2.04462e-06
152.6	2.06425e-06
152.7	2.08439e-06
152.8	2.10506e-06
152.9	2.12621e-06
153	2.14785e-06
153.1	2.16996e-06
153.2	2.18304e-06
153.3	2.19417e-06
153.4	2.2054e-06
153.5	2.21674e-06
153.6	2.22817e-06
153.7	2.23971e-06
153.8	2.25135e-06
153.9	2.26308e-06
154	2.27492e-06
154.1	2.28684e-06
154.2	2.29886e-06
154.3	2.31097e-06
154.4	2.32317e-06
154.5	2.33546e-06
154.6	2.34784e-06
154.7	2.3603e-06
154.8	2.37285e-06
154.9	2.38548e-06
155	2.39819e-06
155.1	2.41098e-06
155.2	2.42385e-06
155.3	2.4368e-06
155.4	2.44983e-06
155.5	2.46294e-06
155.6	2.47611e-06
155.7	2.48936e-06
155.8	2.50269e-06
155.9	2.51608e-06
156	2.52608e-06
156.1	2.52424e-06
156.2	2.5224e-06
156.3	2.52057e-06
156.4	2.51873e-06
156.5	2.51689e-06
156.6	2.51506e-06
156.7	2.51323e-06
156.8	2.5114e-06
156.9	2.50957e-06
157	2.50774e-06
157.1	2.50591e-06
157.2	2.50408e-06
157.3	2.50226e-06
157.4	2.50043e-06
157.5	2.49861e-06
157.6	2.49679e-06
157.7	2.49497e-06
157.8	2.49315e-06
157.9	2.49134e-06
158	2.48952e-06
158.1	2.48771e-06
158.2	2.48589e-06
158.3	2.48408e-06
158.4	2.48227e-06
158.5	2.48046e-06
158.6	2.47866e-06
158.7	2.47685e-06
158.8	2.47505e-06
158.9	2.47324e-06
159	2.47144e-06
159.1	2.46964e-06
159.2	2.46784e-06
159.3	2.45461e-06
159.4	2.43808e-06
159.5	2.42166e-06
159.6	2.40537e-06
159.7	2.38922e-06
159.8	2.37319e-06
159.9	2.35729e-06
160	2.34153e-06
160.1	2.32592e-06
160.2	2.31044e-06
160.3	2.29511e-06
160.4	2.27992e-06
160.5	2.26489e-06
160.6	2.25001e-06
160.7	2.23529e-06
160.8	2.22073e-06
160.9	2.20633e-06
161	2.1921e-06
161.1	2.17804e-06
161.2	2.16415e-06
161.3	2.15044e-06
161.4	2.13691e-06
161.5	2.12356e-06
161.6	2.11039e-06
161.7	2.09742e-06
161.8	2.08464e-06
161.9	2.07076e-06
162	2.0491e-06
162.1	2.02809e-06
162.2	2.00775e-06
162.3	1.98809e-06
162.4	1.96914e-06
162.5	1.95092e-06
162.6	1.93345e-06
162.7	1.91675e-06
162.8	1.90084e-06
162.9	1.88574e-06
163	1.87147e-06
163.1	1.85805e-06
163.2	1.84549e-06
163.3	1.83382e-06
163.4	1.82305e-06
163.5	1.8132e-06
163.6	1.80428e-06
163.7	1.79631e-06
163.8	1.7893e-06
163.9	1.78259e-06
164	1.77704e-06
164.1	1.77278e-06
164.2	1.76982e-06
164.3	1.76816e-06
164.4	1.7678e-06
164.5	1.76875e-06
164.6	1.77101e-06
164.7	1.77456e-06
164.8	1.77941e-06
164.9	1.78554e-06
165	1.79294e-06
165.1	1.80159e-06
165.2	1.81147e-06
165.3	1.82257e-06
165.4	1.83487e-06
165.5	1.84833e-06
165.6	1.8604e-06
165.7	1.87219e-06
165.8	1.88462e-06
165.9	1.89768e-06
166	1.91136e-06
166.1	1.92564e-06
166.2	1.94052e-06
166.3	1.95598e-06
166.4	1.972e-06
166.5	1.98857e-06
166.6	2.00568e-06
166.7	2.02331e-06
166.8	2.04145e-06
166.9	2.06009e-06
167	2.07922e-06
167.1	2.09881e-06
167.2	2.11886e-06
167.3	2.13936e-06
167.4	2.16028e-06
167.5	2.18163e-06
167.6	2.20338e-06
167.7	2.22109e-06
167.8	2.23124e-06
167.9	2.24147e-06
168	2.25178e-06
168.1	2.26217e-06
168.2	2.27263e-06
168.3	2.28316e-06
168.4	2.29377e-06
168.5	2.30445e-06
168.6	2.3152e-06
168.7	2.32602e-06
168.8	2.33692e-06
168.9	2.34787e-06
169	2.3589e-06
169.1	2.36999e-06
169.2	2.38115e-06
169.3	2.39238e-06
169.4	2.40366e-06
169.5	2.41501e-06
169.6	2.42642e-06
169.7	2.4379e-06
169.8	2.44943e-06
169.9	2.46102e-06
170	2.47267e-06
170.1	2.48438e-06
170.2	2.49615e-06
170.3	2.50797e-06
170.4	2.51984e-06
170.5	2.53178e-06
170.6	2.54375e-06
170.7	2.54033e-06
170.8	2.53691e-06
170.9	2.53349e-06
171	2.53008e-06
171.1	2.52667e-06
171.2	2.52327e-06
171.3	2.51987e-06
171.4	2.51648e-06
171.5	2.51309e-06
171.6	2.5097e-06
171.7	2.50632e-06
171.8	2.50295e-06
171.9	2.49957e-06
172	2.49621e-06
172.1	2.49285e-06
172.2	2.48949e-06
172.3	2.48613e-06
172.4	2.48279e-06
172.5	2.47944e-06
172.6	2.4761e-06
172.7	2.47277e-06
172.8	2.46944e-06
172.9	2.46611e-06
173	2.46279e-06
173.1	2.45948e-06
173.2	2.45617e-06
173.3	2.45286e-06
173.4	2.44956e-06
173.5	2.44626e-06
173.6	2.44297e-06
173.7	2.43968e-06
173.8	2.4364e-06
173.9	2.42227e-06
174	2.40454e-06
174.1	2.38697e-06
174.2	2.36956e-06
174.3	2.3523e-06
174.4	2.33521e-06
174.5	2.31829e-06
174.6	2.30153e-06
174.7	2.28495e-06
174.8	2.26854e-06
174.9	2.25232e-06
175	2.23628e-06
175.1	2.22043e-06
175.2	2.20478e-06
175.3	2.18932e-06
175.4	2.17406e-06
175.5	2.15901e-06
175.6	2.14417e-06
175.7	2.12955e-06
175.8	2.11514e-06
175.9	2.10096e-06
176	2.08701e-06
176.1	2.07329e-06
176.2	2.05981e-06
176.3	2.04657e-06
176.4	2.03357e-06
176.5	2.01263e-06
176.6	1.99218e-06
176.7	1.97248e-06
176.8	1.95355e-06
176.9	1.93542e-06
177	1.91811e-06
177.1	1.90163e-06
177.2	1.88602e-06
177.3	1.87129e-06
177.4	1.85746e-06
177.5	1.84456e-06
177.6	1.8326e-06
177.7	1.82161e-06
177.8	1.81159e-06
177.9	1.80257e-06
178	1.79457e-06
178.1	1.78758e-06
178.2	1.78164e-06
178.3	1.77665e-06
178.4	1.77253e-06
178.5	1.76968e-06
178.6	1.7681e-06
178.7	1.76782e-06
178.8	1.76881e-06
178.9	1.77109e-06
179	1.77464e-06
179.1	1.77946e-06
179.2	1.78554e-06
179.3	1.79287e-06
179.4	1.80143e-06
179.5	1.8112e-06
179.6	1.82217e-06
179.7	1.8343e-06
179.8	1.84759e-06
179.9	1.862e-06
180	1.87751e-06
180.1	1.89e-06
180.2	1.90265e-06
180.3	1.91585e-06
180.4	1.92959e-06
180.5	1.94386e-06
180.6	1.95866e-06
180.7	1.97396e-06
180.8	1.98976e-06
180.9	2.00604e-06
181	2.02279e-06
181.1	2.04001e-06
181.2	2.05768e-06
181.3	2.07578e-06
181.4	2.09431e-06
181.5	2.11326e-06
181.6	2.13261e-06
181.7	2.15235e-06
181.8	2.17248e-06
181.9	2.19298e-06
182	2.21384e-06
182.1	2.23506e-06
182.2	2.25661e-06
182.3	2.26799e-06
182.4	2.27712e-06
182.5	2.2863e-06
182.6	2.29554e-06
182.7	2.30484e-06
182.8	2.31419e-06
182.9	2.32359e-06
183	2.33305e-06
183.1	2.34255e-06
183.2	2.35211e-06
183.3	2.36172e-06
183.4	2.37138e-06
183.5	2.38109e-06
183.6	2.39084e-06
183.7	2.40065e-06
183.8	2.4105e-06
183.9	2.4204e-06
184	2.43035e-06
184.1	2.44034e-06
184.2	2.45038e-06
184.3	2.46046e-06
184.4	2.47059e-06
184.5	2.48076e-06
184.6	2.49097e-06
184.7	2.50123e-06
184.8	2.51153e-06
184.9	2.52187e-06
185	2.53225e-06
185.1	2.54267e-06
185.2	2.55314e-06
185.3	2.55216e-06
185.4	2.54715e-06
185.5	2.54215e-06
185.6	2.53716e-06
185.7	2.53217e-06
185.8	2.5272e-06
185.9	2.52223e-06
186	2.51728e-06
186.1	2.51233e-06
186.2	2.5074e-06
186.3	2.50247e-06
186.4	2.49755e-06
186.5	2.49265e-06
186.6	2.48775e-06
186.7	2.48286e-06
186.8	2.47798e-06
186.9	2.47311e-06
187	2.46826e-06
187.1	2.46341e-06
187.2	2.45857e-06
187.3	2.45374e-06
187.4	2.44893e-06
187.5	2.44412e-06
187.6	2.43932e-06
187.7	2.43453e-06
187.8	2.42976e-06
187.9	2.42499e-06
188	2.42024e-06
188.1	2.41549e-06
188.2	2.41076e-06
188.3	2.40604e-06
188.4	2.40133e-06
188.5	2.38526e-06
188.6	2.36648e-06
188.7	2.34788e-06
188.8	2.32948e-06
188.9	2.31127e-06
189	2.29326e-06
189.1	2.27546e-06
189.2	2.25786e-06
189.3	2.24048e-06
189.4	2.22332e-06
189.5	2.20639e-06
189.6	2.18968e-06
189.7	2.17321e-06
189.8	2.15699e-06
189.9	2.141e-06
190	2.12527e-06
190.1	2.1098e-06
190.2	2.09458e-06
190.3	2.07964e-06
190.4	2.06497e-06
190.5	2.05059e-06
190.6	2.03648e-06
190.7	2.02268e-06
190.8	2.00916e-06
190.9	1.99596e-06
191	1.97642e-06
191.1	1.95682e-06
191.2	1.93805e-06
191.3	1.92014e-06
191.4	1.90312e-06
191.5	1.887e-06
191.6	1.87182e-06
191.7	1.85759e-06
191.8	1.84433e-06
191.9	1.83207e-06
192	1.82083e-06
192.1	1.81063e-06
192.2	1.80148e-06
192.3	1.7934e-06
192.4	1.78641e-06
192.5	1.78051e-06
192.6	1.77572e-06
192.7	1.77205e-06
192.8	1.76945e-06
192.9	1.76802e-06
193	1.76785e-06
193.1	1.76892e-06
193.2	1.77125e-06
193.3	1.77482e-06
193.4	1.77962e-06
193.5	1.78565e-06
193.6	1.79289e-06
193.7	1.80133e-06
193.8	1.81096e-06
193.9	1.82175e-06
194	1.83368e-06
194.1	1.84673e-06
194.2	1.86088e-06
194.3	1.8761e-06
194.4	1.89237e-06
194.5	1.90944e-06
194.6	1.92217e-06
194.7	1.93539e-06
194.8	1.94907e-06
194.9	1.96322e-06
195	1.97782e-06
195.1	1.99286e-06
195.2	2.00833e-06
195.3	2.02423e-06
195.4	2.04053e-06
195.5	2.05724e-06
195.6	2.07434e-06
195.7	2.09182e-06
195.8	2.10967e-06
195.9	2.12789e-06
196	2.14646e-06
196.1	2.16538e-06
196.2	2.18463e-06
196.3	2.20421e-06
196.4	2.22411e-06
196.5	2.24432e-06
196.6	2.26483e-06
196.7	2.28563e-06
196.8	2.30434e-06
196.9	2.31228e-06
197	2.32026e-06
197.1	2.32827e-06
197.2	2.33632e-06
197.3	2.34442e-06
197.4	2.35254e-06
197.5	2.36071e-06
197.6	2.36891e-06
197.7	2.37715e-06
197.8	2.38542e-06
197.9	2.39372e-06
198	2.40207e-06
198.1	2.41044e-06
198.2	2.41885e-06
198.3	2.4273e-06
198.4	2.43577e-06
198.5	2.44428e-06
198.6	2.45283e-06
198.7	2.4614e-06
198.8	2.47001e-06
198.9	2.47865e-06
199	2.48732e-06
199.1	2.49602e-06
199.2	2.50475e-06
199.3	2.51351e-06
199.4	2.5223e-06
199.5	2.53112e-06
199.6	2.53998e-06
199.7	2.54886e-06
199.8	2.55776e-06
199.9	2.55962e-06
200	2.55302e-06
200.1	2.54643e-06
200.2	2.53986e-06
200.3	2.53331e-06
200.4	2.52677e-06
200.5	2.52024e-06
200.6	2.51374e-06
200.7	2.50725e-06
200.8	2.50077e-06
200.9	2.49431e-06
201	2.48787e-06
201.1	2.48145e-06
201.2	2.47504e-06
201.3	2.46865e-06
201.4	2.46228e-06
201.5	2.45593e-06
201.6	2.44959e-06
201.7	2.44327e-06
201.8	2.43697e-06
201.9	2.43069e-06
202	2.42442e-06
202.1	2.41818e-06
202.2	2.41195e-06
202.3	2.40574e-06
202.4	2.39955e-06
202.5	2.39338e-06
202.6	2.38722e-06
202.7	2.38109e-06
202.8	2.37498e-06
202.9	2.36888e-06
203	2.36281e-06
203.1	2.34379e-06
203.2	2.32411e-06
203.3	2.30465e-06
203.4	2.28542e-06
203.5	2.26644e-06
203.6	2.24769e-06
203.7	2.2292e-06
203.8	2.21096e-06
203.9	2.19298e-06
204	2.17528e-06
204.1	2.15785e-06
204.2	2.1407e-06
204.3	2.12384e-06
204.4	2.10728e-06
204.5	2.09103e-06
204.6	2.07508e-06
204.7	2.05945e-06
204.8	2.04415e-06
204.9	2.02918e-06
205	2.01455e-06
205.1	2.00026e-06
205.2	1.98633e-06
205.3	1.97277e-06
205.4	1.95957e-06
205.5	1.94107e-06
205.6	1.92261e-06
205.7	1.90507e-06
205.8	1.88848e-06
205.9	1.87286e-06
206	1.85823e-06
206.1	1.84463e-06
206.2	1.83208e-06
206.3	1.82059e-06
206.4	1.81018e-06
206.5	1.80088e-06
206.6	1.7927e-06
206.7	1.78566e-06
206.8	1.77977e-06
206.9	1.77504e-06
207	1.77149e-06
207.1	1.76911e-06
207.2	1.76792e-06
207.3	1.76792e-06
207.4	1.76912e-06
207.5	1.77153e-06
207.6	1.77515e-06
207.7	1.77995e-06
207.8	1.78595e-06
207.9	1.79311e-06
208	1.80143e-06
208.1	1.81089e-06
208.2	1.82148e-06
208.3	1.83317e-06
208.4	1.84595e-06
208.5	1.85979e-06
208.6	1.87467e-06
208.7	1.89056e-06
208.8	1.90744e-06
208.9	1.92528e-06
209	1.94328e-06
209.1	1.95639e-06
209.2	1.96991e-06
209.3	1.98382e-06
209.4	1.99812e-06
209.5	2.0128e-06
209.6	2.02784e-06
209.7	2.04325e-06
209.8	2.05902e-06
209.9	2.07513e-06
210	2.09157e-06
210.1	2.10835e-06
210.2	2.12545e-06
210.3	2.14287e-06
210.4	2.16059e-06
210.5	2.17861e-06
210.6	2.19692e-06
210.7	2.21552e-06
210.8	2.23439e-06
210.9	2.25354e-06
211	2.27294e-06
211.1	2.29261e-06
211.2	2.31253e-06
211.3	2.33269e-06
211.4	2.34691e-06
211.5	2.35361e-06
211.6	2.36033e-06
211.7	2.36707e-06
211.8	2.37384e-06
211.9	2.38064e-06
212	2.38745e-06
212.1	2.39429e-06
212.2	2.40116e-06
212.3	2.40805e-06
212.4	2.41496e-06
212.5	2.42189e-06
212.6	2.42885e-06
212.7	2.43583e-06
212.8	2.44283e-06
212.9	2.44986e-06
213	2.4569e-06
213.1	2.46397e-06
213.2	2.47106e-06
213.3	2.47817e-06
213.4	2.4853e-06
213.5	2.49245e-06
213.6	2.49963e-06
213.7	2.50682e-06
213.8	2.51404e-06
213.9	2.52127e-06
214	2.52853e-06
214.1	2.5358e-06
214.2	2.5431e-06
214.3	2.55041e-06
214.4	2.55775e-06
214.5	2.5626e-06
214.6	2.55441e-06
214.7	2.54625e-06
214.8	2.53811e-06
214.9	2.52999e-06
215	2.5219e-06
215.1	2.51383e-06
215.2	2.50579e-06
215.3	2.49778e-06
215.4	2.48979e-06
215.5	2.48183e-06
215.6	2.47389e-06
215.7	2.46598e-06
215.8	2.45809e-06
215.9	2.45024e-06
216	2.44241e-06
216.1	2.4346e-06
216.2	2.42683e-06
216.3	2.41908e-06
216.4	2.41137e-06
216.5	2.40368e-06
216.6	2.39602e-06
216.7	2.38838e-06
216.8	2.38078e-06
216.9	2.37321e-06
217	2.36567e-06
217.1	2.35815e-06
217.2	2.35067e-06
217.3	2.34322e-06
217.4	2.3358e-06
217.5	2.32842e-06
217.6	2.31887e-06
217.7	2.2982e-06
217.8	2.2778e-06
217.9	2.25767e-06
218	2.23782e-06
218.1	2.21826e-06
218.2	2.19899e-06
218.3	2.18003e-06
218.4	2.16138e-06
218.5	2.14305e-06
218.6	2.12505e-06
218.7	2.10738e-06
218.8	2.09006e-06
218.9	2.07309e-06
219	2.05648e-06
219.1	2.04025e-06
219.2	2.02439e-06
219.3	2.00893e-06
219.4	1.99386e-06
219.5	1.9792e-06
219.6	1.96496e-06
219.7	1.95114e-06
219.8	1.93776e-06
219.9	1.92481e-06
220	1.90724e-06
220.1	1.89022e-06
220.2	1.8742e-06
220.3	1.85921e-06
220.4	1.84529e-06
220.5	1.83245e-06
220.6	1.82071e-06
220.7	1.8101e-06
220.8	1.80064e-06
220.9	1.79235e-06
221	1.78524e-06
221.1	1.77933e-06
221.2	1.77462e-06
221.3	1.77113e-06
221.4	1.76887e-06
221.5	1.76784e-06
221.6	1.76804e-06
221.7	1.76945e-06
221.8	1.772e-06
221.9	1.7757e-06
222	1.78055e-06
222.1	1.78652e-06
222.2	1.79363e-06
222.3	1.80183e-06
222.4	1.81114e-06
222.5	1.82152e-06
222.6	1.83296e-06
222.7	1.84544e-06
222.8	1.85894e-06
222.9	1.87343e-06
223	1.8889e-06
223.1	1.90531e-06
223.2	1.92266e-06
223.3	1.9409e-06
223.4	1.96002e-06
223.5	1.97896e-06
223.6	1.9922e-06
223.7	2.00576e-06
223.8	2.01966e-06
223.9	2.03388e-06
224	2.04841e-06
224.1	2.06324e-06
224.2	2.07838e-06
224.3	2.09381e-06
224.4	2.10953e-06
224.5	2.12553e-06
224.6	2.14181e-06
224.7	2.15836e-06
224.8	2.17516e-06
224.9	2.19223e-06
225	2.20954e-06
225.1	2.2271e-06
225.2	2.2449e-06
225.3	2.26293e-06
225.4	2.28119e-06
225.5	2.29967e-06
225.6	2.31837e-06
225.7	2.33728e-06
225.8	2.3564e-06
225.9	2.37572e-06
226	2.38633e-06
226.1	2.3917e-06
226.2	2.39708e-06
226.3	2.40247e-06
226.4	2.40788e-06
226.5	2.4133e-06
226.6	2.41873e-06
226.7	2.42418e-06
226.8	2.42965e-06
226.9	2.43512e-06
227	2.44061e-06
227.1	2.44612e-06
227.2	2.45164e-06
227.3	2.45717e-06
227.4	2.46272e-06
227.5	2.46827e-06
227.6	2.47385e-06
227.7	2.47943e-06
227.8	2.48503e-06
227.9	2.49064e-06
228	2.49626e-06
228.1	2.5019e-06
228.2	2.50755e-06
228.3	2.51321e-06
228.4	2.51889e-06
228.5	2.52457e-06
228.6	2.53027e-06
228.7	2.53598e-06
228.8	2.54171e-06
228.9	2.54744e-06
229	2.55319e-06
229.1	2.55895e-06
229.2	2.55122e-06
229.3	2.54149e-06
229.4	2.5318e-06
229.5	2.52215e-06
229.6	2.51253e-06
229.7	2.50295e-06
229.8	2.4934e-06
229.9	2.48389e-06
230	2.47442e-06
230.1	2.46498e-06
230.2	2.45559e-06
230.3	2.44623e-06
230.4	2.43691e-06
230.5	2.42763e-06
230.6	2.41839e-06
230.7	2.40919e-06
230.8	2.40003e-06
230.9	2.39091e-06
231	2.38184e-06
231.1	2.3728e-06
231.2	2.36381e-06
231.3	2.35487e-06
231.4	2.34596e-06
231.5	2.3371e-06
231.6	2.32829e-06
231.7	2.31952e-06
231.8	2.31079e-06
231.9	2.30211e-06
232	2.29348e-06
232.1	2.2849e-06
232.2	2.27016e-06
232.3	2.24894e-06
232.4	2.22804e-06
232.5	2.20747e-06
232.6	2.18723e-06
232.7	2.16734e-06
232.8	2.14781e-06
232.9	2.12864e-06
233	2.10985e-06
233.1	2.09145e-06
233.2	2.07344e-06
233.3	2.05584e-06
233.4	2.03866e-06
233.5	2.0219e-06
233.6	2.00559e-06
233.7	1.98972e-06
233.8	1.97431e-06
233.9	1.95938e-06
234	1.94493e-06
234.1	1.93097e-06
234.2	1.91751e-06
234.3	1.90457e-06
234.4	1.89198e-06
234.5	1.87562e-06
234.6	1.86032e-06
234.7	1.84611e-06
234.8	1.83302e-06
234.9	1.82106e-06
235	1.81027e-06
235.1	1.80066e-06
235.2	1.79225e-06
235.3	1.78505e-06
235.4	1.77909e-06
235.5	1.77438e-06
235.6	1.77092e-06
235.7	1.76873e-06
235.8	1.7678e-06
235.9	1.76814e-06
236	1.76975e-06
236.1	1.77263e-06
236.2	1.77656e-06
236.3	1.78149e-06
236.4	1.78749e-06
236.5	1.79455e-06
236.6	1.80267e-06
236.7	1.81183e-06
236.8	1.82201e-06
236.9	1.8332e-06
237	1.84537e-06
237.1	1.85851e-06
237.2	1.8726e-06
237.3	1.88762e-06
237.4	1.90354e-06
237.5	1.92034e-06
237.6	1.938e-06
237.7	1.9565e-06
237.8	1.97581e-06
237.9	1.99591e-06
238	2.01605e-06
238.1	2.02917e-06
238.2	2.04257e-06
238.3	2.05623e-06
238.4	2.07015e-06
238.5	2.08433e-06
238.6	2.09877e-06
238.7	2.11345e-06
238.8	2.12837e-06
238.9	2.14352e-06
239	2.15891e-06
239.1	2.17453e-06
239.2	2.19037e-06
239.3	2.20642e-06
239.4	2.22269e-06
239.5	2.23916e-06
239.6	2.25584e-06
239.7	2.27271e-06
239.8	2.28978e-06
239.9	2.30704e-06
240	2.32449e-06
240.1	2.34211e-06
240.2	2.35992e-06
240.3	2.37789e-06
240.4	2.39604e-06
240.5	2.41435e-06
240.6	2.42237e-06
240.7	2.42633e-06
240.8	2.4303e-06
240.9	2.43427e-06
241	2.43825e-06
241.1	2.44224e-06
241.2	2.44624e-06
241.3	2.45024e-06
241.4	2.45425e-06
241.5	2.45827e-06
241.6	2.4623e-06
241.7	2.46633e-06
241.8	2.47037e-06
241.9	2.47441e-06
242	2.47846e-06
242.1	2.48252e-06
242.2	2.48659e-06
242.3	2.49066e-06
242.4	2.49474e-06
242.5	2.49883e-06
242.6	2.50292e-06
242.7	2.50702e-06
242.8	2.51113e-06
242.9	2.51524e-06
243	2.51936e-06
243.1	2.52349e-06
243.2	2.52762e-06
243.3	2.53176e-06
243.4	2.5359e-06
243.5	2.54006e-06
243.6	2.54421e-06
243.7	2.54838e-06
243.8	2.54333e-06
243.9	2.53207e-06
244	2.52086e-06
244.1	2.5097e-06
244.2	2.49859e-06
244.3	2.48753e-06
244.4	2.47651e-06
244.5	2.46555e-06
244.6	2.45464e-06
244.7	2.44378e-06
244.8	2.43297e-06
244.9	2.42222e-06
245	2.41152e-06
245.1	2.40088e-06
245.2	2.39029e-06
245.3	2.37976e-06
245.4	2.36928e-06
245.5	2.35886e-06
245.6	2.3485e-06
245.7	2.33821e-06
245.8	2.32797e-06
245.9	2.31779e-06
246	2.30767e-06
246.1	2.29762e-06
246.2	2.28763e-06
246.3	2.2777e-06
246.4	2.26784e-06
246.5	2.25805e-06
246.6	2.24832e-06
246.7	2.23866e-06
246.8	2.21813e-06
246.9	2.19661e-06
247	2.17547e-06
247.1	2.15473e-06
247.2	2.13439e-06
247.3	2.11446e-06
247.4	2.09496e-06
247.5	2.0759e-06
247.6	2.05729e-06
247.7	2.03914e-06
247.8	2.02147e-06
247.9	2.00428e-06
248	1.9876e-06
248.1	1.97143e-06
248.2	1.95579e-06
248.3	1.94069e-06
248.4	1.92614e-06
248.5	1.91216e-06
248.6	1.89875e-06
248.7	1.88593e-06
248.8	1.87371e-06
248.9	1.86135e-06
249	1.84691e-06
249.1	1.83362e-06
249.2	1.82148e-06
249.3	1.81053e-06
249.4	1.80079e-06
249.5	1.79228e-06
249.6	1.78501e-06
249.7	1.779e-06
249.8	1.77426e-06
249.9	1.77081e-06
250	1.76865e-06
250.1	1.76779e-06
250.2	1.76822e-06
250.3	1.76994e-06
250.4	1.77297e-06
250.5	1.77727e-06
250.6	1.78286e-06
250.7	1.78894e-06
250.8	1.79601e-06
250.9	1.80407e-06
251	1.81311e-06
251.1	1.82311e-06
251.2	1.83405e-06
251.3	1.84593e-06
251.4	1.85871e-06
251.5	1.87239e-06
251.6	1.88695e-06
251.7	1.90235e-06
251.8	1.91859e-06
251.9	1.93565e-06
252	1.95349e-06
252.1	1.9721e-06
252.2	1.99146e-06
252.3	2.01155e-06
252.4	2.03234e-06
252.5	2.05381e-06
252.6	2.06697e-06
252.7	2.07998e-06
252.8	2.09322e-06
252.9	2.10666e-06
253	2.12032e-06
253.1	2.13417e-06
253.2	2.14823e-06
253.3	2.16248e-06
253.4	2.17693e-06
253.5	2.19156e-06
253.6	2.20637e-06
253.7	2.22137e-06
253.8	2.23654e-06
253.9	2.25189e-06
254	2.2674e-06
254.1	2.28309e-06
254.2	2.29893e-06
254.3	2.31494e-06
254.4	2.3311e-06
254.5	2.34741e-06
254.6	2.36388e-06
254.7	2.38049e-06
254.8	2.39725e-06
254.9	2.41414e-06
255	2.43118e-06
255.1	2.44834e-06
255.2	2.45483e-06
255.3	2.45733e-06
255.4	2.45983e-06
255.5	2.46233e-06
255.6	2.46484e-06
255.7	2.46735e-06
255.8	2.46986e-06
255.9	2.47237e-06
256	2.47489e-06
256.1	2.47741e-06
256.2	2.47993e-06
256.3	2.48246e-06
256.4	2.48499e-06
256.5	2.48752e-06
256.6	2.49005e-06
256.7	2.49258e-06
256.8	2.49512e-06
256.9	2.49766e-06
257	2.50021e-06
257.1	2.50275e-06
257.2	2.5053e-06
257.3	2.50785e-06
257.4	2.51041e-06
257.5	2.51296e-06
257.6	2.51552e-06
257.7	2.51808e-06
257.8	2.52065e-06
257.9	2.52321e-06
258	2.52578e-06
258.1	2.52835e-06
258.2	2.53093e-06
258.3	2.5335e-06
258.4	2.53066e-06
258.5	2.51791e-06
258.6	2.50522e-06
258.7	2.4926e-06
258.8	2.48004e-06
258.9	2.46754e-06
259	2.45512e-06
259.1	2.44275e-06
259.2	2.43046e-06
259.3	2.41824e-06
259.4	2.40608e-06
259.5	2.394e-06
259.6	2.38199e-06
259.7	2.37006e-06
259.8	2.3582e-06
259.9	2.34642e-06
260	2.33471e-06
260.1	2.32308e-06
260.2	2.31153e-06
260.3	2.30006e-06
260.4	2.28868e-06
260.5	2.27737e-06
260.6	2.26616e-06
260.7	2.25502e-06
260.8	2.24398e-06
260.9	2.23302e-06
261	2.22215e-06
261.1	2.21137e-06
261.2	2.20069e-06
261.3	2.1855e-06
261.4	2.16353e-06
261.5	2.14201e-06
261.6	2.12094e-06
261.7	2.10034e-06
261.8	2.08021e-06
261.9	2.06058e-06
262	2.04146e-06
262.1	2.02286e-06
262.2	2.0048e-06
262.3	1.98728e-06
262.4	1.97034e-06
262.5	1.95397e-06
262.6	1.93821e-06
262.7	1.92305e-06
262.8	1.90852e-06
262.9	1.89462e-06
263	1.88138e-06
263.1	1.86881e-06
263.2	1.85692e-06
263.3	1.84572e-06
263.4	1.83406e-06
263.5	1.82181e-06
263.6	1.81076e-06
263.7	1.80093e-06
263.8	1.79234e-06
263.9	1.78502e-06
264	1.77897e-06
264.1	1.77421e-06
264.2	1.77076e-06
264.3	1.76861e-06
264.4	1.76778e-06
264.5	1.76826e-06
264.6	1.77006e-06
264.7	1.77316e-06
264.8	1.77757e-06
264.9	1.78327e-06
265	1.79025e-06
265.1	1.79813e-06
265.2	1.80617e-06
265.3	1.81511e-06
265.4	1.82496e-06
265.5	1.83568e-06
265.6	1.84728e-06
265.7	1.85972e-06
265.8	1.873e-06
265.9	1.88709e-06
266	1.90198e-06
266.1	1.91765e-06
266.2	1.93407e-06
266.3	1.95124e-06
266.4	1.96914e-06
266.5	1.98773e-06
266.6	2.00701e-06
266.7	2.02694e-06
266.8	2.04753e-06
266.9	2.06873e-06
267	2.09055e-06
267.1	2.10529e-06
267.2	2.11775e-06
267.3	2.13039e-06
267.4	2.14319e-06
267.5	2.15615e-06
267.6	2.16928e-06
267.7	2.18257e-06
267.8	2.19601e-06
267.9	2.20961e-06
268	2.22336e-06
268.1	2.23725e-06
268.2	2.25129e-06
268.3	2.26547e-06
268.4	2.27979e-06
268.5	2.29425e-06
268.6	2.30885e-06
268.7	2.32357e-06
268.8	2.33842e-06
268.9	2.35341e-06
269	2.36851e-06
269.1	2.38374e-06
269.2	2.39909e-06
269.3	2.41455e-06
269.4	2.43013e-06
269.5	2.44583e-06
269.6	2.46163e-06
269.7	2.47754e-06
269.8	2.48355e-06
269.9	2.48454e-06
270	2.48553e-06
270.1	2.48652e-06
270.2	2.48751e-06
270.3	2.4885e-06
270.4	2.4895e-06
270.5	2.49049e-06
270.6	2.49148e-06
270.7	2.49248e-06
270.8	2.49347e-06
270.9	2.49447e-06
271	2.49546e-06
271.1	2.49646e-06
271.2	2.49745e-06
271.3	2.49845e-06
271.4	2.49944e-06
271.5	2.50044e-06
271.6	2.50144e-06
271.7	2.50244e-06
271.8	2.50344e-06
271.9	2.50443e-06
272	2.50543e-06
272.1	2.50643e-06
272.2	2.50743e-06
272.3	2.50843e-06
272.4	2.50943e-06
272.5	2.51043e-06
272.6	2.51144e-06
272.7	2.51244e-06
272.8	2.51344e-06
272.9	2.51444e-06
273	2.51314e-06
273.1	2.49895e-06
273.2	2.48483e-06
273.3	2.4708e-06
273.4	2.45686e-06
273.5	2.44299e-06
273.6	2.42921e-06
273.7	2.41552e-06
273.8	2.40192e-06
273.9	2.38841e-06
274	2.37499e-06
274.1	2.36167e-06
274.2	2.34844e-06
274.3	2.3353e-06
274.4	2.32227e-06
274.5	2.30933e-06
274.6	2.2965e-06
274.7	2.28377e-06
274.8	2.27115e-06
274.9	2.25863e-06
275	2.24622e-06
275.1	2.23392e-06
275.2	2.22173e-06
275.3	2.20966e-06
275.4	2.19771e-06
275.5	2.18587e-06
275.6	2.17415e-06
275.7	2.16256e-06
275.8	2.15108e-06
275.9	2.12901e-06
276	2.10731e-06
276.1	2.08612e-06
276.2	2.06547e-06
276.3	2.04537e-06
276.4	2.02583e-06
276.5	2.00688e-06
276.6	1.98853e-06
276.7	1.9708e-06
276.8	1.9537e-06
276.9	1.93725e-06
277	1.92147e-06
277.1	1.90637e-06
277.2	1.89198e-06
277.3	1.8783e-06
277.4	1.86535e-06
277.5	1.85315e-06
277.6	1.84171e-06
277.7	1.83105e-06
277.8	1.82117e-06
277.9	1.81079e-06
278	1.80094e-06
278.1	1.79233e-06
278.2	1.78499e-06
278.3	1.77893e-06
278.4	1.77418e-06
278.5	1.77073e-06
278.6	1.76859e-06
278.7	1.76778e-06
278.8	1.76828e-06
278.9	1.77011e-06
279	1.77326e-06
279.1	1.77771e-06
279.2	1.78347e-06
279.3	1.79051e-06
279.4	1.79882e-06
279.5	1.80839e-06
279.6	1.81801e-06
279.7	1.82773e-06
279.8	1.83826e-06
279.9	1.84959e-06
280	1.86171e-06
280.1	1.8746e-06
280.2	1.88824e-06
280.3	1.90262e-06
280.4	1.91772e-06
280.5	1.93353e-06
280.6	1.95002e-06
280.7	1.96718e-06
280.8	1.985e-06
280.9	2.00345e-06
281	2.02252e-06
281.1	2.04218e-06
281.2	2.06244e-06
281.3	2.08325e-06
281.4	2.10462e-06
281.5	2.12652e-06
281.6	2.1439e-06
281.7	2.15565e-06
281.8	2.16753e-06
281.9	2.17954e-06
282	2.19168e-06
282.1	2.20395e-06
282.2	2.21634e-06
282.3	2.22886e-06
282.4	2.24149e-06
282.5	2.25424e-06
282.6	2.26711e-06
282.7	2.2801e-06
282.8	2.29319e-06
282.9	2.3064e-06
283	2.31971e-06
283.1	2.33313e-06
283.2	2.34666e-06
283.3	2.36029e-06
283.4	2.37402e-06
283.5	2.38785e-06
283.6	2.40178e-06
283.7	2.4158e-06
283.8	2.42992e-06
283.9	2.44413e-06
284	2.45844e-06
284.1	2.47283e-06
284.2	2.48731e-06
284.3	2.50188e-06
284.4	2.50838e-06
284.5	2.50783e-06
284.6	2.50727e-06
284.7	2.50672e-06
284.8	2.50617e-06
284.9	2.50562e-06
285	2.50507e-06
285.1	2.50452e-06
285.2	2.50396e-06
285.3	2.50341e-06
285.4	2.50286e-06
285.5	2.50231e-06
285.6	2.50176e-06
285.7	2.50121e-06
285.8	2.50066e-06
285.9	2.50011e-06
286	2.49956e-06
286.1	2.49901e-06
286.2	2.49846e-06
286.3	2.49791e-06
286.4	2.49736e-06
286.5	2.49681e-06
286.6	2.49626e-06
286.7	2.49571e-06
286.8	2.49516e-06
286.9	2.49461e-06
287	2.49406e-06
287.1	2.49351e-06
287.2	2.49297e-06
287.3	2.49242e-06
287.4	2.49187e-06
287.5	2.49132e-06
287.6	2.49072e-06
287.7	2.47515e-06
287.8	2.45968e-06
287.9	2.44432e-06
288	2.42906e-06
288.1	2.4139e-06
288.2	2.39886e-06
288.3	2.38393e-06
288.4	2.36911e-06
288.5	2.35441e-06
288.6	2.33982e-06
288.7	2.32536e-06
288.8	2.31101e-06
288.9	2.29679e-06
289	2.2827e-06
289.1	2.26874e-06
289.2	2.25491e-06
289.3	2.24121e-06
289.4	2.22765e-06
289.5	2.21423e-06
289.6	2.20095e-06
289.7	2.18781e-06
289.8	2.17482e-06
289.9	2.16198e-06
290	2.1493e-06
290.1	2.13676e-06
290.2	2.12439e-06
290.3	2.11217e-06
290.4	2.09333e-06
290.5	2.07167e-06
290.6	2.0506e-06
290.7	2.03014e-06
290.8	2.0103e-06
290.9	1.99111e-06
291	1.97259e-06
291.1	1.95475e-06
291.2	1.93761e-06
291.3	1.9212e-06
291.4	1.90552e-06
291.5	1.8906e-06
291.6	1.87646e-06
291.7	1.86312e-06
291.8	1.85058e-06
291.9	1.83888e-06
292	1.82802e-06
292.1	1.81801e-06
292.2	1.80888e-06
292.3	1.80064e-06
292.4	1.79213e-06
292.5	1.78483e-06
292.6	1.77882e-06
292.7	1.77409e-06
292.8	1.77067e-06
292.9	1.76857e-06
293	1.76777e-06
293.1	1.7683e-06
293.2	1.77014e-06
293.3	1.7733e-06
293.4	1.77776e-06
293.5	1.78352e-06
293.6	1.79056e-06
293.7	1.79887e-06
293.8	1.80844e-06
293.9	1.81923e-06
294	1.83123e-06
294.1	1.84196e-06
294.2	1.85306e-06
294.3	1.86488e-06
294.4	1.8774e-06
294.5	1.89061e-06
294.6	1.90449e-06
294.7	1.91904e-06
294.8	1.93423e-06
294.9	1.95005e-06
295	1.96649e-06
295.1	1.98352e-06
295.2	2.00114e-06
295.3	2.01934e-06
295.4	2.03808e-06
295.5	2.05737e-06
295.6	2.07717e-06
295.7	2.09749e-06
295.8	2.1183e-06
295.9	2.1396e-06
296	2.16135e-06
296.1	2.18261e-06
296.2	2.19351e-06
296.3	2.2045e-06
296.4	2.2156e-06
296.5	2.22679e-06
296.6	2.23808e-06
296.7	2.24947e-06
296.8	2.26095e-06
296.9	2.27252e-06
297	2.28418e-06
297.1	2.29593e-06
297.2	2.30777e-06
297.3	2.3197e-06
297.4	2.33171e-06
297.5	2.34381e-06
297.6	2.35599e-06
297.7	2.36825e-06
297.8	2.3806e-06
297.9	2.39302e-06
298	2.40552e-06
298.1	2.41809e-06
298.2	2.43075e-06
298.3	2.44347e-06
298.4	2.45627e-06
298.5	2.46914e-06
298.6	2.48209e-06
298.7	2.4951e-06
298.8	2.50818e-06
298.9	2.52133e-06
299	2.52919e-06
299.1	2.52707e-06
299.2	2.52495e-06
299.3	2.52283e-06
299.4	2.52072e-06
299.5	2.5186e-06
299.6	2.51649e-06
299.7	2.51438e-06
299.8	2.51227e-06
299.9	2.51017e-06
300	2.50806e-06
300.1	2.50596e-06
300.2	2.50386e-06
300.3	2.50176e-06
300.4	2.49966e-06
300.5	2.49756e-06
300.6	2.49547e-06
300.7	2.49337e-06
300.8	2.49128e-06
300.9	2.48919e-06
301	2.48711e-06
301.1	2.48502e-06
301.2	2.48294e-06
301.3	2.48085e-06
301.4	2.47877e-06
301.5	2.47669e-06
301.6	2.47462e-06
301.7	2.47254e-06
301.8	2.47047e-06
301.9	2.4684e-06
302	2.46633e-06
302.1	2.46426e-06
302.2	2.46219e-06
302.3	2.44653e-06
302.4	2.42979e-06
302.5	2.41319e-06
302.6	2.39671e-06
302.7	2.38037e-06
302.8	2.36416e-06
302.9	2.3481e-06
303	2.33217e-06
303.1	2.3164e-06
303.2	2.30077e-06
303.3	2.28529e-06
303.4	2.26997e-06
303.5	2.2548e-06
303.6	2.2398e-06
303.7	2.22496e-06
303.8	2.21029e-06
303.9	2.19578e-06
304	2.18146e-06
304.1	2.16731e-06
304.2	2.15334e-06
304.3	2.13956e-06
304.4	2.12596e-06
304.5	2.11256e-06
304.6	2.09935e-06
304.7	2.08635e-06
304.8	2.07354e-06
304.9	2.05685e-06
305	2.03548e-06
305.1	2.01478e-06
305.2	1.99477e-06
305.3	1.97546e-06
305.4	1.95689e-06
305.5	1.93906e-06
305.6	1.92201e-06
305.7	1.90575e-06
305.8	1.8903e-06
305.9	1.87569e-06
306	1.86193e-06
306.1	1.84905e-06
306.2	1.83705e-06
306.3	1.82596e-06
306.4	1.81579e-06
306.5	1.80657e-06
306.6	1.7983e-06
306.7	1.791e-06
306.8	1.78447e-06
306.9	1.77855e-06
307	1.77391e-06
307.1	1.77057e-06
307.2	1.76852e-06
307.3	1.76777e-06
307.4	1.76833e-06
307.5	1.77019e-06
307.6	1.77334e-06
307.7	1.77779e-06
307.8	1.78352e-06
307.9	1.79052e-06
308	1.79878e-06
308.1	1.80827e-06
308.2	1.81898e-06
308.3	1.83089e-06
308.4	1.84397e-06
308.5	1.85788e-06
308.6	1.86941e-06
308.7	1.88159e-06
308.8	1.89439e-06
308.9	1.90779e-06
309	1.9218e-06
309.1	1.93639e-06
309.2	1.95156e-06
309.3	1.96728e-06
309.4	1.98355e-06
309.5	2.00035e-06
309.6	2.01767e-06
309.7	2.03549e-06
309.8	2.05381e-06
309.9	2.07261e-06
310	2.09187e-06
310.1	2.11159e-06
310.2	2.13175e-06
310.3	2.15233e-06
310.4	2.17334e-06
310.5	2.19474e-06
310.6	2.21655e-06
310.7	2.23119e-06
310.8	2.24118e-06
310.9	2.25125e-06
311	2.26139e-06
311.1	2.2716e-06
311.2	2.28188e-06
311.3	2.29224e-06
311.4	2.30266e-06
311.5	2.31315e-06
311.6	2.32371e-06
311.7	2.33433e-06
311.8	2.34502e-06
311.9	2.35578e-06
312	2.36659e-06
312.1	2.37747e-06
312.2	2.38842e-06
312.3	2.39942e-06
312.4	2.41048e-06
312.5	2.4216e-06
312.6	2.43279e-06
312.7	2.44403e-06
312.8	2.45532e-06
312.9	2.46667e-06
313	2.47808e-06
313.1	2.48955e-06
313.2	2.50106e-06
313.3	2.51263e-06
313.4	2.52425e-06
313.5	2.53593e-06
313.6	2.54586e-06
313.7	2.54216e-06
313.8	2.53845e-06
313.9	2.53476e-06
314	2.53107e-06
314.1	2.52738e-06
314.2	2.5237e-06
314.3	2.52002e-06
314.4	2.51635e-06
314.5	2.51268e-06
314.6	2.50902e-06
314.7	2.50537e-06
314.8	2.50172e-06
314.9	2.49807e-06
315	2.49443e-06
315.1	2.4908e-06
315.2	2.48717e-06
315.3	2.48355e-06
315.4	2.47993e-06
315.5	2.47632e-06
315.6	2.47271e-06
315.7	2.46911e-06
315.8	2.46551e-06
315.9	2.46192e-06
316	2.45834e-06
316.1	2.45476e-06
316.2	2.45118e-06
316.3	2.44762e-06
316.4	2.44405e-06
316.5	2.4405e-06
316.6	2.43695e-06
316.7	2.4334e-06
316.8	2.42986e-06
316.9	2.41315e-06
317	2.39526e-06
317.1	2.37752e-06
317.2	2.35995e-06
317.3	2.34254e-06
317.4	2.3253e-06
317.5	2.30823e-06
317.6	2.29134e-06
317.7	2.27463e-06
317.8	2.25811e-06
317.9	2.24178e-06
318	2.22563e-06
318.1	2.20969e-06
318.2	2.19395e-06
318.3	2.17842e-06
318.4	2.16309e-06
318.5	2.14798e-06
318.6	2.1331e-06
318.7	2.11843e-06
318.8	2.104e-06
318.9	2.0898e-06
319	2.07583e-06
319.1	2.06211e-06
319.2	2.04864e-06
319.3	2.03543e-06
319.4	2.02003e-06
319.5	1.99922e-06
319.6	1.97915e-06
319.7	1.95986e-06
319.8	1.94137e-06
319.9	1.92369e-06
320	1.90685e-06
320.1	1.89088e-06
320.2	1.87579e-06
320.3	1.86161e-06
320.4	1.84835e-06
320.5	1.83605e-06
320.6	1.82471e-06
320.7	1.81436e-06
320.8	1.80501e-06
320.9	1.79667e-06
321	1.78937e-06
321.1	1.78311e-06
321.2	1.77791e-06
321.3	1.77359e-06
321.4	1.77037e-06
321.5	1.76843e-06
321.6	1.76777e-06
321.7	1.76838e-06
321.8	1.77027e-06
321.9	1.77344e-06
322	1.77787e-06
322.1	1.78356e-06
322.2	1.79049e-06
322.3	1.79865e-06
322.4	1.80803e-06
322.5	1.8186e-06
322.6	1.83035e-06
322.7	1.84325e-06
322.8	1.85728e-06
322.9	1.87241e-06
323	1.88739e-06
323.1	1.89979e-06
323.2	1.91275e-06
323.3	1.92623e-06
323.4	1.94024e-06
323.5	1.95476e-06
323.6	1.96979e-06
323.7	1.9853e-06
323.8	2.00129e-06
323.9	2.01775e-06
324	2.03467e-06
324.1	2.05203e-06
324.2	2.06982e-06
324.3	2.08804e-06
324.4	2.10666e-06
324.5	2.12569e-06
324.6	2.14511e-06
324.7	2.16491e-06
324.8	2.18507e-06
324.9	2.2056e-06
325	2.22647e-06
325.1	2.24769e-06
325.2	2.2686e-06
325.3	2.27749e-06
325.4	2.28643e-06
325.5	2.29542e-06
325.6	2.30447e-06
325.7	2.31357e-06
325.8	2.32271e-06
325.9	2.33191e-06
326	2.34116e-06
326.1	2.35045e-06
326.2	2.3598e-06
326.3	2.36919e-06
326.4	2.37862e-06
326.5	2.38811e-06
326.6	2.39764e-06
326.7	2.40721e-06
326.8	2.41683e-06
326.9	2.4265e-06
327	2.43621e-06
327.1	2.44596e-06
327.2	2.45575e-06
327.3	2.46559e-06
327.4	2.47547e-06
327.5	2.48539e-06
327.6	2.49535e-06
327.7	2.50535e-06
327.8	2.51539e-06
327.9	2.52546e-06
328	2.53558e-06
328.1	2.54574e-06
328.2	2.55593e-06
328.3	2.55297e-06
328.4	2.54767e-06
328.5	2.54239e-06
328.6	2.53712e-06
328.7	2.53186e-06
328.8	2.52661e-06
328.9	2.52136e-06
329	2.51613e-06
329.1	2.51091e-06
329.2	2.50571e-06
329.3	2.50051e-06
329.4	2.49532e-06
329.5	2.49014e-06
329.6	2.48498e-06
329.7	2.47982e-06
329.8	2.47468e-06
329.9	2.46954e-06
330	2.46442e-06
330.1	2.45931e-06
330.2	2.45421e-06
330.3	2.44913e-06
330.4	2.44405e-06
330.5	2.43898e-06
330.6	2.43393e-06
330.7	2.42889e-06
330.8	2.42386e-06
330.9	2.41884e-06
331	2.41384e-06
331.1	2.40884e-06
331.2	2.40386e-06
331.3	2.39889e-06
331.4	2.39393e-06
331.5	2.37517e-06
331.6	2.35624e-06
331.7	2.33751e-06
331.8	2.31898e-06
331.9	2.30065e-06
332	2.28253e-06
332.1	2.26463e-06
332.2	2.24694e-06
332.3	2.22947e-06
332.4	2.21224e-06
332.5	2.19524e-06
332.6	2.17847e-06
332.7	2.16196e-06
332.8	2.14569e-06
332.9	2.12968e-06
333	2.11393e-06
333.1	2.09845e-06
333.2	2.08325e-06
333.3	2.06832e-06
333.4	2.05368e-06
333.5	2.03934e-06
333.6	2.02529e-06
333.7	2.01155e-06
333.8	1.99811e-06
333.9	1.98338e-06
334	1.96341e-06
334.1	1.94427e-06
334.2	1.92599e-06
334.3	1.9086e-06
334.4	1.89211e-06
334.5	1.87656e-06
334.6	1.86196e-06
334.7	1.84834e-06
334.8	1.83571e-06
334.9	1.82411e-06
335	1.81355e-06
335.1	1.80405e-06
335.2	1.79562e-06
335.3	1.78828e-06
335.4	1.78205e-06
335.5	1.77693e-06
335.6	1.77293e-06
335.7	1.77007e-06
335.8	1.7683e-06
335.9	1.76777e-06
336	1.76848e-06
336.1	1.77044e-06
336.2	1.77363e-06
336.3	1.77806e-06
336.4	1.78371e-06
336.5	1.79057e-06
336.6	1.79862e-06
336.7	1.80786e-06
336.8	1.81826e-06
336.9	1.8298e-06
337	1.84247e-06
337.1	1.85624e-06
337.2	1.87107e-06
337.3	1.88696e-06
337.4	1.90387e-06
337.5	1.91957e-06
337.6	1.93255e-06
337.7	1.946e-06
337.8	1.95989e-06
337.9	1.97423e-06
338	1.98901e-06
338.1	2.00421e-06
338.2	2.01983e-06
338.3	2.03585e-06
338.4	2.05227e-06
338.5	2.06907e-06
338.6	2.08625e-06
338.7	2.1038e-06
338.8	2.12171e-06
338.9	2.13997e-06
339	2.15857e-06
339.1	2.1775e-06
339.2	2.19676e-06
339.3	2.21633e-06
339.4	2.23621e-06
339.5	2.25638e-06
339.6	2.27685e-06
339.7	2.2976e-06
339.8	2.31336e-06
339.9	2.32109e-06
340	2.32885e-06
340.1	2.33666e-06
340.2	2.34449e-06
340.3	2.35237e-06
340.4	2.36027e-06
340.5	2.36821e-06
340.6	2.37619e-06
340.7	2.38419e-06
340.8	2.39223e-06
340.9	2.40031e-06
341	2.40841e-06
341.1	2.41655e-06
341.2	2.42472e-06
341.3	2.43292e-06
341.4	2.44115e-06
341.5	2.44941e-06
341.6	2.4577e-06
341.7	2.46603e-06
341.8	2.47438e-06
341.9	2.48276e-06
342	2.49117e-06
342.1	2.49961e-06
342.2	2.50808e-06
342.3	2.51658e-06
342.4	2.5251e-06
342.5	2.53365e-06
342.6	2.54223e-06
342.7	2.55084e-06
342.8	2.55948e-06
342.9	2.55939e-06
343	2.5525e-06
343.1	2.54564e-06
343.2	2.53879e-06
343.3	2.53196e-06
343.4	2.52514e-06
343.5	2.51835e-06
343.6	2.51157e-06
343.7	2.50481e-06
343.8	2.49806e-06
343.9	2.49134e-06
344	2.48463e-06
344.1	2.47795e-06
344.2	2.47128e-06
344.3	2.46463e-06
344.4	2.458e-06
344.5	2.45138e-06
344.6	2.44479e-06
344.7	2.43822e-06
344.8	2.43166e-06
344.9	2.42513e-06
345	2.41862e-06
345.1	2.41212e-06
345.2	2.40565e-06
345.3	2.3992e-06
345.4	2.39276e-06
345.5	2.38635e-06
345.6	2.37996e-06
345.7	2.37359e-06
345.8	2.36724e-06
345.9	2.36091e-06
346	2.35282e-06
346.1	2.3328e-06
346.2	2.31301e-06
346.3	2.29346e-06
346.4	2.27414e-06
346.5	2.25507e-06
346.6	2.23626e-06
346.7	2.21771e-06
346.8	2.19942e-06
346.9	2.18141e-06
347	2.16368e-06
347.1	2.14623e-06
347.2	2.12908e-06
347.3	2.11223e-06
347.4	2.09569e-06
347.5	2.07946e-06
347.6	2.06356e-06
347.7	2.04799e-06
347.8	2.03276e-06
347.9	2.01787e-06
348	2.00334e-06
348.1	1.98917e-06
348.2	1.97537e-06
348.3	1.96194e-06
348.4	1.94751e-06
348.5	1.92868e-06
348.6	1.91076e-06
348.7	1.89379e-06
348.8	1.87779e-06
348.9	1.86279e-06
349	1.84881e-06
349.1	1.83588e-06
349.2	1.82401e-06
349.3	1.81323e-06
349.4	1.80356e-06
349.5	1.79501e-06
349.6	1.78761e-06
349.7	1.78136e-06
349.8	1.77628e-06
349.9	1.77237e-06
350	1.76966e-06
350.1	1.76813e-06
350.2	1.7678e-06
350.3	1.76866e-06
350.4	1.77073e-06
350.5	1.77399e-06
350.6	1.77844e-06
350.7	1.78406e-06
350.8	1.79086e-06
350.9	1.79881e-06
351	1.80789e-06
351.1	1.8181e-06
351.2	1.82942e-06
351.3	1.84181e-06
351.4	1.85527e-06
351.5	1.86977e-06
351.6	1.88528e-06
351.7	1.90178e-06
351.8	1.91925e-06
351.9	1.93765e-06
352	1.9539e-06
352.1	1.96718e-06
352.2	1.98085e-06
352.3	1.99491e-06
352.4	2.00933e-06
352.5	2.02412e-06
352.6	2.03927e-06
352.7	2.05476e-06
352.8	2.07059e-06
352.9	2.08676e-06
353	2.10325e-06
353.1	2.12005e-06
353.2	2.13717e-06
353.3	2.15459e-06
353.4	2.1723e-06
353.5	2.1903e-06
353.6	2.20859e-06
353.7	2.22714e-06
353.8	2.24597e-06
353.9	2.26505e-06
354	2.28439e-06
354.1	2.30397e-06
354.2	2.3238e-06
354.3	2.34386e-06
354.4	2.35519e-06
354.5	2.36166e-06
354.6	2.36815e-06
354.7	2.37466e-06
354.8	2.3812e-06
354.9	2.38776e-06
355	2.39434e-06
355.1	2.40094e-06
355.2	2.40756e-06
355.3	2.41421e-06
355.4	2.42087e-06
355.5	2.42756e-06
355.6	2.43427e-06
355.7	2.441e-06
355.8	2.44775e-06
355.9	2.45452e-06
356	2.46131e-06
356.1	2.46812e-06
356.2	2.47494e-06
356.3	2.48179e-06
356.4	2.48866e-06
356.5	2.49555e-06
356.6	2.50246e-06
356.7	2.50939e-06
356.8	2.51633e-06
356.9	2.52329e-06
357	2.53028e-06
357.1	2.53728e-06
357.2	2.5443e-06
357.3	2.55134e-06
357.4	2.55839e-06
357.5	2.5613e-06
357.6	2.55283e-06
357.7	2.54439e-06
357.8	2.53598e-06
357.9	2.52759e-06
358	2.51923e-06
358.1	2.5109e-06
358.2	2.50259e-06
358.3	2.49431e-06
358.4	2.48606e-06
358.5	2.47784e-06
358.6	2.46964e-06
358.7	2.46148e-06
358.8	2.45334e-06
358.9	2.44523e-06
359	2.43715e-06
359.1	2.4291e-06
359.2	2.42108e-06
359.3	2.41309e-06
359.4	2.40513e-06
359.5	2.3972e-06
359.6	2.38931e-06
359.7	2.38144e-06
359.8	2.37361e-06
359.9	2.3658e-06
360	2.35803e-06
360.1	2.3503e-06
360.2	2.34259e-06
360.3	2.33492e-06
360.4	2.32728e-06
360.5	2.31968e-06
360.6	2.30715e-06
360.7	2.28641e-06
360.8	2.26594e-06
360.9	2.24576e-06
361	2.22587e-06
361.1	2.20628e-06
361.2	2.187e-06
361.3	2.16803e-06
361.4	2.14938e-06
361.5	2.13107e-06
361.6	2.1131e-06
361.7	2.09548e-06
361.8	2.07821e-06
361.9	2.06132e-06
362	2.0448e-06
362.1	2.02867e-06
362.2	2.01293e-06
362.3	1.99759e-06
362.4	1.98267e-06
362.5	1.96817e-06
362.6	1.95411e-06
362.7	1.94049e-06
362.8	1.92732e-06
362.9	1.91308e-06
363	1.89568e-06
363.1	1.87928e-06
363.2	1.86391e-06
363.3	1.84961e-06
363.4	1.83638e-06
363.5	1.82426e-06
363.6	1.81327e-06
363.7	1.80342e-06
363.8	1.79475e-06
363.9	1.78725e-06
364	1.78096e-06
364.1	1.77588e-06
364.2	1.77202e-06
364.3	1.7694e-06
364.4	1.76801e-06
364.5	1.76786e-06
364.6	1.76894e-06
364.7	1.77119e-06
364.8	1.77457e-06
364.9	1.77907e-06
365	1.78471e-06
365.1	1.79146e-06
365.2	1.79932e-06
365.3	1.80826e-06
365.4	1.81828e-06
365.5	1.82935e-06
365.6	1.84146e-06
365.7	1.85459e-06
365.8	1.86871e-06
365.9	1.88381e-06
366	1.89985e-06
366.1	1.91682e-06
366.2	1.93469e-06
366.3	1.95344e-06
366.4	1.97304e-06
366.5	1.98989e-06
366.6	2.00323e-06
366.7	2.01689e-06
366.8	2.03087e-06
366.9	2.04515e-06
367	2.05973e-06
367.1	2.07461e-06
367.2	2.08978e-06
367.3	2.10522e-06
367.4	2.12095e-06
367.5	2.13694e-06
367.6	2.1532e-06
367.7	2.16972e-06
367.8	2.18648e-06
367.9	2.2035e-06
368	2.22075e-06
368.1	2.23824e-06
368.2	2.25596e-06
368.3	2.27391e-06
368.4	2.29207e-06
368.5	2.31044e-06
368.6	2.32903e-06
368.7	2.34782e-06
368.8	2.36681e-06
368.9	2.38599e-06
369	2.39381e-06
369.1	2.39893e-06
369.2	2.40407e-06
369.3	2.40921e-06
369.4	2.41437e-06
369.5	2.41955e-06
369.6	2.42473e-06
369.7	2.42993e-06
369.8	2.43514e-06
369.9	2.44036e-06
370	2.4456e-06
370.1	2.45085e-06
370.2	2.45611e-06
370.3	2.46138e-06
370.4	2.46666e-06
370.5	2.47196e-06
370.6	2.47727e-06
370.7	2.48259e-06
370.8	2.48792e-06
370.9	2.49326e-06
371	2.49862e-06
371.1	2.50398e-06
371.2	2.50936e-06
371.3	2.51475e-06
371.4	2.52015e-06
371.5	2.52556e-06
371.6	2.53099e-06
371.7	2.53642e-06
371.8	2.54187e-06
371.9	2.54732e-06
372	2.55279e-06
372.1	2.55827e-06
372.2	2.54856e-06
372.3	2.53857e-06
372.4	2.52861e-06
372.5	2.51869e-06
372.6	2.50881e-06
372.7	2.49897e-06
372.8	2.48917e-06
372.9	2.4794e-06
373	2.46967e-06
373.1	2.45999e-06
373.2	2.45034e-06
373.3	2.44074e-06
373.4	2.43118e-06
373.5	2.42166e-06
373.6	2.41218e-06
373.7	2.40275e-06
373.8	2.39335e-06
373.9	2.38401e-06
374	2.3747e-06
374.1	2.36545e-06
374.2	2.35623e-06
374.3	2.34707e-06
374.4	2.33795e-06
374.5	2.32888e-06
374.6	2.31985e-06
374.7	2.31088e-06
374.8	2.30195e-06
374.9	2.29307e-06
375	2.28425e-06
375.1	2.27547e-06
375.2	2.25771e-06
375.3	2.23647e-06
375.4	2.21556e-06
375.5	2.19499e-06
375.6	2.17477e-06
375.7	2.15491e-06
375.8	2.13542e-06
375.9	2.11631e-06
376	2.09759e-06
376.1	2.07927e-06
376.2	2.06136e-06
376.3	2.04388e-06
376.4	2.02683e-06
376.5	2.01022e-06
376.6	1.99407e-06
376.7	1.97838e-06
376.8	1.96317e-06
376.9	1.94846e-06
377	1.93424e-06
377.1	1.92053e-06
377.2	1.90734e-06
377.3	1.89469e-06
377.4	1.88079e-06
377.5	1.86511e-06
377.6	1.85052e-06
377.7	1.83704e-06
377.8	1.82469e-06
377.9	1.81351e-06
378	1.80351e-06
378.1	1.7947e-06
378.2	1.78712e-06
378.3	1.78077e-06
378.4	1.77567e-06
378.5	1.77182e-06
378.6	1.76925e-06
378.7	1.76794e-06
378.8	1.76791e-06
378.9	1.76916e-06
379	1.77167e-06
379.1	1.77545e-06
379.2	1.78006e-06
379.3	1.78575e-06
379.4	1.79249e-06
379.5	1.80028e-06
379.6	1.8091e-06
379.7	1.81894e-06
379.8	1.82977e-06
379.9	1.8416e-06
380	1.85438e-06
380.1	1.86811e-06
380.2	1.88277e-06
380.3	1.89833e-06
380.4	1.91476e-06
380.5	1.93206e-06
380.6	1.95019e-06
380.7	1.96913e-06
380.8	1.98887e-06
380.9	2.00937e-06
381	2.02714e-06
381.1	2.04031e-06
381.2	2.05374e-06
381.3	2.06743e-06
381.4	2.08136e-06
381.5	2.09555e-06
381.6	2.10997e-06
381.7	2.12463e-06
381.8	2.13952e-06
381.9	2.15464e-06
382	2.16997e-06
382.1	2.18553e-06
382.2	2.2013e-06
382.3	2.21727e-06
382.4	2.23345e-06
382.5	2.24983e-06
382.6	2.2664e-06
382.7	2.28317e-06
382.8	2.30012e-06
382.9	2.31725e-06
383	2.33456e-06
383.1	2.35204e-06
383.2	2.3697e-06
383.3	2.38752e-06
383.4	2.4055e-06
383.5	2.42364e-06
383.6	2.429e-06
383.7	2.4327e-06
383.8	2.43642e-06
383.9	2.44013e-06
384	2.44386e-06
384.1	2.44759e-06
384.2	2.45132e-06
384.3	2.45507e-06
384.4	2.45881e-06
384.5	2.46257e-06
384.6	2.46633e-06
384.7	2.4701e-06
384.8	2.47387e-06
384.9	2.47765e-06
385	2.48143e-06
385.1	2.48522e-06
385.2	2.48902e-06
385.3	2.49282e-06
385.4	2.49663e-06
385.5	2.50045e-06
385.6	2.50427e-06
385.7	2.50809e-06
385.8	2.51192e-06
385.9	2.51576e-06
386	2.5196e-06
386.1	2.52345e-06
386.2	2.52731e-06
386.3	2.53117e-06
386.4	2.53503e-06
386.5	2.5389e-06
386.6	2.54278e-06
386.7	2.54666e-06
386.8	2.53959e-06
386.9	2.52807e-06
387	2.5166e-06
387.1	2.50519e-06
387.2	2.49382e-06
387.3	2.48251e-06
387.4	2.47125e-06
387.5	2.46004e-06
387.6	2.44889e-06
387.7	2.43779e-06
387.8	2.42675e-06
387.9	2.41576e-06
388	2.40483e-06
388.1	2.39396e-06
388.2	2.38315e-06
388.3	2.3724e-06
388.4	2.36171e-06
388.5	2.35108e-06
388.6	2.34051e-06
388.7	2.33001e-06
388.8	2.31956e-06
388.9	2.30919e-06
389	2.29888e-06
389.1	2.28863e-06
389.2	2.27846e-06
389.3	2.26835e-06
389.4	2.25831e-06
389.5	2.24834e-06
389.6	2.23844e-06
389.7	2.22699e-06
389.8	2.20512e-06
389.9	2.18364e-06
390	2.16256e-06
390.1	2.14188e-06
390.2	2.12162e-06
390.3	2.10179e-06
390.4	2.0824e-06
390.5	2.06346e-06
390.6	2.045e-06
390.7	2.02701e-06
390.8	2.00952e-06
390.9	1.99253e-06
391	1.97607e-06
391.1	1.96013e-06
391.2	1.94474e-06
391.3	1.92991e-06
391.4	1.91565e-06
391.5	1.90198e-06
391.6	1.8889e-06
391.7	1.87643e-06
391.8	1.86459e-06
391.9	1.85136e-06
392	1.83768e-06
392.1	1.82516e-06
392.2	1.81382e-06
392.3	1.80369e-06
392.4	1.79478e-06
392.5	1.78711e-06
392.6	1.7807e-06
392.7	1.77557e-06
392.8	1.77172e-06
392.9	1.76917e-06
393	1.76791e-06
393.1	1.76795e-06
393.2	1.7693e-06
393.3	1.77194e-06
393.4	1.77587e-06
393.5	1.78109e-06
393.6	1.78728e-06
393.7	1.79406e-06
393.8	1.80181e-06
393.9	1.81054e-06
394	1.82021e-06
394.1	1.83083e-06
394.2	1.84238e-06
394.3	1.85483e-06
394.4	1.86816e-06
394.5	1.88237e-06
394.6	1.89743e-06
394.7	1.91332e-06
394.8	1.93002e-06
394.9	1.9475e-06
395	1.96576e-06
395.1	1.98476e-06
395.2	2.00448e-06
395.3	2.02491e-06
395.4	2.04602e-06
395.5	2.0653e-06
395.6	2.07809e-06
395.7	2.09109e-06
395.8	2.1043e-06
395.9	2.11771e-06
396	2.13132e-06
396.1	2.14512e-06
396.2	2.15911e-06
396.3	2.17329e-06
396.4	2.18766e-06
396.5	2.2022e-06
396.6	2.21692e-06
396.7	2.23181e-06
396.8	2.24687e-06
396.9	2.2621e-06
397	2.27749e-06
397.1	2.29304e-06
397.2	2.30874e-06
397.3	2.3246e-06
397.4	2.34061e-06
397.5	2.35676e-06
397.6	2.37306e-06
397.7	2.3895e-06
397.8	2.40608e-06
397.9	2.42279e-06
398	2.43963e-06
398.1	2.45661e-06
398.2	2.46057e-06
398.3	2.4628e-06
398.4	2.46504e-06
398.5	2.46728e-06
398.6	2.46952e-06
398.7	2.47176e-06
398.8	2.474e-06
398.9	2.47625e-06
399	2.4785e-06
399.1	2.48075e-06
399.2	2.483e-06
399.3	2.48526e-06
399.4	2.48751e-06
399.5	2.48977e-06
399.6	2.49203e-06
399.7	2.49429e-06
399.8	2.49656e-06
399.9	2.49883e-06
400	2.5011e-06
400.1	2.50337e-06
400.2	2.50564e-06
400.3	2.50792e-06
400.4	2.51019e-06
400.5	2.51247e-06
400.6	2.51475e-06
400.7	2.51704e-06
400.8	2.51932e-06
400.9	2.52161e-06
401	2.5239e-06
401.1	2.52619e-06
401.2	2.52849e-06
401.3	2.53078e-06
401.4	2.52582e-06
401.5	2.51282e-06
401.6	2.49989e-06
401.7	2.48702e-06
401.8	2.47422e-06
401.9	2.46149e-06
402	2.44882e-06
402.1	2.43623e-06
402.2	2.42371e-06
402.3	2.41126e-06
402.4	2.39889e-06
402.5	2.3866e-06
402.6	2.37437e-06
402.7	2.36223e-06
402.8	2.35017e-06
402.9	2.33818e-06
403	2.32628e-06
403.1	2.31446e-06
403.2	2.30273e-06
403.3	2.29108e-06
403.4	2.27951e-06
403.5	2.26804e-06
403.6	2.25665e-06
403.7	2.24535e-06
403.8	2.23415e-06
403.9	2.22304e-06
404	2.21202e-06
404.1	2.2011e-06
404.2	2.19028e-06
404.3	2.17204e-06
404.4	2.15017e-06
404.5	2.12875e-06
404.6	2.1078e-06
404.7	2.08734e-06
404.8	2.06737e-06
404.9	2.04791e-06
405	2.02898e-06
405.1	2.01059e-06
405.2	1.99276e-06
405.3	1.9755e-06
405.4	1.95882e-06
405.5	1.94274e-06
405.6	1.92729e-06
405.7	1.91246e-06
405.8	1.89827e-06
405.9	1.88475e-06
406	1.8719e-06
406.1	1.85975e-06
406.2	1.84829e-06
406.3	1.83755e-06
406.4	1.82549e-06
406.5	1.81405e-06
406.6	1.80383e-06
406.7	1.79485e-06
406.8	1.78713e-06
406.9	1.78069e-06
407	1.77553e-06
407.1	1.77167e-06
407.2	1.76913e-06
407.3	1.76789e-06
407.4	1.76798e-06
407.5	1.76938e-06
407.6	1.77209e-06
407.7	1.77611e-06
407.8	1.78143e-06
407.9	1.78803e-06
408	1.79591e-06
408.1	1.80406e-06
408.2	1.81272e-06
408.3	1.82227e-06
408.4	1.83269e-06
408.5	1.84398e-06
408.6	1.85611e-06
408.7	1.86906e-06
408.8	1.88283e-06
408.9	1.89738e-06
409	1.91272e-06
409.1	1.92881e-06
409.2	1.94563e-06
409.3	1.96318e-06
409.4	1.98142e-06
409.5	2.00035e-06
409.6	2.01993e-06
409.7	2.04016e-06
409.8	2.06101e-06
409.9	2.08247e-06
410	2.10405e-06
410.1	2.11629e-06
410.2	2.12869e-06
410.3	2.14125e-06
410.4	2.15398e-06
410.5	2.16686e-06
410.6	2.1799e-06
410.7	2.19308e-06
410.8	2.20642e-06
410.9	2.2199e-06
411	2.23353e-06
411.1	2.2473e-06
411.2	2.2612e-06
411.3	2.27524e-06
411.4	2.28942e-06
411.5	2.30372e-06
411.6	2.31815e-06
411.7	2.33271e-06
411.8	2.3474e-06
411.9	2.3622e-06
412	2.37712e-06
412.1	2.39216e-06
412.2	2.40732e-06
412.3	2.42259e-06
412.4	2.43796e-06
412.5	2.45345e-06
412.6	2.46904e-06
412.7	2.48474e-06
412.8	2.48836e-06
412.9	2.48908e-06
413	2.4898e-06
413.1	2.49052e-06
413.2	2.49124e-06
413.3	2.49196e-06
413.4	2.49268e-06
413.5	2.4934e-06
413.6	2.49412e-06
413.7	2.49484e-06
413.8	2.49556e-06
413.9	2.49628e-06
414	2.497e-06
414.1	2.49772e-06
414.2	2.49844e-06
414.3	2.49917e-06
414.4	2.49989e-06
414.5	2.50061e-06
414.6	2.50133e-06
414.7	2.50205e-06
414.8	2.50278e-06
414.9	2.5035e-06
415	2.50422e-06
415.1	2.50495e-06
415.2	2.50567e-06
415.3	2.50639e-06
415.4	2.50712e-06
415.5	2.50784e-06
415.6	2.50857e-06
415.7	2.50929e-06
415.8	2.51001e-06
415.9	2.51074e-06
416	2.5072e-06
416.1	2.49277e-06
416.2	2.47843e-06
416.3	2.46417e-06
416.4	2.44999e-06
416.5	2.43591e-06
416.6	2.42191e-06
416.7	2.40801e-06
416.8	2.3942e-06
416.9	2.38049e-06
417	2.36687e-06
417.1	2.35335e-06
417.2	2.33993e-06
417.3	2.32661e-06
417.4	2.31339e-06
417.5	2.30028e-06
417.6	2.28728e-06
417.7	2.27438e-06
417.8	2.2616e-06
417.9	2.24892e-06
418	2.23637e-06
418.1	2.22393e-06
418.2	2.2116e-06
418.3	2.1994e-06
418.4	2.18732e-06
418.5	2.17536e-06
418.6	2.16354e-06
418.7	2.15183e-06
418.8	2.13742e-06
418.9	2.11536e-06
419	2.09382e-06
419.1	2.07282e-06
419.2	2.05238e-06
419.3	2.0325e-06
419.4	2.01321e-06
419.5	1.99452e-06
419.6	1.97645e-06
419.7	1.95902e-06
419.8	1.94224e-06
419.9	1.92614e-06
420	1.91073e-06
420.1	1.89602e-06
420.2	1.88203e-06
420.3	1.86878e-06
420.4	1.85629e-06
420.5	1.84457e-06
420.6	1.83363e-06
420.7	1.82349e-06
420.8	1.81405e-06
420.9	1.80381e-06
421	1.79482e-06
421.1	1.78709e-06
421.2	1.78064e-06
421.3	1.77549e-06
421.4	1.77164e-06
421.5	1.7691e-06
421.6	1.76788e-06
421.7	1.76799e-06
421.8	1.76942e-06
421.9	1.77216e-06
422	1.77622e-06
422.1	1.78158e-06
422.2	1.78823e-06
422.3	1.79616e-06
422.4	1.80535e-06
422.5	1.81578e-06
422.6	1.82526e-06
422.7	1.83552e-06
422.8	1.84657e-06
422.9	1.8584e-06
423	1.87099e-06
423.1	1.88432e-06
423.2	1.89839e-06
423.3	1.91318e-06
423.4	1.92866e-06
423.5	1.94483e-06
423.6	1.96166e-06
423.7	1.97914e-06
423.8	1.99725e-06
423.9	2.01598e-06
424	2.0353e-06
424.1	2.05521e-06
424.2	2.07568e-06
424.3	2.0967e-06
424.4	2.11824e-06
424.5	2.14031e-06
424.6	2.15468e-06
424.7	2.16633e-06
424.8	2.17811e-06
424.9	2.19001e-06
425	2.20203e-06
425.1	2.21417e-06
425.2	2.22643e-06
425.3	2.23881e-06
425.4	2.2513e-06
425.5	2.2639e-06
425.6	2.27661e-06
425.7	2.28944e-06
425.8	2.30237e-06
425.9	2.3154e-06
426	2.32854e-06
426.1	2.34178e-06
426.2	2.35512e-06
426.3	2.36856e-06
426.4	2.38209e-06
426.5	2.39572e-06
426.6	2.40944e-06
426.7	2.42326e-06
426.8	2.43716e-06
426.9	2.45115e-06
427	2.46523e-06
427.1	2.4794e-06
427.2	2.49365e-06
427.3	2.50798e-06
427.4	2.51224e-06
427.5	2.51141e-06
427.6	2.51059e-06
427.7	2.50976e-06
427.8	2.50893e-06
427.9	2.5081e-06
428	2.50727e-06
428.1	2.50644e-06
428.2	2.50562e-06
428.3	2.50479e-06
428.4	2.50396e-06
428.5	2.50314e-06
428.6	2.50231e-06
428.7	2.50148e-06
428.8	2.50066e-06
428.9	2.49983e-06
429	2.49901e-06
429.1	2.49818e-06
429.2	2.49736e-06
429.3	2.49653e-06
429.4	2.49571e-06
429.5	2.49489e-06
429.6	2.49406e-06
429.7	2.49324e-06
429.8	2.49242e-06
429.9	2.49159e-06
430	2.49077e-06
430.1	2.48995e-06
430.2	2.48913e-06
430.3	2.4883e-06
430.4	2.48748e-06
430.5	2.48666e-06
430.6	2.48369e-06
430.7	2.4679e-06
430.8	2.45222e-06
430.9	2.43664e-06
431	2.42118e-06
431.1	2.40582e-06
431.2	2.39058e-06
431.3	2.37546e-06
431.4	2.36045e-06
431.5	2.34557e-06
431.6	2.33081e-06
431.7	2.31617e-06
431.8	2.30167e-06
431.9	2.28729e-06
432	2.27305e-06
432.1	2.25894e-06
432.2	2.24497e-06
432.3	2.23114e-06
432.4	2.21745e-06
432.5	2.20391e-06
432.6	2.19051e-06
432.7	2.17727e-06
432.8	2.16418e-06
432.9	2.15125e-06
433	2.13848e-06
433.1	2.12587e-06
433.2	2.11343e-06
433.3	2.10115e-06
433.4	2.07953e-06
433.5	2.0581e-06
433.6	2.03729e-06
433.7	2.0171e-06
433.8	1.99756e-06
433.9	1.97869e-06
434	1.9605e-06
434.1	1.94302e-06
434.2	1.92626e-06
434.3	1.91025e-06
434.4	1.895e-06
434.5	1.88054e-06
434.6	1.86687e-06
434.7	1.85402e-06
434.8	1.842e-06
434.9	1.83084e-06
435	1.82054e-06
435.1	1.81112e-06
435.2	1.8026e-06
435.3	1.79456e-06
435.4	1.78689e-06
435.5	1.78049e-06
435.6	1.77538e-06
435.7	1.77157e-06
435.8	1.76906e-06
435.9	1.76787e-06
436	1.768e-06
436.1	1.76944e-06
436.2	1.7722e-06
436.3	1.77626e-06
436.4	1.78162e-06
436.5	1.78826e-06
436.6	1.79618e-06
436.7	1.80535e-06
436.8	1.81576e-06
436.9	1.82738e-06
437	1.8395e-06
437.1	1.85034e-06
437.2	1.86189e-06
437.3	1.87414e-06
437.4	1.88706e-06
437.5	1.90066e-06
437.6	1.91491e-06
437.7	1.9298e-06
437.8	1.94532e-06
437.9	1.96144e-06
438	1.97816e-06
438.1	1.99546e-06
438.2	2.01332e-06
438.3	2.03174e-06
438.4	2.05069e-06
438.5	2.07016e-06
438.6	2.09014e-06
438.7	2.11061e-06
438.8	2.13156e-06
438.9	2.15297e-06
439	2.17483e-06
439.1	2.1931e-06
439.2	2.20386e-06
439.3	2.21472e-06
439.4	2.22567e-06
439.5	2.23672e-06
439.6	2.24785e-06
439.7	2.25908e-06
439.8	2.2704e-06
439.9	2.2818e-06
440	2.29329e-06
440.1	2.30486e-06
440.2	2.31652e-06
440.3	2.32826e-06
440.4	2.34008e-06
440.5	2.35198e-06
440.6	2.36396e-06
440.7	2.37602e-06
440.8	2.38815e-06
440.9	2.40036e-06
441	2.41264e-06
441.1	2.425e-06
441.2	2.43743e-06
441.3	2.44992e-06
441.4	2.46249e-06
441.5	2.47513e-06
441.6	2.48783e-06
441.7	2.5006e-06
441.8	2.51344e-06
441.9	2.52634e-06
442	2.53208e-06
442.1	2.52968e-06
442.2	2.52728e-06
442.3	2.52488e-06
442.4	2.52249e-06
442.5	2.52009e-06
442.6	2.5177e-06
442.7	2.51531e-06
442.8	2.51293e-06
442.9	2.51055e-06
443	2.50816e-06
443.1	2.50578e-06
443.2	2.50341e-06
443.3	2.50103e-06
443.4	2.49866e-06
443.5	2.49629e-06
443.6	2.49392e-06
443.7	2.49156e-06
443.8	2.48919e-06
443.9	2.48683e-06
444	2.48447e-06
444.1	2.48211e-06
444.2	2.47976e-06
444.3	2.47741e-06
444.4	2.47506e-06
444.5	2.47271e-06
444.6	2.47037e-06
444.7	2.46802e-06
444.8	2.46568e-06
444.9	2.46334e-06
445	2.46101e-06
445.1	2.45868e-06
445.2	2.45529e-06
445.3	2.43823e-06
445.4	2.4213e-06
445.5	2.4045e-06
445.6	2.38784e-06
445.7	2.37132e-06
445.8	2.35495e-06
445.9	2.33872e-06
446	2.32264e-06
446.1	2.30671e-06
446.2	2.29093e-06
446.3	2.27531e-06
446.4	2.25986e-06
446.5	2.24457e-06
446.6	2.22945e-06
446.7	2.2145e-06
446.8	2.19972e-06
446.9	2.18513e-06
447	2.17071e-06
447.1	2.15649e-06
447.2	2.14245e-06
447.3	2.1286e-06
447.4	2.11496e-06
447.5	2.10151e-06
447.6	2.08827e-06
447.7	2.07524e-06
447.8	2.06242e-06
447.9	2.04306e-06
448	2.022e-06
448.1	2.00162e-06
448.2	1.98196e-06
448.3	1.96302e-06
448.4	1.94484e-06
448.5	1.92744e-06
448.6	1.91083e-06
448.7	1.89503e-06
448.8	1.88007e-06
448.9	1.86597e-06
449	1.85275e-06
449.1	1.84042e-06
449.2	1.829e-06
449.3	1.81852e-06
449.4	1.80898e-06
449.5	1.8004e-06
449.6	1.7928e-06
449.7	1.78619e-06
449.8	1.78015e-06
449.9	1.77515e-06
450	1.77142e-06
450.1	1.76899e-06
450.2	1.76786e-06
450.3	1.76802e-06
450.4	1.76949e-06
450.5	1.77225e-06
450.6	1.7763e-06
450.7	1.78163e-06
450.8	1.78823e-06
450.9	1.79609e-06
451	1.80519e-06
451.1	1.81551e-06
451.2	1.82702e-06
451.3	1.83972e-06
451.4	1.85357e-06
451.5	1.86679e-06
451.6	1.87871e-06
451.7	1.89125e-06
451.8	1.90439e-06
451.9	1.91813e-06
452	1.93244e-06
452.1	1.94732e-06
452.2	1.96275e-06
452.3	1.97872e-06
452.4	1.99521e-06
452.5	2.01222e-06
452.6	2.02973e-06
452.7	2.04773e-06
452.8	2.06621e-06
452.9	2.08514e-06
453	2.10453e-06
453.1	2.12436e-06
453.2	2.14461e-06
453.3	2.16527e-06
453.4	2.18634e-06
453.5	2.20779e-06
453.6	2.22963e-06
453.7	2.24116e-06
453.8	2.25099e-06
453.9	2.26089e-06
454	2.27085e-06
454.1	2.28089e-06
454.2	2.29099e-06
454.3	2.30115e-06
454.4	2.31139e-06
454.5	2.32168e-06
454.6	2.33204e-06
454.7	2.34246e-06
454.8	2.35294e-06
454.9	2.36349e-06
455	2.37409e-06
455.1	2.38476e-06
455.2	2.39548e-06
455.3	2.40626e-06
455.4	2.4171e-06
455.5	2.42799e-06
455.6	2.43894e-06
455.7	2.44994e-06
455.8	2.461e-06
455.9	2.47211e-06
456	2.48327e-06
456.1	2.49448e-06
456.2	2.50575e-06
456.3	2.51706e-06
456.4	2.52843e-06
456.5	2.53984e-06
456.6	2.54775e-06
456.7	2.54376e-06
456.8	2.53977e-06
456.9	2.5358e-06
457	2.53183e-06
457.1	2.52786e-06
457.2	2.5239e-06
457.3	2.51995e-06
457.4	2.516e-06
457.5	2.51206e-06
457.6	2.50812e-06
457.7	2.50419e-06
457.8	2.50027e-06
457.9	2.49635e-06
458	2.49244e-06
458.1	2.48853e-06
458.2	2.48463e-06
458.3	2.48074e-06
458.4	2.47686e-06
458.5	2.47298e-06
458.6	2.4691e-06
458.7	2.46523e-06
458.8	2.46137e-06
458.9	2.45752e-06
459	2.45367e-06
459.1	2.44983e-06
459.2	2.446e-06
459.3	2.44217e-06
459.4	2.43835e-06
459.5	2.43453e-06
459.6	2.43072e-06
459.7	2.42692e-06
459.8	2.42206e-06
459.9	2.40383e-06
460	2.38577e-06
460.1	2.36787e-06
460.2	2.35014e-06
460.3	2.33259e-06
460.4	2.31521e-06
460.5	2.29801e-06
460.6	2.28099e-06
460.7	2.26417e-06
460.8	2.24753e-06
460.9	2.2311e-06
461	2.21487e-06
461.1	2.19884e-06
461.2	2.18302e-06
461.3	2.16742e-06
461.4	2.15204e-06
461.5	2.13688e-06
461.6	2.12195e-06
461.7	2.10726e-06
461.8	2.09281e-06
461.9	2.0786e-06
462	2.06464e-06
462.1	2.05093e-06
462.2	2.03749e-06
462.3	2.02431e-06
462.4	2.00642e-06
462.5	1.98599e-06
462.6	1.96634e-06
462.7	1.94747e-06
462.8	1.92943e-06
462.9	1.91223e-06
463	1.89589e-06
463.1	1.88044e-06
463.2	1.8659e-06
463.3	1.8523e-06
463.4	1.83964e-06
463.5	1.82795e-06
463.6	1.81725e-06
463.7	1.80757e-06
463.8	1.7989e-06
463.9	1.79127e-06
464	1.7847e-06
464.1	1.77919e-06
464.2	1.77475e-06
464.3	1.77117e-06
464.4	1.76887e-06
464.5	1.76783e-06
464.6	1.76807e-06
464.7	1.76958e-06
464.8	1.77236e-06
464.9	1.7764e-06
465	1.7817e-06
465.1	1.78824e-06
465.2	1.79601e-06
465.3	1.80499e-06
465.4	1.81517e-06
465.5	1.82653e-06
465.6	1.83904e-06
465.7	1.85268e-06
465.8	1.86743e-06
465.9	1.88326e-06
466	1.8971e-06
466.1	1.90981e-06
466.2	1.92304e-06
466.3	1.93679e-06
466.4	1.95105e-06
466.5	1.9658e-06
466.6	1.98104e-06
466.7	1.99675e-06
466.8	2.01291e-06
466.9	2.02953e-06
467	2.04659e-06
467.1	2.06408e-06
467.2	2.08198e-06
467.3	2.1003e-06
467.4	2.119e-06
467.5	2.1381e-06
467.6	2.15757e-06
467.7	2.1774e-06
467.8	2.19759e-06
467.9	2.21813e-06
468	2.23901e-06
468.1	2.26021e-06
468.2	2.27814e-06
468.3	2.28684e-06
468.4	2.29559e-06
468.5	2.30439e-06
468.6	2.31323e-06
468.7	2.32213e-06
468.8	2.33107e-06
468.9	2.34006e-06
469	2.34909e-06
469.1	2.35817e-06
469.2	2.36729e-06
469.3	2.37646e-06
469.4	2.38568e-06
469.5	2.39493e-06
469.6	2.40423e-06
469.7	2.41357e-06
469.8	2.42296e-06
469.9	2.43238e-06
470	2.44185e-06
470.1	2.45136e-06
470.2	2.46091e-06
470.3	2.47049e-06
470.4	2.48012e-06
470.5	2.48979e-06
470.6	2.49949e-06
470.7	2.50923e-06
470.8	2.51901e-06
470.9	2.52883e-06
471	2.53868e-06
471.1	2.54857e-06
471.2	2.55849e-06
471.3	2.55354e-06
471.4	2.54797e-06
471.5	2.54241e-06
471.6	2.53685e-06
471.7	2.53131e-06
471.8	2.52579e-06
471.9	2.52027e-06
472	2.51476e-06
472.1	2.50927e-06
472.2	2.50379e-06
472.3	2.49832e-06
472.4	2.49286e-06
472.5	2.48742e-06
472.6	2.48198e-06
472.7	2.47656e-06
472.8	2.47115e-06
472.9	2.46576e-06
473	2.46037e-06
473.1	2.455e-06
473.2	2.44964e-06
473.3	2.4443e-06
473.4	2.43897e-06
473.5	2.43364e-06
473.6	2.42834e-06
473.7	2.42304e-06
473.8	2.41776e-06
473.9	2.41249e-06
474	2.40724e-06
474.1	2.402e-06
474.2	2.39677e-06
474.3	2.39156e-06
474.4	2.38414e-06
474.5	2.36489e-06
474.6	2.34583e-06
474.7	2.32697e-06
474.8	2.30832e-06
474.9	2.28988e-06
475	2.27166e-06
475.1	2.25366e-06
475.2	2.23588e-06
475.3	2.21834e-06
475.4	2.20104e-06
475.5	2.18398e-06
475.6	2.16717e-06
475.7	2.15062e-06
475.8	2.13432e-06
475.9	2.1183e-06
476	2.10254e-06
476.1	2.08707e-06
476.2	2.07188e-06
476.3	2.05699e-06
476.4	2.04239e-06
476.5	2.0281e-06
476.6	2.01412e-06
476.7	2.00046e-06
476.8	1.98713e-06
476.9	1.97016e-06
477	1.95065e-06
477.1	1.932e-06
477.2	1.91423e-06
477.3	1.89738e-06
477.4	1.88145e-06
477.5	1.86648e-06
477.6	1.85249e-06
477.7	1.83949e-06
477.8	1.82753e-06
477.9	1.8166e-06
478	1.80674e-06
478.1	1.79796e-06
478.2	1.79027e-06
478.3	1.78369e-06
478.4	1.77824e-06
478.5	1.77391e-06
478.6	1.77073e-06
478.7	1.76868e-06
478.8	1.76779e-06
478.9	1.76815e-06
479	1.76974e-06
479.1	1.77257e-06
479.2	1.77662e-06
479.3	1.78189e-06
479.4	1.78837e-06
479.5	1.79604e-06
479.6	1.8049e-06
479.7	1.81491e-06
479.8	1.82607e-06
479.9	1.83835e-06
480	1.85173e-06
480.1	1.86618e-06
480.2	1.88169e-06
480.3	1.89822e-06
480.4	1.91576e-06
480.5	1.92988e-06
480.6	1.94309e-06
480.7	1.95674e-06
480.8	1.97083e-06
480.9	1.98535e-06
481	2.00029e-06
481.1	2.01563e-06
481.2	2.03137e-06
481.3	2.04751e-06
481.4	2.06402e-06
481.5	2.08091e-06
481.6	2.09816e-06
481.7	2.11576e-06
481.8	2.13371e-06
481.9	2.152e-06
482	2.17062e-06
482.1	2.18955e-06
482.2	2.2088e-06
482.3	2.22835e-06
482.4	2.24819e-06
482.5	2.26833e-06
482.6	2.28874e-06
482.7	2.30943e-06
482.8	2.32221e-06
482.9	2.32973e-06
483	2.33728e-06
483.1	2.34487e-06
483.2	2.35249e-06
483.3	2.36014e-06
483.4	2.36782e-06
483.5	2.37553e-06
483.6	2.38327e-06
483.7	2.39105e-06
483.8	2.39886e-06
483.9	2.40669e-06
484	2.41456e-06
484.1	2.42245e-06
484.2	2.43038e-06
484.3	2.43833e-06
484.4	2.44631e-06
484.5	2.45433e-06
484.6	2.46237e-06
484.7	2.47043e-06
484.8	2.47853e-06
484.9	2.48665e-06
485	2.4948e-06
485.1	2.50298e-06
485.2	2.51118e-06
485.3	2.51941e-06
485.4	2.52767e-06
485.5	2.53595e-06
485.6	2.54426e-06
485.7	2.55259e-06
485.8	2.56095e-06
485.9	2.55891e-06
486	2.55175e-06
486.1	2.54461e-06
486.2	2.53748e-06
486.3	2.53038e-06
486.4	2.52329e-06
486.5	2.51622e-06
486.6	2.50917e-06
486.7	2.50214e-06
486.8	2.49513e-06
486.9	2.48814e-06
487	2.48117e-06
487.1	2.47422e-06
487.2	2.46729e-06
487.3	2.46038e-06
487.4	2.4535e-06
487.5	2.44663e-06
487.6	2.43978e-06
487.7	2.43296e-06
487.8	2.42615e-06
487.9	2.41937e-06
488	2.41261e-06
488.1	2.40587e-06
488.2	2.39915e-06
488.3	2.39246e-06
488.4	2.38579e-06
488.5	2.37914e-06
488.6	2.37251e-06
488.7	2.36591e-06
488.8	2.35933e-06
488.9	2.35277e-06
489	2.34176e-06
489.1	2.32164e-06
489.2	2.30175e-06
489.3	2.28211e-06
489.4	2.26272e-06
489.5	2.24358e-06
489.6	2.22471e-06
489.7	2.20611e-06
489.8	2.18779e-06
489.9	2.16975e-06
490	2.152e-06
490.1	2.13455e-06
490.2	2.1174e-06
490.3	2.10057e-06
490.4	2.08407e-06
490.5	2.06789e-06
490.6	2.05204e-06
490.7	2.03654e-06
490.8	2.0214e-06
490.9	2.00661e-06
491	1.99219e-06
491.1	1.97815e-06
491.2	1.96449e-06
491.3	1.95123e-06
491.4	1.93489e-06
491.5	1.9166e-06
491.6	1.89925e-06
491.7	1.88287e-06
491.8	1.8675e-06
491.9	1.85314e-06
492	1.83982e-06
492.1	1.82758e-06
492.2	1.81642e-06
492.3	1.80637e-06
492.4	1.79745e-06
492.5	1.78968e-06
492.6	1.78307e-06
492.7	1.77762e-06
492.8	1.77337e-06
492.9	1.7703e-06
493	1.76843e-06
493.1	1.76777e-06
493.2	1.7683e-06
493.3	1.77003e-06
493.4	1.77294e-06
493.5	1.77703e-06
493.6	1.7823e-06
493.7	1.78873e-06
493.8	1.79631e-06
493.9	1.80503e-06
494	1.81486e-06
494.1	1.8258e-06
494.2	1.83782e-06
494.3	1.8509e-06
494.4	1.86502e-06
494.5	1.88015e-06
494.6	1.89627e-06
494.7	1.91336e-06
494.8	1.93139e-06
494.9	1.95034e-06
495	1.96463e-06
495.1	1.97808e-06
495.2	1.99189e-06
495.3	2.00607e-06
495.4	2.0206e-06
495.5	2.03549e-06
495.6	2.05071e-06
495.7	2.06627e-06
495.8	2.08216e-06
495.9	2.09837e-06
496	2.11488e-06
496.1	2.13171e-06
496.2	2.14883e-06
496.3	2.16624e-06
496.4	2.18394e-06
496.5	2.20191e-06
496.6	2.22015e-06
496.7	2.23865e-06
496.8	2.25742e-06
496.9	2.27643e-06
497	2.29569e-06
497.1	2.31518e-06
497.2	2.33491e-06
497.3	2.35486e-06
497.4	2.36329e-06
497.5	2.36953e-06
497.6	2.37579e-06
497.7	2.38207e-06
497.8	2.38837e-06
497.9	2.39469e-06
498	2.40103e-06
498.1	2.40739e-06
498.2	2.41377e-06
498.3	2.42016e-06
498.4	2.42658e-06
498.5	2.43302e-06
498.6	2.43948e-06
498.7	2.44595e-06
498.8	2.45245e-06
498.9	2.45896e-06
499	2.46549e-06
499.1	2.47204e-06
499.2	2.47861e-06
499.3	2.4852e-06
499.4	2.4918e-06
499.5	2.49843e-06
499.6	2.50507e-06
499.7	2.51172e-06
499.8	2.5184e-06
499.9	2.52509e-06
