0	2.5e-06
0.1	2.5e-06
0.2	2.5e-06
0.3	2.5e-06
0.4	2.5e-06
0.5	2.5e-06
0.6	2.5e-06
0.7	2.5e-06
0.8	2.5e-06
0.9	2.5e-06
1	2.5e-06
1.1	2.5e-06
1.2	2.5e-06
1.3	2.5e-06
1.4	2.5e-06
1.5	2.5e-06
1.6	2.5e-06
1.7	2.49199e-06
1.8	2.47984e-06
1.9	2.46775e-06
2	2.45573e-06
2.1	2.44376e-06
2.2	2.43186e-06
2.3	2.42003e-06
2.4	2.40826e-06
2.5	2.39656e-06
2.6	2.38493e-06
2.7	2.37337e-06
2.8	2.36187e-06
2.9	2.35045e-06
3	2.3391e-06
3.1	2.32782e-06
3.2	2.31661e-06
3.3	2.30548e-06
3.4	2.29443e-06
3.5	2.28345e-06
3.6	2.27256e-06
3.7	2.26174e-06
3.8	2.251e-06
3.9	2.24034e-06
4	2.22977e-06
4.1	2.21928e-06
4.2	2.20888e-06
4.3	2.19856e-06
4.4	2.18833e-06
4.5	2.1767e-06
4.6	2.15746e-06
4.7	2.13856e-06
4.8	2.12001e-06
4.9	2.10182e-06
5	2.08401e-06
5.1	2.06659e-06
5.2	2.04955e-06
5.3	2.03291e-06
5.4	2.01669e-06
5.5	2.00089e-06
5.6	1.98552e-06
5.7	1.97059e-06
5.8	1.95612e-06
5.9	1.94211e-06
6	1.92856e-06
6.1	1.91551e-06
6.2	1.90294e-06
6.3	1.89088e-06
6.4	1.87932e-06
6.5	1.86829e-06
6.6	1.85778e-06
6.7	1.84508e-06
6.8	1.83328e-06
6.9	1.82242e-06
7	1.8125e-06
7.1	1.80353e-06
7.2	1.79555e-06
7.3	1.78855e-06
7.4	1.78255e-06
7.5	1.77756e-06
7.6	1.77359e-06
7.7	1.77064e-06
7.8	1.76872e-06
7.9	1.76783e-06
8	1.76798e-06
8.1	1.76917e-06
8.2	1.77138e-06
8.3	1.77463e-06
8.4	1.77863e-06
8.5	1.78346e-06
8.6	1.78917e-06
8.7	1.79574e-06
8.8	1.80317e-06
8.9	1.81144e-06
9	1.82055e-06
9.1	1.83048e-06
9.2	1.84121e-06
9.3	1.85274e-06
9.4	1.86505e-06
9.5	1.87813e-06
9.6	1.89195e-06
9.7	1.9065e-06
9.8	1.92177e-06
9.9	1.93773e-06
10	1.95438e-06
10.1	1.97169e-06
10.2	1.9869e-06
10.3	1.99915e-06
10.4	2.01167e-06
10.5	2.02447e-06
10.6	2.03752e-06
10.7	2.05084e-06
10.8	2.06442e-06
10.9	2.07824e-06
11	2.09231e-06
11.1	2.10662e-06
11.2	2.12116e-06
11.3	2.13593e-06
11.4	2.15093e-06
11.5	2.16615e-06
11.6	2.18159e-06
11.7	2.19724e-06
11.8	2.2131e-06
11.9	2.22915e-06
12	2.24541e-06
12.1	2.26186e-06
12.2	2.2785e-06
12.3	2.29533e-06
12.4	2.31234e-06
12.5	2.32953e-06
12.6	2.34494e-06
12.7	2.35126e-06
12.8	2.3576e-06
12.9	2.36396e-06
13	2.37034e-06
13.1	2.37674e-06
13.2	2.38317e-06
13.3	2.38962e-06
13.4	2.39608e-06
13.5	2.40257e-06
13.6	2.40908e-06
13.7	2.41561e-06
13.8	2.42216e-06
13.9	2.42873e-06
14	2.43532e-06
14.1	2.44193e-06
14.2	2.44856e-06
14.3	2.45521e-06
14.4	2.46188e-06
14.5	2.46857e-06
14.6	2.47528e-06
14.7	2.48201e-06
14.8	2.48875e-06
14.9	2.49552e-06
15	2.5023e-06
15.1	2.5091e-06
15.2	2.51592e-06
15.3	2.52276e-06
15.4	2.52961e-06
15.5	2.53648e-06
15.6	2.54337e-06
15.7	2.55028e-06
15.8	2.54589e-06
15.9	2.54034e-06
16	2.53479e-06
16.1	2.52926e-06
16.2	2.52375e-06
16.3	2.51824e-06
16.4	2.51275e-06
16.5	2.50726e-06
16.6	2.50179e-06
16.7	2.49633e-06
16.8	2.49088e-06
16.9	2.48545e-06
17	2.48002e-06
17.1	2.47461e-06
17.2	2.46922e-06
17.3	2.46383e-06
17.4	2.45845e-06
17.5	2.45309e-06
17.6	2.44774e-06
17.7	2.44241e-06
17.8	2.43709e-06
17.9	2.43178e-06
18	2.42648e-06
18.1	2.42119e-06
18.2	2.41592e-06
18.3	2.41066e-06
18.4	2.40542e-06
18.5	2.40019e-06
18.6	2.39497e-06
18.7	2.38977e-06
18.8	2.38458e-06
18.9	2.37766e-06
19	2.36116e-06
19.1	2.34481e-06
19.2	2.32862e-06
19.3	2.31257e-06
19.4	2.29668e-06
19.5	2.28094e-06
19.6	2.26537e-06
19.7	2.24997e-06
19.8	2.23473e-06
19.9	2.21966e-06
20	2.20477e-06
20.1	2.19006e-06
20.2	2.17553e-06
20.3	2.16118e-06
20.4	2.14703e-06
20.5	2.13307e-06
20.6	2.11931e-06
20.7	2.10574e-06
20.8	2.09239e-06
20.9	2.07924e-06
21	2.06631e-06
21.1	2.05359e-06
21.2	2.0411e-06
21.3	2.02883e-06
21.4	2.01646e-06
21.5	1.9981e-06
21.6	1.98033e-06
21.7	1.96316e-06
21.8	1.94662e-06
21.9	1.93071e-06
22	1.91545e-06
22.1	1.90086e-06
22.2	1.88696e-06
22.3	1.87375e-06
22.4	1.86126e-06
22.5	1.8495e-06
22.6	1.83847e-06
22.7	1.82821e-06
22.8	1.81871e-06
22.9	1.80999e-06
23	1.80207e-06
23.1	1.79494e-06
23.2	1.78863e-06
23.3	1.78299e-06
23.4	1.77788e-06
23.5	1.77381e-06
23.6	1.77078e-06
23.7	1.76879e-06
23.8	1.76785e-06
23.9	1.76796e-06
24	1.76912e-06
24.1	1.77133e-06
24.2	1.77459e-06
24.3	1.77888e-06
24.4	1.78421e-06
24.5	1.79055e-06
24.6	1.79791e-06
24.7	1.80627e-06
24.8	1.81561e-06
24.9	1.82593e-06
25	1.83676e-06
25.1	1.8465e-06
25.2	1.85683e-06
25.3	1.86776e-06
25.4	1.87926e-06
25.5	1.89134e-06
25.6	1.90397e-06
25.7	1.91715e-06
25.8	1.93086e-06
25.9	1.9451e-06
26	1.95985e-06
26.1	1.9751e-06
26.2	1.99084e-06
26.3	2.00706e-06
26.4	2.02374e-06
26.5	2.04088e-06
26.6	2.05847e-06
26.7	2.07648e-06
26.8	2.09492e-06
26.9	2.11377e-06
27	2.13302e-06
27.1	2.14653e-06
27.2	2.15743e-06
27.3	2.16845e-06
27.4	2.17959e-06
27.5	2.19083e-06
27.6	2.20218e-06
27.7	2.21363e-06
27.8	2.2252e-06
27.9	2.23686e-06
28	2.24863e-06
28.1	2.2605e-06
28.2	2.27247e-06
28.3	2.28453e-06
28.4	2.29669e-06
28.5	2.30895e-06
28.6	2.3213e-06
28.7	2.33374e-06
28.8	2.34627e-06
28.9	2.35889e-06
29	2.37159e-06
29.1	2.38438e-06
29.2	2.39726e-06
29.3	2.41022e-06
29.4	2.42326e-06
29.5	2.43638e-06
29.6	2.44957e-06
29.7	2.46285e-06
29.8	2.4762e-06
29.9	2.47763e-06
30	2.47895e-06
30.1	2.48026e-06
30.2	2.48158e-06
30.3	2.48289e-06
30.4	2.48421e-06
30.5	2.48553e-06
30.6	2.48684e-06
30.7	2.48816e-06
30.8	2.48948e-06
30.9	2.4908e-06
31	2.49212e-06
31.1	2.49344e-06
31.2	2.49477e-06
31.3	2.49609e-06
31.4	2.49741e-06
31.5	2.49874e-06
31.6	2.50006e-06
31.7	2.50139e-06
31.8	2.50271e-06
31.9	2.50404e-06
32	2.50537e-06
32.1	2.5067e-06
32.2	2.50802e-06
32.3	2.50935e-06
32.4	2.51069e-06
32.5	2.51202e-06
32.6	2.51335e-06
32.7	2.51468e-06
32.8	2.51601e-06
32.9	2.51735e-06
33	2.51868e-06
33.1	2.51557e-06
33.2	2.50462e-06
33.3	2.49372e-06
33.4	2.48287e-06
33.5	2.47206e-06
33.6	2.4613e-06
33.7	2.4506e-06
33.8	2.43994e-06
33.9	2.42933e-06
34	2.41878e-06
34.1	2.40828e-06
34.2	2.39783e-06
34.3	2.38744e-06
34.4	2.3771e-06
34.5	2.36681e-06
34.6	2.35659e-06
34.7	2.34641e-06
34.8	2.3363e-06
34.9	2.32625e-06
35	2.31625e-06
35.1	2.30631e-06
35.2	2.29644e-06
35.3	2.28662e-06
35.4	2.27687e-06
35.5	2.26718e-06
35.6	2.25756e-06
35.7	2.24799e-06
35.8	2.2385e-06
35.9	2.22907e-06
36	2.21871e-06
36.1	2.19968e-06
36.2	2.18095e-06
36.3	2.16252e-06
36.4	2.1444e-06
36.5	2.12661e-06
36.6	2.10914e-06
36.7	2.092e-06
36.8	2.07521e-06
36.9	2.05877e-06
37	2.04269e-06
37.1	2.02698e-06
37.2	2.01165e-06
37.3	1.9967e-06
37.4	1.98215e-06
37.5	1.968e-06
37.6	1.95427e-06
37.7	1.94095e-06
37.8	1.92807e-06
37.9	1.91562e-06
38	1.90363e-06
38.1	1.89209e-06
38.2	1.88012e-06
38.3	1.86615e-06
38.4	1.85303e-06
38.5	1.8408e-06
38.6	1.82946e-06
38.7	1.81903e-06
38.8	1.80953e-06
38.9	1.80097e-06
39	1.79337e-06
39.1	1.78673e-06
39.2	1.78108e-06
39.3	1.77642e-06
39.4	1.77275e-06
39.5	1.77008e-06
39.6	1.76842e-06
39.7	1.76778e-06
39.8	1.76814e-06
39.9	1.76951e-06
40	1.77181e-06
40.1	1.77503e-06
40.2	1.77917e-06
40.3	1.78424e-06
40.4	1.79022e-06
40.5	1.7971e-06
40.6	1.80488e-06
40.7	1.81355e-06
40.8	1.82308e-06
40.9	1.83347e-06
41	1.8447e-06
41.1	1.85676e-06
41.2	1.86963e-06
41.3	1.88329e-06
41.4	1.89774e-06
41.5	1.91294e-06
41.6	1.92888e-06
41.7	1.94555e-06
41.8	1.95815e-06
41.9	1.97046e-06
42	1.9831e-06
42.1	1.99606e-06
42.2	2.00933e-06
42.3	2.0229e-06
42.4	2.03678e-06
42.5	2.05096e-06
42.6	2.06542e-06
42.7	2.08017e-06
42.8	2.09519e-06
42.9	2.11049e-06
43	2.12604e-06
43.1	2.14186e-06
43.2	2.15794e-06
43.3	2.17426e-06
43.4	2.19082e-06
43.5	2.20762e-06
43.6	2.22465e-06
43.7	2.24191e-06
43.8	2.25939e-06
43.9	2.27708e-06
44	2.29499e-06
44.1	2.30866e-06
44.2	2.31605e-06
44.3	2.32348e-06
44.4	2.33094e-06
44.5	2.33843e-06
44.6	2.34595e-06
44.7	2.3535e-06
44.8	2.36109e-06
44.9	2.36871e-06
45	2.37636e-06
45.1	2.38403e-06
45.2	2.39174e-06
45.3	2.39948e-06
45.4	2.40725e-06
45.5	2.41505e-06
45.6	2.42288e-06
45.7	2.43073e-06
45.8	2.43862e-06
45.9	2.44653e-06
46	2.45447e-06
46.1	2.46244e-06
46.2	2.47044e-06
46.3	2.47846e-06
46.4	2.48651e-06
46.5	2.49459e-06
46.6	2.5027e-06
46.7	2.51083e-06
46.8	2.51898e-06
46.9	2.52716e-06
47	2.53537e-06
47.1	2.5436e-06
47.2	2.54298e-06
47.3	2.53878e-06
47.4	2.53458e-06
47.5	2.53039e-06
47.6	2.52621e-06
47.7	2.52203e-06
47.8	2.51786e-06
47.9	2.5137e-06
48	2.50955e-06
48.1	2.5054e-06
48.2	2.50126e-06
48.3	2.49712e-06
48.4	2.49299e-06
48.5	2.48887e-06
48.6	2.48476e-06
48.7	2.48065e-06
48.8	2.47655e-06
48.9	2.47245e-06
49	2.46837e-06
49.1	2.46429e-06
49.2	2.46021e-06
49.3	2.45615e-06
49.4	2.45209e-06
49.5	2.44804e-06
49.6	2.444e-06
49.7	2.43996e-06
49.8	2.43593e-06
49.9	2.43191e-06
50	2.4279e-06
50.1	2.42389e-06
50.2	2.41989e-06
50.3	2.4159e-06
50.4	2.40531e-06
50.5	2.38978e-06
50.6	2.37437e-06
50.7	2.35909e-06
50.8	2.34394e-06
50.9	2.32891e-06
51	2.31401e-06
51.1	2.29924e-06
51.2	2.28461e-06
51.3	2.27012e-06
51.4	2.25578e-06
51.5	2.24157e-06
51.6	2.22751e-06
51.7	2.2136e-06
51.8	2.19984e-06
51.9	2.18624e-06
52	2.1728e-06
52.1	2.15951e-06
52.2	2.14639e-06
52.3	2.13344e-06
52.4	2.12066e-06
52.5	2.10805e-06
52.6	2.09562e-06
52.7	2.08336e-06
52.8	2.07129e-06
52.9	2.05941e-06
53	2.0431e-06
53.1	2.02451e-06
53.2	2.00646e-06
53.3	1.98896e-06
53.4	1.97202e-06
53.5	1.95565e-06
53.6	1.93987e-06
53.7	1.9247e-06
53.8	1.91015e-06
53.9	1.89623e-06
54	1.88296e-06
54.1	1.87035e-06
54.2	1.85841e-06
54.3	1.84716e-06
54.4	1.83661e-06
54.5	1.82678e-06
54.6	1.81767e-06
54.7	1.80929e-06
54.8	1.80166e-06
54.9	1.79444e-06
55	1.78751e-06
55.1	1.78161e-06
55.2	1.77675e-06
55.3	1.77292e-06
55.4	1.77015e-06
55.5	1.76843e-06
55.6	1.76777e-06
55.7	1.76817e-06
55.8	1.76963e-06
55.9	1.77215e-06
56	1.77571e-06
56.1	1.78032e-06
56.2	1.78597e-06
56.3	1.79265e-06
56.4	1.80034e-06
56.5	1.80903e-06
56.6	1.81814e-06
56.7	1.82692e-06
56.8	1.83638e-06
56.9	1.84649e-06
57	1.85725e-06
57.1	1.86865e-06
57.2	1.88068e-06
57.3	1.89332e-06
57.4	1.90655e-06
57.5	1.92038e-06
57.6	1.93479e-06
57.7	1.94975e-06
57.8	1.96527e-06
57.9	1.98133e-06
58	1.99791e-06
58.1	2.015e-06
58.2	2.03259e-06
58.3	2.05067e-06
58.4	2.06922e-06
58.5	2.08823e-06
58.6	2.10399e-06
58.7	2.11543e-06
58.8	2.12701e-06
58.9	2.13873e-06
59	2.1506e-06
59.1	2.1626e-06
59.2	2.17474e-06
59.3	2.18701e-06
59.4	2.19941e-06
59.5	2.21194e-06
59.6	2.2246e-06
59.7	2.23738e-06
59.8	2.25029e-06
59.9	2.26331e-06
60	2.27646e-06
60.1	2.28972e-06
60.2	2.30309e-06
60.3	2.31658e-06
60.4	2.33017e-06
60.5	2.34388e-06
60.6	2.35769e-06
60.7	2.37161e-06
60.8	2.38563e-06
60.9	2.39975e-06
61	2.41397e-06
61.1	2.42829e-06
61.2	2.4427e-06
61.3	2.45039e-06
61.4	2.45298e-06
61.5	2.45558e-06
61.6	2.45819e-06
61.7	2.46079e-06
61.8	2.4634e-06
61.9	2.46601e-06
62	2.46863e-06
62.1	2.47125e-06
62.2	2.47387e-06
62.3	2.47649e-06
62.4	2.47912e-06
62.5	2.48175e-06
62.6	2.48438e-06
62.7	2.48702e-06
62.8	2.48965e-06
62.9	2.49229e-06
63	2.49494e-06
63.1	2.49758e-06
63.2	2.50023e-06
63.3	2.50289e-06
63.4	2.50554e-06
63.5	2.5082e-06
63.6	2.51086e-06
63.7	2.51352e-06
63.8	2.51619e-06
63.9	2.51886e-06
64	2.52153e-06
64.1	2.5242e-06
64.2	2.52688e-06
64.3	2.52956e-06
64.4	2.53224e-06
64.5	2.53356e-06
64.6	2.52386e-06
64.7	2.5142e-06
64.8	2.50458e-06
64.9	2.49499e-06
65	2.48544e-06
65.1	2.47592e-06
65.2	2.46644e-06
65.3	2.45701e-06
65.4	2.44761e-06
65.5	2.43825e-06
65.6	2.42893e-06
65.7	2.41965e-06
65.8	2.41041e-06
65.9	2.40121e-06
66	2.39205e-06
66.1	2.38293e-06
66.2	2.37386e-06
66.3	2.36483e-06
66.4	2.35585e-06
66.5	2.3469e-06
66.6	2.33801e-06
66.7	2.32915e-06
66.8	2.32034e-06
66.9	2.31158e-06
67	2.30287e-06
67.1	2.2942e-06
67.2	2.28558e-06
67.3	2.27701e-06
67.4	2.26848e-06
67.5	2.25859e-06
67.6	2.23997e-06
67.7	2.2216e-06
67.8	2.20349e-06
67.9	2.18565e-06
68	2.16807e-06
68.1	2.15078e-06
68.2	2.13377e-06
68.3	2.11705e-06
68.4	2.10063e-06
68.5	2.08452e-06
68.6	2.06872e-06
68.7	2.05324e-06
68.8	2.03809e-06
68.9	2.02327e-06
69	2.00879e-06
69.1	1.99467e-06
69.2	1.9809e-06
69.3	1.96749e-06
69.4	1.95446e-06
69.5	1.94181e-06
69.6	1.92954e-06
69.7	1.91767e-06
69.8	1.90387e-06
69.9	1.88881e-06
70	1.87454e-06
70.1	1.8611e-06
70.2	1.8485e-06
70.3	1.83676e-06
70.4	1.82589e-06
70.5	1.81592e-06
70.6	1.80685e-06
70.7	1.79869e-06
70.8	1.79147e-06
70.9	1.78519e-06
71	1.77986e-06
71.1	1.7755e-06
71.2	1.7721e-06
71.3	1.76968e-06
71.4	1.76823e-06
71.5	1.76777e-06
71.6	1.76828e-06
71.7	1.76977e-06
71.8	1.77223e-06
71.9	1.77567e-06
72	1.78006e-06
72.1	1.78542e-06
72.2	1.79172e-06
72.3	1.79896e-06
72.4	1.80712e-06
72.5	1.81621e-06
72.6	1.82619e-06
72.7	1.83706e-06
72.8	1.84879e-06
72.9	1.86139e-06
73	1.87482e-06
73.1	1.88906e-06
73.2	1.90411e-06
73.3	1.91884e-06
73.4	1.93067e-06
73.5	1.94289e-06
73.6	1.95549e-06
73.7	1.96847e-06
73.8	1.98181e-06
73.9	1.99551e-06
74	2.00956e-06
74.1	2.02396e-06
74.2	2.03869e-06
74.3	2.05376e-06
74.4	2.06914e-06
74.5	2.08485e-06
74.6	2.10086e-06
74.7	2.11717e-06
74.8	2.13378e-06
74.9	2.15068e-06
75	2.16785e-06
75.1	2.18531e-06
75.2	2.20303e-06
75.3	2.22101e-06
75.4	2.23924e-06
75.5	2.25773e-06
75.6	2.27068e-06
75.7	2.27908e-06
75.8	2.28752e-06
75.9	2.296e-06
76	2.30453e-06
76.1	2.31311e-06
76.2	2.32174e-06
76.3	2.3304e-06
76.4	2.33911e-06
76.5	2.34787e-06
76.6	2.35666e-06
76.7	2.3655e-06
76.8	2.37439e-06
76.9	2.38331e-06
77	2.39227e-06
77.1	2.40128e-06
77.2	2.41032e-06
77.3	2.41941e-06
77.4	2.42853e-06
77.5	2.4377e-06
77.6	2.4469e-06
77.7	2.45614e-06
77.8	2.46541e-06
77.9	2.47473e-06
78	2.48408e-06
78.1	2.49346e-06
78.2	2.50288e-06
78.3	2.51234e-06
78.4	2.52184e-06
78.5	2.53136e-06
78.6	2.53473e-06
78.7	2.53188e-06
78.8	2.52904e-06
78.9	2.52619e-06
79	2.52335e-06
79.1	2.52052e-06
79.2	2.51769e-06
79.3	2.51486e-06
79.4	2.51203e-06
79.5	2.50921e-06
79.6	2.50639e-06
79.7	2.50357e-06
79.8	2.50076e-06
79.9	2.49794e-06
80	2.49514e-06
80.1	2.49233e-06
80.2	2.48953e-06
80.3	2.48673e-06
80.4	2.48394e-06
80.5	2.48115e-06
80.6	2.47836e-06
80.7	2.47557e-06
80.8	2.47279e-06
80.9	2.47001e-06
81	2.46724e-06
81.1	2.46447e-06
81.2	2.4617e-06
81.3	2.45893e-06
81.4	2.45617e-06
81.5	2.45341e-06
81.6	2.45065e-06
81.7	2.4479e-06
81.8	2.44438e-06
81.9	2.4298e-06
82	2.41532e-06
82.1	2.40094e-06
82.2	2.38667e-06
82.3	2.37249e-06
82.4	2.35842e-06
82.5	2.34446e-06
82.6	2.3306e-06
82.7	2.31686e-06
82.8	2.30323e-06
82.9	2.28971e-06
83	2.27631e-06
83.1	2.26303e-06
83.2	2.24987e-06
83.3	2.23684e-06
83.4	2.22392e-06
83.5	2.21114e-06
83.6	2.19848e-06
83.7	2.18596e-06
83.8	2.17357e-06
83.9	2.16132e-06
84	2.14921e-06
84.1	2.13724e-06
84.2	2.12541e-06
84.3	2.11372e-06
84.4	2.10219e-06
84.5	2.08847e-06
84.6	2.06937e-06
84.7	2.05073e-06
84.8	2.03257e-06
84.9	2.0149e-06
85	1.99774e-06
85.1	1.98109e-06
85.2	1.96497e-06
85.3	1.94939e-06
85.4	1.93437e-06
85.5	1.91992e-06
85.6	1.90605e-06
85.7	1.89278e-06
85.8	1.88011e-06
85.9	1.86806e-06
86	1.85664e-06
86.1	1.84587e-06
86.2	1.83575e-06
86.3	1.8263e-06
86.4	1.81752e-06
86.5	1.80874e-06
86.6	1.80008e-06
86.7	1.79242e-06
86.8	1.78577e-06
86.9	1.78016e-06
87	1.77558e-06
87.1	1.77205e-06
87.2	1.76957e-06
87.3	1.76814e-06
87.4	1.76778e-06
87.5	1.76848e-06
87.6	1.77023e-06
87.7	1.77304e-06
87.8	1.7769e-06
87.9	1.7818e-06
88	1.78774e-06
88.1	1.7947e-06
88.2	1.80215e-06
88.3	1.8098e-06
88.4	1.81819e-06
88.5	1.8273e-06
88.6	1.83714e-06
88.7	1.84768e-06
88.8	1.85891e-06
88.9	1.87083e-06
89	1.88341e-06
89.1	1.89665e-06
89.2	1.91054e-06
89.3	1.92505e-06
89.4	1.94017e-06
89.5	1.9559e-06
89.6	1.9722e-06
89.7	1.98908e-06
89.8	2.00652e-06
89.9	2.0245e-06
90	2.04301e-06
90.1	2.06112e-06
90.2	2.07292e-06
90.3	2.0849e-06
90.4	2.09706e-06
90.5	2.10939e-06
90.6	2.1219e-06
90.7	2.13458e-06
90.8	2.14742e-06
90.9	2.16043e-06
91	2.17359e-06
91.1	2.18692e-06
91.2	2.2004e-06
91.3	2.21403e-06
91.4	2.22781e-06
91.5	2.24174e-06
91.6	2.25581e-06
91.7	2.27002e-06
91.8	2.28437e-06
91.9	2.29886e-06
92	2.31348e-06
92.1	2.32823e-06
92.2	2.34311e-06
92.3	2.35811e-06
92.4	2.37324e-06
92.5	2.38849e-06
92.6	2.40386e-06
92.7	2.41843e-06
92.8	2.42227e-06
92.9	2.42612e-06
93	2.42997e-06
93.1	2.43383e-06
93.2	2.4377e-06
93.3	2.44157e-06
93.4	2.44546e-06
93.5	2.44934e-06
93.6	2.45324e-06
93.7	2.45714e-06
93.8	2.46105e-06
93.9	2.46496e-06
94	2.46889e-06
94.1	2.47281e-06
94.2	2.47675e-06
94.3	2.48069e-06
94.4	2.48464e-06
94.5	2.48859e-06
94.6	2.49255e-06
94.7	2.49652e-06
94.8	2.50049e-06
94.9	2.50447e-06
95	2.50846e-06
95.1	2.51245e-06
95.2	2.51645e-06
95.3	2.52045e-06
95.4	2.52446e-06
95.5	2.52848e-06
95.6	2.5325e-06
95.7	2.53653e-06
95.8	2.54057e-06
95.9	2.54461e-06
96	2.53753e-06
96.1	2.52916e-06
96.2	2.52081e-06
96.3	2.51248e-06
96.4	2.50419e-06
96.5	2.49592e-06
96.6	2.48768e-06
96.7	2.47946e-06
96.8	2.47128e-06
96.9	2.46312e-06
97	2.45499e-06
97.1	2.44689e-06
97.2	2.43882e-06
97.3	2.43078e-06
97.4	2.42276e-06
97.5	2.41478e-06
97.6	2.40683e-06
97.7	2.39891e-06
97.8	2.39102e-06
97.9	2.38316e-06
98	2.37533e-06
98.1	2.36754e-06
98.2	2.35978e-06
98.3	2.35205e-06
98.4	2.34435e-06
98.5	2.33668e-06
98.6	2.32905e-06
98.7	2.32146e-06
98.8	2.31389e-06
98.9	2.30636e-06
99	2.29599e-06
99.1	2.27794e-06
99.2	2.26011e-06
99.3	2.24249e-06
99.4	2.2251e-06
99.5	2.20794e-06
99.6	2.19102e-06
99.7	2.17433e-06
99.8	2.15789e-06
99.9	2.1417e-06
100	2.12577e-06
100.1	2.11011e-06
100.2	2.09471e-06
100.3	2.07958e-06
100.4	2.06474e-06
100.5	2.05019e-06
100.6	2.03593e-06
100.7	2.02197e-06
100.8	2.00831e-06
100.9	1.99497e-06
101	1.98194e-06
101.1	1.96924e-06
101.2	1.95688e-06
101.3	1.94485e-06
101.4	1.92869e-06
101.5	1.91271e-06
101.6	1.89748e-06
101.7	1.88302e-06
101.8	1.86934e-06
101.9	1.85645e-06
102	1.84438e-06
102.1	1.83315e-06
102.2	1.82276e-06
102.3	1.81323e-06
102.4	1.80458e-06
102.5	1.79681e-06
102.6	1.78994e-06
102.7	1.78399e-06
102.8	1.77895e-06
102.9	1.77484e-06
103	1.77166e-06
103.1	1.76942e-06
103.2	1.7681e-06
103.3	1.76778e-06
103.4	1.76847e-06
103.5	1.77017e-06
103.6	1.77287e-06
103.7	1.77657e-06
103.8	1.78126e-06
103.9	1.78694e-06
104	1.7936e-06
104.1	1.80122e-06
104.2	1.80979e-06
104.3	1.8193e-06
104.4	1.82974e-06
104.5	1.84108e-06
104.6	1.85332e-06
104.7	1.86643e-06
104.8	1.8804e-06
104.9	1.89311e-06
105	1.90462e-06
105.1	1.91659e-06
105.2	1.92899e-06
105.3	1.94182e-06
105.4	1.95508e-06
105.5	1.96876e-06
105.6	1.98284e-06
105.7	1.99732e-06
105.8	2.01219e-06
105.9	2.02744e-06
106	2.04307e-06
106.1	2.05906e-06
106.2	2.0754e-06
106.3	2.0921e-06
106.4	2.10913e-06
106.5	2.12649e-06
106.6	2.14418e-06
106.7	2.16218e-06
106.8	2.18049e-06
106.9	2.1991e-06
107	2.218e-06
107.1	2.23118e-06
107.2	2.24048e-06
107.3	2.24985e-06
107.4	2.25928e-06
107.5	2.26878e-06
107.6	2.27834e-06
107.7	2.28795e-06
107.8	2.29763e-06
107.9	2.30737e-06
108	2.31717e-06
108.1	2.32702e-06
108.2	2.33693e-06
108.3	2.3469e-06
108.4	2.35693e-06
108.5	2.36701e-06
108.6	2.37714e-06
108.7	2.38733e-06
108.8	2.39757e-06
108.9	2.40786e-06
109	2.41821e-06
109.1	2.4286e-06
109.2	2.43905e-06
109.3	2.44954e-06
109.4	2.46009e-06
109.5	2.47068e-06
109.6	2.48133e-06
109.7	2.49201e-06
109.8	2.50275e-06
109.9	2.51353e-06
110	2.52123e-06
110.1	2.51974e-06
110.2	2.51824e-06
110.3	2.51674e-06
110.4	2.51525e-06
110.5	2.51375e-06
110.6	2.51226e-06
110.7	2.51076e-06
110.8	2.50927e-06
110.9	2.50778e-06
111	2.50629e-06
111.1	2.5048e-06
111.2	2.50331e-06
111.3	2.50182e-06
111.4	2.50034e-06
111.5	2.49885e-06
111.6	2.49737e-06
111.7	2.49588e-06
111.8	2.4944e-06
111.9	2.49292e-06
112	2.49143e-06
112.1	2.48995e-06
112.2	2.48847e-06
112.3	2.48699e-06
112.4	2.48552e-06
112.5	2.48404e-06
112.6	2.48256e-06
112.7	2.48109e-06
112.8	2.47961e-06
112.9	2.47814e-06
113	2.47667e-06
113.1	2.4752e-06
113.2	2.47372e-06
113.3	2.46458e-06
113.4	2.45113e-06
113.5	2.43777e-06
113.6	2.42449e-06
113.7	2.41129e-06
113.8	2.39818e-06
113.9	2.38515e-06
114	2.3722e-06
114.1	2.35934e-06
114.2	2.34658e-06
114.3	2.3339e-06
114.4	2.32131e-06
114.5	2.30882e-06
114.6	2.29642e-06
114.7	2.28412e-06
114.8	2.27192e-06
114.9	2.25982e-06
115	2.24782e-06
115.1	2.23592e-06
115.2	2.22412e-06
115.3	2.21244e-06
115.4	2.20086e-06
115.5	2.18939e-06
115.6	2.17803e-06
115.7	2.16679e-06
115.8	2.15566e-06
115.9	2.14464e-06
116	2.13342e-06
116.1	2.11407e-06
116.2	2.09512e-06
116.3	2.07658e-06
116.4	2.05848e-06
116.5	2.0408e-06
116.6	2.02358e-06
116.7	2.00682e-06
116.8	1.99053e-06
116.9	1.97472e-06
117	1.9594e-06
117.1	1.9446e-06
117.2	1.93031e-06
117.3	1.91655e-06
117.4	1.90333e-06
117.5	1.89067e-06
117.6	1.87856e-06
117.7	1.86704e-06
117.8	1.8561e-06
117.9	1.84575e-06
118	1.83601e-06
118.1	1.82562e-06
118.2	1.81533e-06
118.3	1.80601e-06
118.4	1.79768e-06
118.5	1.79034e-06
118.6	1.78402e-06
118.7	1.77873e-06
118.8	1.77446e-06
118.9	1.77124e-06
119	1.76907e-06
119.1	1.76794e-06
119.2	1.76786e-06
119.3	1.76884e-06
119.4	1.77087e-06
119.5	1.77394e-06
119.6	1.77806e-06
119.7	1.78321e-06
119.8	1.789e-06
119.9	1.79534e-06
120	1.80248e-06
120.1	1.81042e-06
120.2	1.81915e-06
120.3	1.82865e-06
120.4	1.83891e-06
120.5	1.84992e-06
120.6	1.86167e-06
120.7	1.87415e-06
120.8	1.88732e-06
120.9	1.9012e-06
121	1.91575e-06
121.1	1.93096e-06
121.2	1.94683e-06
121.3	1.96332e-06
121.4	1.98043e-06
121.5	1.99814e-06
121.6	2.01643e-06
121.7	2.03037e-06
121.8	2.04256e-06
121.9	2.05497e-06
122	2.0676e-06
122.1	2.08044e-06
122.2	2.09349e-06
122.3	2.10675e-06
122.4	2.12021e-06
122.5	2.13386e-06
122.6	2.14771e-06
122.7	2.16175e-06
122.8	2.17598e-06
122.9	2.19039e-06
123	2.20497e-06
123.1	2.21974e-06
123.2	2.23467e-06
123.3	2.24978e-06
123.4	2.26505e-06
123.5	2.28048e-06
123.6	2.29607e-06
123.7	2.31182e-06
123.8	2.32772e-06
123.9	2.34377e-06
124	2.35996e-06
124.1	2.3763e-06
124.2	2.38699e-06
124.3	2.39204e-06
124.4	2.39709e-06
124.5	2.40216e-06
124.6	2.40724e-06
124.7	2.41234e-06
124.8	2.41745e-06
124.9	2.42256e-06
125	2.4277e-06
125.1	2.43284e-06
125.2	2.438e-06
125.3	2.44316e-06
125.4	2.44834e-06
125.5	2.45354e-06
125.6	2.45874e-06
125.7	2.46396e-06
125.8	2.46918e-06
125.9	2.47442e-06
126	2.47968e-06
126.1	2.48494e-06
126.2	2.49021e-06
126.3	2.4955e-06
126.4	2.50079e-06
126.5	2.5061e-06
126.6	2.51142e-06
126.7	2.51675e-06
126.8	2.52209e-06
126.9	2.52744e-06
127	2.53281e-06
127.1	2.53818e-06
127.2	2.54356e-06
127.3	2.54896e-06
127.4	2.54566e-06
127.5	2.5386e-06
127.6	2.53155e-06
127.7	2.52453e-06
127.8	2.51753e-06
127.9	2.51054e-06
128	2.50358e-06
128.1	2.49663e-06
128.2	2.4897e-06
128.3	2.48279e-06
128.4	2.47591e-06
128.5	2.46904e-06
128.6	2.46219e-06
128.7	2.45536e-06
128.8	2.44855e-06
128.9	2.44177e-06
129	2.435e-06
129.1	2.42825e-06
129.2	2.42153e-06
129.3	2.41483e-06
129.4	2.40814e-06
129.5	2.40148e-06
129.6	2.39485e-06
129.7	2.38823e-06
129.8	2.38164e-06
129.9	2.37506e-06
130	2.36851e-06
130.1	2.36199e-06
130.2	2.35548e-06
130.3	2.349e-06
130.4	2.34254e-06
130.5	2.33065e-06
130.6	2.31332e-06
130.7	2.29617e-06
130.8	2.2792e-06
130.9	2.26242e-06
131	2.24583e-06
131.1	2.22944e-06
131.2	2.21325e-06
131.3	2.19726e-06
131.4	2.18149e-06
131.5	2.16593e-06
131.6	2.1506e-06
131.7	2.13548e-06
131.8	2.1206e-06
131.9	2.10595e-06
132	2.09154e-06
132.1	2.07738e-06
132.2	2.06346e-06
132.3	2.0498e-06
132.4	2.03639e-06
132.5	2.02325e-06
132.6	2.01038e-06
132.7	1.99779e-06
132.8	1.98548e-06
132.9	1.97159e-06
133	1.95424e-06
133.1	1.93754e-06
133.2	1.92154e-06
133.3	1.90624e-06
133.4	1.89165e-06
133.5	1.87781e-06
133.6	1.86471e-06
133.7	1.85239e-06
133.8	1.84085e-06
133.9	1.83011e-06
134	1.82018e-06
134.1	1.81108e-06
134.2	1.80282e-06
134.3	1.79541e-06
134.4	1.78886e-06
134.5	1.78318e-06
134.6	1.77838e-06
134.7	1.77446e-06
134.8	1.77127e-06
134.9	1.7691e-06
135	1.76796e-06
135.1	1.76785e-06
135.2	1.76877e-06
135.3	1.77073e-06
135.4	1.77371e-06
135.5	1.77771e-06
135.6	1.78273e-06
135.7	1.78875e-06
135.8	1.79577e-06
135.9	1.80378e-06
136	1.81276e-06
136.1	1.82269e-06
136.2	1.83357e-06
136.3	1.84537e-06
136.4	1.85808e-06
136.5	1.86918e-06
136.6	1.8802e-06
136.7	1.89172e-06
136.8	1.90375e-06
136.9	1.91628e-06
137	1.9293e-06
137.1	1.94279e-06
137.2	1.95674e-06
137.3	1.97116e-06
137.4	1.98602e-06
137.5	2.00131e-06
137.6	2.01704e-06
137.7	2.03318e-06
137.8	2.04973e-06
137.9	2.06667e-06
138	2.08401e-06
138.1	2.10172e-06
138.2	2.1198e-06
138.3	2.13824e-06
138.4	2.15702e-06
138.5	2.17615e-06
138.6	2.19035e-06
138.7	2.20046e-06
138.8	2.21066e-06
138.9	2.22094e-06
139	2.23131e-06
139.1	2.24175e-06
139.2	2.25228e-06
139.3	2.26289e-06
139.4	2.27357e-06
139.5	2.28434e-06
139.6	2.29518e-06
139.7	2.30609e-06
139.8	2.31708e-06
139.9	2.32814e-06
140	2.33927e-06
140.1	2.35048e-06
140.2	2.36175e-06
140.3	2.3731e-06
140.4	2.38451e-06
140.5	2.39599e-06
140.6	2.40753e-06
140.7	2.41914e-06
140.8	2.43081e-06
140.9	2.44255e-06
141	2.45435e-06
141.1	2.46621e-06
141.2	2.47813e-06
141.3	2.49011e-06
141.4	2.50215e-06
141.5	2.50245e-06
141.6	2.50229e-06
141.7	2.50212e-06
141.8	2.50196e-06
141.9	2.5018e-06
142	2.50164e-06
142.1	2.50148e-06
142.2	2.50132e-06
142.3	2.50116e-06
142.4	2.501e-06
142.5	2.50083e-06
142.6	2.50067e-06
142.7	2.50051e-06
142.8	2.50035e-06
142.9	2.50019e-06
143	2.50003e-06
143.1	2.49987e-06
143.2	2.49971e-06
143.3	2.49955e-06
143.4	2.49939e-06
143.5	2.49922e-06
143.6	2.49906e-06
143.7	2.4989e-06
143.8	2.49874e-06
143.9	2.49858e-06
144	2.49842e-06
144.1	2.49826e-06
144.2	2.4981e-06
144.3	2.49794e-06
144.4	2.49778e-06
144.5	2.49761e-06
144.6	2.49745e-06
144.7	2.49391e-06
144.8	2.48159e-06
144.9	2.46934e-06
145	2.45715e-06
145.1	2.44502e-06
145.2	2.43296e-06
145.3	2.42097e-06
145.4	2.40904e-06
145.5	2.39719e-06
145.6	2.3854e-06
145.7	2.37368e-06
145.8	2.36204e-06
145.9	2.35046e-06
146	2.33897e-06
146.1	2.32754e-06
146.2	2.31619e-06
146.3	2.30492e-06
146.4	2.29373e-06
146.5	2.28262e-06
146.6	2.27158e-06
146.7	2.26063e-06
146.8	2.24976e-06
146.9	2.23898e-06
147	2.22828e-06
147.1	2.21767e-06
147.2	2.20714e-06
147.3	2.19671e-06
147.4	2.18636e-06
147.5	2.17611e-06
147.6	2.1579e-06
147.7	2.13889e-06
147.8	2.12024e-06
147.9	2.10195e-06
148	2.08404e-06
148.1	2.06651e-06
148.2	2.04939e-06
148.3	2.03267e-06
148.4	2.01636e-06
148.5	2.00048e-06
148.6	1.98504e-06
148.7	1.97005e-06
148.8	1.95551e-06
148.9	1.94144e-06
149	1.92785e-06
149.1	1.91475e-06
149.2	1.90214e-06
149.3	1.89005e-06
149.4	1.87847e-06
149.5	1.86742e-06
149.6	1.85691e-06
149.7	1.84478e-06
149.8	1.83299e-06
149.9	1.82214e-06
150	1.81223e-06
150.1	1.80329e-06
150.2	1.79532e-06
150.3	1.78835e-06
150.4	1.78237e-06
150.5	1.77741e-06
150.6	1.77347e-06
150.7	1.77055e-06
150.8	1.76867e-06
150.9	1.76782e-06
151	1.76801e-06
151.1	1.76923e-06
151.2	1.7715e-06
151.3	1.77479e-06
151.4	1.77888e-06
151.5	1.78375e-06
151.6	1.78949e-06
151.7	1.79608e-06
151.8	1.80353e-06
151.9	1.81181e-06
152	1.82093e-06
152.1	1.83085e-06
152.2	1.84158e-06
152.3	1.8531e-06
152.4	1.8654e-06
152.5	1.87845e-06
152.6	1.89225e-06
152.7	1.90677e-06
152.8	1.922e-06
152.9	1.93793e-06
153	1.95453e-06
153.1	1.97179e-06
153.2	1.98835e-06
153.3	2.00054e-06
153.4	2.01299e-06
153.5	2.02571e-06
153.6	2.03869e-06
153.7	2.05192e-06
153.8	2.0654e-06
153.9	2.07913e-06
154	2.0931e-06
154.1	2.10731e-06
154.2	2.12175e-06
154.3	2.13641e-06
154.4	2.1513e-06
154.5	2.1664e-06
154.6	2.18172e-06
154.7	2.19724e-06
154.8	2.21297e-06
154.9	2.2289e-06
155	2.24502e-06
155.1	2.26134e-06
155.2	2.27784e-06
155.3	2.29453e-06
155.4	2.31139e-06
155.5	2.32843e-06
155.6	2.34564e-06
155.7	2.35357e-06
155.8	2.35977e-06
155.9	2.36598e-06
156	2.37222e-06
156.1	2.37848e-06
156.2	2.38476e-06
156.3	2.39106e-06
156.4	2.39738e-06
156.5	2.40371e-06
156.6	2.41007e-06
156.7	2.41645e-06
156.8	2.42285e-06
156.9	2.42926e-06
157	2.4357e-06
157.1	2.44215e-06
157.2	2.44863e-06
157.3	2.45512e-06
157.4	2.46163e-06
157.5	2.46816e-06
157.6	2.47471e-06
157.7	2.48127e-06
157.8	2.48786e-06
157.9	2.49446e-06
158	2.50108e-06
158.1	2.50771e-06
158.2	2.51437e-06
158.3	2.52104e-06
158.4	2.52772e-06
158.5	2.53443e-06
158.6	2.54115e-06
158.7	2.54789e-06
158.8	2.54827e-06
158.9	2.54255e-06
159	2.53684e-06
159.1	2.53114e-06
159.2	2.52546e-06
159.3	2.51979e-06
159.4	2.51413e-06
159.5	2.50848e-06
159.6	2.50284e-06
159.7	2.49722e-06
159.8	2.49161e-06
159.9	2.48601e-06
160	2.48043e-06
160.1	2.47486e-06
160.2	2.4693e-06
160.3	2.46376e-06
160.4	2.45822e-06
160.5	2.45271e-06
160.6	2.4472e-06
160.7	2.44171e-06
160.8	2.43623e-06
160.9	2.43077e-06
161	2.42531e-06
161.1	2.41988e-06
161.2	2.41445e-06
161.3	2.40905e-06
161.4	2.40365e-06
161.5	2.39827e-06
161.6	2.3929e-06
161.7	2.38755e-06
161.8	2.38222e-06
161.9	2.37689e-06
162	2.3624e-06
162.1	2.3459e-06
162.2	2.32955e-06
162.3	2.31335e-06
162.4	2.29732e-06
162.5	2.28144e-06
162.6	2.26573e-06
162.7	2.25019e-06
162.8	2.23481e-06
162.9	2.21962e-06
163	2.2046e-06
163.1	2.18976e-06
163.2	2.17511e-06
163.3	2.16065e-06
163.4	2.14638e-06
163.5	2.13231e-06
163.6	2.11844e-06
163.7	2.10477e-06
163.8	2.09132e-06
163.9	2.07807e-06
164	2.06505e-06
164.1	2.05224e-06
164.2	2.03967e-06
164.3	2.02732e-06
164.4	2.01521e-06
164.5	1.99806e-06
164.6	1.98023e-06
164.7	1.96301e-06
164.8	1.94641e-06
164.9	1.93046e-06
165	1.91516e-06
165.1	1.90053e-06
165.2	1.8866e-06
165.3	1.87337e-06
165.4	1.86085e-06
165.5	1.84907e-06
165.6	1.83804e-06
165.7	1.82777e-06
165.8	1.81828e-06
165.9	1.80957e-06
166	1.80166e-06
166.1	1.79455e-06
166.2	1.78827e-06
166.3	1.78277e-06
166.4	1.77771e-06
166.5	1.77367e-06
166.6	1.77068e-06
166.7	1.76873e-06
166.8	1.76783e-06
166.9	1.76798e-06
167	1.76918e-06
167.1	1.77143e-06
167.2	1.77471e-06
167.3	1.77904e-06
167.4	1.78439e-06
167.5	1.79076e-06
167.6	1.79815e-06
167.7	1.80653e-06
167.8	1.81589e-06
167.9	1.82623e-06
168	1.83751e-06
168.1	1.84726e-06
168.2	1.85759e-06
168.3	1.8685e-06
168.4	1.87998e-06
168.5	1.89203e-06
168.6	1.90462e-06
168.7	1.91776e-06
168.8	1.93143e-06
168.9	1.94561e-06
169	1.9603e-06
169.1	1.97549e-06
169.2	1.99116e-06
169.3	2.00731e-06
169.4	2.02392e-06
169.5	2.04097e-06
169.6	2.05847e-06
169.7	2.0764e-06
169.8	2.09474e-06
169.9	2.11349e-06
170	2.13263e-06
170.1	2.14846e-06
170.2	2.15926e-06
170.3	2.17016e-06
170.4	2.18118e-06
170.5	2.19231e-06
170.6	2.20354e-06
170.7	2.21487e-06
170.8	2.22631e-06
170.9	2.23785e-06
171	2.24949e-06
171.1	2.26122e-06
171.2	2.27306e-06
171.3	2.28499e-06
171.4	2.29701e-06
171.5	2.30912e-06
171.6	2.32133e-06
171.7	2.33362e-06
171.8	2.346e-06
171.9	2.35847e-06
172	2.37102e-06
172.1	2.38366e-06
172.2	2.39638e-06
172.3	2.40918e-06
172.4	2.42206e-06
172.5	2.43502e-06
172.6	2.44806e-06
172.7	2.46117e-06
172.8	2.47436e-06
172.9	2.48013e-06
173	2.48129e-06
173.1	2.48244e-06
173.2	2.4836e-06
173.3	2.48476e-06
173.4	2.48591e-06
173.5	2.48707e-06
173.6	2.48823e-06
173.7	2.48939e-06
173.8	2.49055e-06
173.9	2.49171e-06
174	2.49287e-06
174.1	2.49403e-06
174.2	2.49519e-06
174.3	2.49635e-06
174.4	2.49752e-06
174.5	2.49868e-06
174.6	2.49984e-06
174.7	2.50101e-06
174.8	2.50217e-06
174.9	2.50334e-06
175	2.5045e-06
175.1	2.50567e-06
175.2	2.50684e-06
175.3	2.508e-06
175.4	2.50917e-06
175.5	2.51034e-06
175.6	2.51151e-06
175.7	2.51268e-06
175.8	2.51385e-06
175.9	2.51502e-06
176	2.51619e-06
176.1	2.51736e-06
176.2	2.50655e-06
176.3	2.49548e-06
176.4	2.48446e-06
176.5	2.47349e-06
176.6	2.46257e-06
176.7	2.4517e-06
176.8	2.44088e-06
176.9	2.43011e-06
177	2.4194e-06
177.1	2.40874e-06
177.2	2.39814e-06
177.3	2.38759e-06
177.4	2.3771e-06
177.5	2.36667e-06
177.6	2.35629e-06
177.7	2.34597e-06
177.8	2.33571e-06
177.9	2.32552e-06
178	2.31538e-06
178.1	2.3053e-06
178.2	2.29529e-06
178.3	2.28534e-06
178.4	2.27545e-06
178.5	2.26563e-06
178.6	2.25587e-06
178.7	2.24619e-06
178.8	2.23656e-06
178.9	2.22701e-06
179	2.21753e-06
179.1	2.20028e-06
179.2	2.18143e-06
179.3	2.16288e-06
179.4	2.14465e-06
179.5	2.12674e-06
179.6	2.10916e-06
179.7	2.09192e-06
179.8	2.07503e-06
179.9	2.0585e-06
180	2.04233e-06
180.1	2.02653e-06
180.2	2.01112e-06
180.3	1.9961e-06
180.4	1.98148e-06
180.5	1.96726e-06
180.6	1.95347e-06
180.7	1.9401e-06
180.8	1.92717e-06
180.9	1.91468e-06
181	1.90265e-06
181.1	1.89108e-06
181.2	1.87985e-06
181.3	1.86587e-06
181.4	1.85275e-06
181.5	1.84051e-06
181.6	1.82918e-06
181.7	1.81875e-06
181.8	1.80926e-06
181.9	1.80072e-06
182	1.79314e-06
182.1	1.78653e-06
182.2	1.7809e-06
182.3	1.77626e-06
182.4	1.77263e-06
182.5	1.77e-06
182.6	1.76838e-06
182.7	1.76777e-06
182.8	1.76818e-06
182.9	1.7696e-06
183	1.77196e-06
183.1	1.77522e-06
183.2	1.7794e-06
183.3	1.78449e-06
183.4	1.7905e-06
183.5	1.7974e-06
183.6	1.8052e-06
183.7	1.81387e-06
183.8	1.82341e-06
183.9	1.8338e-06
184	1.84502e-06
184.1	1.85707e-06
184.2	1.86993e-06
184.3	1.88357e-06
184.4	1.89799e-06
184.5	1.91316e-06
184.6	1.92907e-06
184.7	1.9457e-06
184.8	1.95945e-06
184.9	1.9717e-06
185	1.98428e-06
185.1	1.99717e-06
185.2	2.01037e-06
185.3	2.02387e-06
185.4	2.03767e-06
185.5	2.05176e-06
185.6	2.06613e-06
185.7	2.08078e-06
185.8	2.0957e-06
185.9	2.11089e-06
186	2.12634e-06
186.1	2.14205e-06
186.2	2.15801e-06
186.3	2.17421e-06
186.4	2.19065e-06
186.5	2.20732e-06
186.6	2.22422e-06
186.7	2.24135e-06
186.8	2.25869e-06
186.9	2.27625e-06
187	2.29402e-06
187.1	2.31101e-06
187.2	2.31827e-06
187.3	2.32555e-06
187.4	2.33287e-06
187.5	2.34022e-06
187.6	2.3476e-06
187.7	2.35501e-06
187.8	2.36246e-06
187.9	2.36993e-06
188	2.37743e-06
188.1	2.38496e-06
188.2	2.39252e-06
188.3	2.40011e-06
188.4	2.40772e-06
188.5	2.41537e-06
188.6	2.42304e-06
188.7	2.43074e-06
188.8	2.43847e-06
188.9	2.44623e-06
189	2.45401e-06
189.1	2.46182e-06
189.2	2.46966e-06
189.3	2.47752e-06
189.4	2.48541e-06
189.5	2.49332e-06
189.6	2.50126e-06
189.7	2.50922e-06
189.8	2.51721e-06
189.9	2.52523e-06
190	2.53327e-06
190.1	2.54133e-06
190.2	2.54545e-06
190.3	2.54108e-06
190.4	2.53672e-06
190.5	2.53236e-06
190.6	2.52801e-06
190.7	2.52367e-06
190.8	2.51934e-06
190.9	2.51501e-06
191	2.51069e-06
191.1	2.50638e-06
191.2	2.50208e-06
191.3	2.49778e-06
191.4	2.49349e-06
191.5	2.4892e-06
191.6	2.48493e-06
191.7	2.48066e-06
191.8	2.4764e-06
191.9	2.47215e-06
192	2.4679e-06
192.1	2.46367e-06
192.2	2.45944e-06
192.3	2.45522e-06
192.4	2.451e-06
192.5	2.4468e-06
192.6	2.4426e-06
192.7	2.43841e-06
192.8	2.43422e-06
192.9	2.43005e-06
193	2.42588e-06
193.1	2.42173e-06
193.2	2.41758e-06
193.3	2.41343e-06
193.4	2.40679e-06
193.5	2.39111e-06
193.6	2.37554e-06
193.7	2.36011e-06
193.8	2.3448e-06
193.9	2.32962e-06
194	2.31457e-06
194.1	2.29966e-06
194.2	2.28489e-06
194.3	2.27026e-06
194.4	2.25578e-06
194.5	2.24144e-06
194.6	2.22725e-06
194.7	2.21321e-06
194.8	2.19933e-06
194.9	2.1856e-06
195	2.17204e-06
195.1	2.15864e-06
195.2	2.14541e-06
195.3	2.13234e-06
195.4	2.11946e-06
195.5	2.10674e-06
195.6	2.09421e-06
195.7	2.08186e-06
195.8	2.0697e-06
195.9	2.05773e-06
196	2.04319e-06
196.1	2.02453e-06
196.2	2.00641e-06
196.3	1.98884e-06
196.4	1.97184e-06
196.5	1.95541e-06
196.6	1.93958e-06
196.7	1.92437e-06
196.8	1.90977e-06
196.9	1.89581e-06
197	1.88251e-06
197.1	1.86987e-06
197.2	1.85792e-06
197.3	1.84666e-06
197.4	1.8361e-06
197.5	1.82626e-06
197.6	1.81716e-06
197.7	1.80879e-06
197.8	1.80118e-06
197.9	1.79417e-06
198	1.78729e-06
198.1	1.78142e-06
198.2	1.7766e-06
198.3	1.77281e-06
198.4	1.77008e-06
198.5	1.76839e-06
198.6	1.76777e-06
198.7	1.76821e-06
198.8	1.7697e-06
198.9	1.77225e-06
199	1.77585e-06
199.1	1.78049e-06
199.2	1.78617e-06
199.3	1.79288e-06
199.4	1.8006e-06
199.5	1.80932e-06
199.6	1.81877e-06
199.7	1.82756e-06
199.8	1.83702e-06
199.9	1.84713e-06
200	1.85788e-06
200.1	1.86926e-06
200.2	1.88126e-06
200.3	1.89387e-06
200.4	1.90707e-06
200.5	1.92086e-06
200.6	1.93521e-06
200.7	1.95013e-06
200.8	1.96559e-06
200.9	1.98158e-06
201	1.99809e-06
201.1	2.01511e-06
201.2	2.03262e-06
201.3	2.05062e-06
201.4	2.06908e-06
201.5	2.088e-06
201.6	2.10583e-06
201.7	2.11717e-06
201.8	2.12865e-06
201.9	2.14027e-06
202	2.15202e-06
202.1	2.16391e-06
202.2	2.17594e-06
202.3	2.18809e-06
202.4	2.20037e-06
202.5	2.21278e-06
202.6	2.22531e-06
202.7	2.23797e-06
202.8	2.25074e-06
202.9	2.26363e-06
203	2.27664e-06
203.1	2.28976e-06
203.2	2.30299e-06
203.3	2.31633e-06
203.4	2.32979e-06
203.5	2.34334e-06
203.6	2.357e-06
203.7	2.37077e-06
203.8	2.38463e-06
203.9	2.3986e-06
204	2.41266e-06
204.1	2.42682e-06
204.2	2.44107e-06
204.3	2.45293e-06
204.4	2.45537e-06
204.5	2.45782e-06
204.6	2.46027e-06
204.7	2.46272e-06
204.8	2.46517e-06
204.9	2.46762e-06
205	2.47008e-06
205.1	2.47254e-06
205.2	2.475e-06
205.3	2.47747e-06
205.4	2.47994e-06
205.5	2.48241e-06
205.6	2.48488e-06
205.7	2.48735e-06
205.8	2.48983e-06
205.9	2.49231e-06
206	2.4948e-06
206.1	2.49728e-06
206.2	2.49977e-06
206.3	2.50226e-06
206.4	2.50475e-06
206.5	2.50725e-06
206.6	2.50975e-06
206.7	2.51225e-06
206.8	2.51475e-06
206.9	2.51725e-06
207	2.51976e-06
207.1	2.52227e-06
207.2	2.52478e-06
207.3	2.5273e-06
207.4	2.52982e-06
207.5	2.53234e-06
207.6	2.52594e-06
207.7	2.51611e-06
207.8	2.50632e-06
207.9	2.49656e-06
208	2.48685e-06
208.1	2.47717e-06
208.2	2.46753e-06
208.3	2.45793e-06
208.4	2.44837e-06
208.5	2.43885e-06
208.6	2.42937e-06
208.7	2.41993e-06
208.8	2.41054e-06
208.9	2.40119e-06
209	2.39188e-06
209.1	2.38261e-06
209.2	2.37339e-06
209.3	2.36421e-06
209.4	2.35508e-06
209.5	2.34599e-06
209.6	2.33695e-06
209.7	2.32795e-06
209.8	2.319e-06
209.9	2.3101e-06
210	2.30125e-06
210.1	2.29245e-06
210.2	2.28369e-06
210.3	2.27499e-06
210.4	2.26634e-06
210.5	2.25773e-06
210.6	2.24071e-06
210.7	2.22222e-06
210.8	2.20398e-06
210.9	2.18601e-06
211	2.16832e-06
211.1	2.15091e-06
211.2	2.13378e-06
211.3	2.11696e-06
211.4	2.10043e-06
211.5	2.08422e-06
211.6	2.06832e-06
211.7	2.05274e-06
211.8	2.0375e-06
211.9	2.0226e-06
212	2.00805e-06
212.1	1.99385e-06
212.2	1.98001e-06
212.3	1.96654e-06
212.4	1.95345e-06
212.5	1.94075e-06
212.6	1.92843e-06
212.7	1.91652e-06
212.8	1.90363e-06
212.9	1.88855e-06
213	1.87427e-06
213.1	1.86082e-06
213.2	1.84821e-06
213.3	1.83647e-06
213.4	1.8256e-06
213.5	1.81563e-06
213.6	1.80657e-06
213.7	1.79843e-06
213.8	1.79123e-06
213.9	1.78497e-06
214	1.77967e-06
214.1	1.77534e-06
214.2	1.77197e-06
214.3	1.76959e-06
214.4	1.76819e-06
214.5	1.76777e-06
214.6	1.76833e-06
214.7	1.76987e-06
214.8	1.77237e-06
214.9	1.77584e-06
215	1.78027e-06
215.1	1.78565e-06
215.2	1.79197e-06
215.3	1.79923e-06
215.4	1.80741e-06
215.5	1.8165e-06
215.6	1.82648e-06
215.7	1.83735e-06
215.8	1.84909e-06
215.9	1.86167e-06
216	1.87509e-06
216.1	1.88932e-06
216.2	1.90435e-06
216.3	1.92003e-06
216.4	1.93182e-06
216.5	1.944e-06
216.6	1.95655e-06
216.7	1.96946e-06
216.8	1.98274e-06
216.9	1.99637e-06
217	2.01035e-06
217.1	2.02467e-06
217.2	2.03932e-06
217.3	2.0543e-06
217.4	2.06959e-06
217.5	2.0852e-06
217.6	2.10111e-06
217.7	2.11732e-06
217.8	2.13381e-06
217.9	2.1506e-06
218	2.16766e-06
218.1	2.18499e-06
218.2	2.20258e-06
218.3	2.22044e-06
218.4	2.23854e-06
218.5	2.25689e-06
218.6	2.27293e-06
218.7	2.2812e-06
218.8	2.2895e-06
218.9	2.29785e-06
219	2.30625e-06
219.1	2.31469e-06
219.2	2.32318e-06
219.3	2.3317e-06
219.4	2.34027e-06
219.5	2.34888e-06
219.6	2.35753e-06
219.7	2.36623e-06
219.8	2.37496e-06
219.9	2.38373e-06
220	2.39255e-06
220.1	2.4014e-06
220.2	2.41029e-06
220.3	2.41922e-06
220.4	2.42819e-06
220.5	2.43719e-06
220.6	2.44624e-06
220.7	2.45532e-06
220.8	2.46443e-06
220.9	2.47358e-06
221	2.48277e-06
221.1	2.49199e-06
221.2	2.50125e-06
221.3	2.51054e-06
221.4	2.51986e-06
221.5	2.52922e-06
221.6	2.53728e-06
221.7	2.53426e-06
221.8	2.53125e-06
221.9	2.52824e-06
222	2.52524e-06
222.1	2.52224e-06
222.2	2.51924e-06
222.3	2.51625e-06
222.4	2.51326e-06
222.5	2.51027e-06
222.6	2.50729e-06
222.7	2.50431e-06
222.8	2.50134e-06
222.9	2.49836e-06
223	2.49539e-06
223.1	2.49243e-06
223.2	2.48947e-06
223.3	2.48651e-06
223.4	2.48355e-06
223.5	2.4806e-06
223.6	2.47766e-06
223.7	2.47471e-06
223.8	2.47177e-06
223.9	2.46884e-06
224	2.4659e-06
224.1	2.46297e-06
224.2	2.46005e-06
224.3	2.45713e-06
224.4	2.45421e-06
224.5	2.45129e-06
224.6	2.44838e-06
224.7	2.44548e-06
224.8	2.44257e-06
224.9	2.43136e-06
225	2.41672e-06
225.1	2.40218e-06
225.2	2.38774e-06
225.3	2.37341e-06
225.4	2.35919e-06
225.5	2.34508e-06
225.6	2.33107e-06
225.7	2.31718e-06
225.8	2.30341e-06
225.9	2.28975e-06
226	2.27621e-06
226.1	2.26279e-06
226.2	2.2495e-06
226.3	2.23633e-06
226.4	2.22329e-06
226.5	2.21038e-06
226.6	2.1976e-06
226.7	2.18495e-06
226.8	2.17245e-06
226.9	2.16008e-06
227	2.14786e-06
227.1	2.13578e-06
227.2	2.12384e-06
227.3	2.11206e-06
227.4	2.10043e-06
227.5	2.08872e-06
227.6	2.06952e-06
227.7	2.0508e-06
227.8	2.03256e-06
227.9	2.01482e-06
228	1.99758e-06
228.1	1.98086e-06
228.2	1.96468e-06
228.3	1.94905e-06
228.4	1.93397e-06
228.5	1.91947e-06
228.6	1.90556e-06
228.7	1.89225e-06
228.8	1.87955e-06
228.9	1.86748e-06
229	1.85605e-06
229.1	1.84526e-06
229.2	1.83514e-06
229.3	1.82569e-06
229.4	1.81692e-06
229.5	1.80845e-06
229.6	1.79982e-06
229.7	1.79219e-06
229.8	1.78557e-06
229.9	1.77999e-06
230	1.77545e-06
230.1	1.77195e-06
230.2	1.7695e-06
230.3	1.76812e-06
230.4	1.76779e-06
230.5	1.76852e-06
230.6	1.77031e-06
230.7	1.77315e-06
230.8	1.77705e-06
230.9	1.78199e-06
231	1.78796e-06
231.1	1.79496e-06
231.2	1.80265e-06
231.3	1.81032e-06
231.4	1.81872e-06
231.5	1.82784e-06
231.6	1.83767e-06
231.7	1.84821e-06
231.8	1.85943e-06
231.9	1.87132e-06
232	1.88388e-06
232.1	1.89709e-06
232.2	1.91094e-06
232.3	1.9254e-06
232.4	1.94048e-06
232.5	1.95615e-06
232.6	1.9724e-06
232.7	1.98922e-06
232.8	2.00659e-06
232.9	2.02449e-06
233	2.04292e-06
233.1	2.06186e-06
233.2	2.07458e-06
233.3	2.08647e-06
233.4	2.09853e-06
233.5	2.11077e-06
233.6	2.12317e-06
233.7	2.13574e-06
233.8	2.14848e-06
233.9	2.16137e-06
234	2.17442e-06
234.1	2.18763e-06
234.2	2.20099e-06
234.3	2.21449e-06
234.4	2.22815e-06
234.5	2.24194e-06
234.6	2.25588e-06
234.7	2.26995e-06
234.8	2.28417e-06
234.9	2.29851e-06
235	2.31299e-06
235.1	2.32759e-06
235.2	2.34232e-06
235.3	2.35717e-06
235.4	2.37215e-06
235.5	2.38724e-06
235.6	2.40245e-06
235.7	2.41778e-06
235.8	2.4247e-06
235.9	2.4284e-06
236	2.4321e-06
236.1	2.43581e-06
236.2	2.43952e-06
236.3	2.44324e-06
236.4	2.44697e-06
236.5	2.4507e-06
236.6	2.45444e-06
236.7	2.45819e-06
236.8	2.46194e-06
236.9	2.4657e-06
237	2.46946e-06
237.1	2.47323e-06
237.2	2.47701e-06
237.3	2.48079e-06
237.4	2.48458e-06
237.5	2.48837e-06
237.6	2.49217e-06
237.7	2.49598e-06
237.8	2.49979e-06
237.9	2.5036e-06
238	2.50743e-06
238.1	2.51126e-06
238.2	2.51509e-06
238.3	2.51893e-06
238.4	2.52278e-06
238.5	2.52663e-06
238.6	2.53049e-06
238.7	2.53435e-06
238.8	2.53822e-06
238.9	2.54209e-06
239	2.53975e-06
239.1	2.53121e-06
239.2	2.52269e-06
239.3	2.5142e-06
239.4	2.50573e-06
239.5	2.4973e-06
239.6	2.48889e-06
239.7	2.48051e-06
239.8	2.47217e-06
239.9	2.46385e-06
240	2.45556e-06
240.1	2.4473e-06
240.2	2.43907e-06
240.3	2.43087e-06
240.4	2.4227e-06
240.5	2.41457e-06
240.6	2.40646e-06
240.7	2.39839e-06
240.8	2.39035e-06
240.9	2.38234e-06
241	2.37436e-06
241.1	2.36642e-06
241.2	2.35851e-06
241.3	2.35064e-06
241.4	2.3428e-06
241.5	2.33499e-06
241.6	2.32722e-06
241.7	2.31948e-06
241.8	2.31178e-06
241.9	2.30412e-06
242	2.29649e-06
242.1	2.27883e-06
242.2	2.26085e-06
242.3	2.2431e-06
242.4	2.22558e-06
242.5	2.20829e-06
242.6	2.19124e-06
242.7	2.17443e-06
242.8	2.15787e-06
242.9	2.14157e-06
243	2.12553e-06
243.1	2.10975e-06
243.2	2.09425e-06
243.3	2.07903e-06
243.4	2.06409e-06
243.5	2.04944e-06
243.6	2.0351e-06
243.7	2.02105e-06
243.8	2.00732e-06
243.9	1.99391e-06
244	1.98082e-06
244.1	1.96806e-06
244.2	1.95563e-06
244.3	1.94355e-06
244.4	1.92849e-06
244.5	1.91249e-06
244.6	1.89723e-06
244.7	1.88275e-06
244.8	1.86904e-06
244.9	1.85615e-06
245	1.84407e-06
245.1	1.83283e-06
245.2	1.82244e-06
245.3	1.81292e-06
245.4	1.80427e-06
245.5	1.79652e-06
245.6	1.78968e-06
245.7	1.78374e-06
245.8	1.77874e-06
245.9	1.77466e-06
246	1.77152e-06
246.1	1.76933e-06
246.2	1.76807e-06
246.3	1.76779e-06
246.4	1.76853e-06
246.5	1.77026e-06
246.6	1.773e-06
246.7	1.77673e-06
246.8	1.78145e-06
246.9	1.78716e-06
247	1.79383e-06
247.1	1.80147e-06
247.2	1.81005e-06
247.3	1.81958e-06
247.4	1.83002e-06
247.5	1.84137e-06
247.6	1.8536e-06
247.7	1.86671e-06
247.8	1.88067e-06
247.9	1.89416e-06
248	1.90564e-06
248.1	1.91757e-06
248.2	1.92993e-06
248.3	1.94271e-06
248.4	1.95592e-06
248.5	1.96953e-06
248.6	1.98355e-06
248.7	1.99796e-06
248.8	2.01276e-06
248.9	2.02793e-06
249	2.04347e-06
249.1	2.05937e-06
249.2	2.07562e-06
249.3	2.09221e-06
249.4	2.10914e-06
249.5	2.1264e-06
249.6	2.14397e-06
249.7	2.16186e-06
249.8	2.18005e-06
249.9	2.19854e-06
250	2.21731e-06
250.1	2.23333e-06
250.2	2.24251e-06
250.3	2.25175e-06
250.4	2.26106e-06
250.5	2.27042e-06
250.6	2.27985e-06
250.7	2.28933e-06
250.8	2.29888e-06
250.9	2.30848e-06
251	2.31813e-06
251.1	2.32785e-06
251.2	2.33761e-06
251.3	2.34744e-06
251.4	2.35732e-06
251.5	2.36725e-06
251.6	2.37723e-06
251.7	2.38727e-06
251.8	2.39736e-06
251.9	2.40749e-06
252	2.41768e-06
252.1	2.42792e-06
252.2	2.43821e-06
252.3	2.44854e-06
252.4	2.45893e-06
252.5	2.46936e-06
252.6	2.47983e-06
252.7	2.49036e-06
252.8	2.50093e-06
252.9	2.51154e-06
253	2.5222e-06
253.1	2.52219e-06
253.2	2.52052e-06
253.3	2.51886e-06
253.4	2.5172e-06
253.5	2.51555e-06
253.6	2.51389e-06
253.7	2.51223e-06
253.8	2.51058e-06
253.9	2.50893e-06
254	2.50727e-06
254.1	2.50562e-06
254.2	2.50397e-06
254.3	2.50232e-06
254.4	2.50067e-06
254.5	2.49903e-06
254.6	2.49738e-06
254.7	2.49573e-06
254.8	2.49409e-06
254.9	2.49245e-06
255	2.49081e-06
255.1	2.48916e-06
255.2	2.48752e-06
255.3	2.48589e-06
255.4	2.48425e-06
255.5	2.48261e-06
255.6	2.48098e-06
255.7	2.47934e-06
255.8	2.47771e-06
255.9	2.47608e-06
256	2.47445e-06
256.1	2.47282e-06
256.2	2.47119e-06
256.3	2.46635e-06
256.4	2.45274e-06
256.5	2.43921e-06
256.6	2.42577e-06
256.7	2.41241e-06
256.8	2.39914e-06
256.9	2.38595e-06
257	2.37285e-06
257.1	2.35984e-06
257.2	2.34692e-06
257.3	2.3341e-06
257.4	2.32137e-06
257.5	2.30873e-06
257.6	2.29619e-06
257.7	2.28375e-06
257.8	2.27141e-06
257.9	2.25918e-06
258	2.24704e-06
258.1	2.23501e-06
258.2	2.22309e-06
258.3	2.21128e-06
258.4	2.19958e-06
258.5	2.18799e-06
258.6	2.17652e-06
258.7	2.16516e-06
258.8	2.15392e-06
258.9	2.1428e-06
259	2.1318e-06
259.1	2.11437e-06
259.2	2.09533e-06
259.3	2.0767e-06
259.4	2.0585e-06
259.5	2.04074e-06
259.6	2.02343e-06
259.7	2.00659e-06
259.8	1.99023e-06
259.9	1.97435e-06
260	1.95898e-06
260.1	1.94411e-06
260.2	1.92977e-06
260.3	1.91597e-06
260.4	1.90271e-06
260.5	1.89001e-06
260.6	1.87788e-06
260.7	1.86633e-06
260.8	1.85538e-06
260.9	1.84502e-06
261	1.83528e-06
261.1	1.82532e-06
261.2	1.81505e-06
261.3	1.80575e-06
261.4	1.79744e-06
261.5	1.79013e-06
261.6	1.78384e-06
261.7	1.77858e-06
261.8	1.77434e-06
261.9	1.77115e-06
262	1.76901e-06
262.1	1.76792e-06
262.2	1.76788e-06
262.3	1.7689e-06
262.4	1.77096e-06
262.5	1.77408e-06
262.6	1.77823e-06
262.7	1.78343e-06
262.8	1.78938e-06
262.9	1.79574e-06
263	1.80291e-06
263.1	1.81086e-06
263.2	1.8196e-06
263.3	1.8291e-06
263.4	1.83936e-06
263.5	1.85036e-06
263.6	1.8621e-06
263.7	1.87455e-06
263.8	1.8877e-06
263.9	1.90154e-06
264	1.91605e-06
264.1	1.93123e-06
264.2	1.94704e-06
264.3	1.96348e-06
264.4	1.98054e-06
264.5	1.99818e-06
264.6	2.01641e-06
264.7	2.03195e-06
264.8	2.04406e-06
264.9	2.05639e-06
265	2.06893e-06
265.1	2.08168e-06
265.2	2.09463e-06
265.3	2.10779e-06
265.4	2.12114e-06
265.5	2.13469e-06
265.6	2.14843e-06
265.7	2.16235e-06
265.8	2.17646e-06
265.9	2.19075e-06
266	2.20521e-06
266.1	2.21985e-06
266.2	2.23465e-06
266.3	2.24962e-06
266.4	2.26476e-06
266.5	2.28005e-06
266.6	2.2955e-06
266.7	2.3111e-06
266.8	2.32685e-06
266.9	2.34275e-06
267	2.35879e-06
267.1	2.37498e-06
267.2	2.38947e-06
267.3	2.39436e-06
267.4	2.39927e-06
267.5	2.40419e-06
267.6	2.40912e-06
267.7	2.41407e-06
267.8	2.41902e-06
267.9	2.42399e-06
268	2.42897e-06
268.1	2.43396e-06
268.2	2.43896e-06
268.3	2.44398e-06
268.4	2.449e-06
268.5	2.45404e-06
268.6	2.45908e-06
268.7	2.46414e-06
268.8	2.46921e-06
268.9	2.47429e-06
269	2.47938e-06
269.1	2.48448e-06
269.2	2.4896e-06
269.3	2.49472e-06
269.4	2.49985e-06
269.5	2.505e-06
269.6	2.51015e-06
269.7	2.51532e-06
269.8	2.52049e-06
269.9	2.52568e-06
270	2.53088e-06
270.1	2.53608e-06
270.2	2.5413e-06
270.3	2.54653e-06
270.4	2.54799e-06
270.5	2.54076e-06
270.6	2.53355e-06
270.7	2.52636e-06
270.8	2.51919e-06
270.9	2.51204e-06
271	2.50491e-06
271.1	2.4978e-06
271.2	2.49071e-06
271.3	2.48364e-06
271.4	2.47659e-06
271.5	2.46956e-06
271.6	2.46255e-06
271.7	2.45556e-06
271.8	2.4486e-06
271.9	2.44165e-06
272	2.43473e-06
272.1	2.42783e-06
272.2	2.42095e-06
272.3	2.4141e-06
272.4	2.40726e-06
272.5	2.40045e-06
272.6	2.39366e-06
272.7	2.3869e-06
272.8	2.38015e-06
272.9	2.37344e-06
273	2.36674e-06
273.1	2.36007e-06
273.2	2.35342e-06
273.3	2.3468e-06
273.4	2.3402e-06
273.5	2.33181e-06
273.6	2.31433e-06
273.7	2.29703e-06
273.8	2.27992e-06
273.9	2.263e-06
274	2.24627e-06
274.1	2.22975e-06
274.2	2.21343e-06
274.3	2.19732e-06
274.4	2.18142e-06
274.5	2.16574e-06
274.6	2.15029e-06
274.7	2.13506e-06
274.8	2.12007e-06
274.9	2.10532e-06
275	2.0908e-06
275.1	2.07654e-06
275.2	2.06253e-06
275.3	2.04878e-06
275.4	2.03529e-06
275.5	2.02207e-06
275.6	2.00913e-06
275.7	1.99646e-06
275.8	1.98408e-06
275.9	1.9715e-06
276	1.95409e-06
276.1	1.93736e-06
276.2	1.92131e-06
276.3	1.90598e-06
276.4	1.89136e-06
276.5	1.87749e-06
276.6	1.86438e-06
276.7	1.85204e-06
276.8	1.84049e-06
276.9	1.82974e-06
277	1.81982e-06
277.1	1.81072e-06
277.2	1.80247e-06
277.3	1.79508e-06
277.4	1.78855e-06
277.5	1.7829e-06
277.6	1.77814e-06
277.7	1.77426e-06
277.8	1.77115e-06
277.9	1.76903e-06
278	1.76793e-06
278.1	1.76786e-06
278.2	1.76883e-06
278.3	1.77082e-06
278.4	1.77383e-06
278.5	1.77786e-06
278.6	1.78291e-06
278.7	1.78896e-06
278.8	1.796e-06
278.9	1.80403e-06
279	1.81302e-06
279.1	1.82297e-06
279.2	1.83386e-06
279.3	1.84567e-06
279.4	1.85838e-06
279.5	1.8701e-06
279.6	1.88109e-06
279.7	1.89259e-06
279.8	1.90459e-06
279.9	1.91708e-06
280	1.93005e-06
280.1	1.94349e-06
280.2	1.95739e-06
280.3	1.97174e-06
280.4	1.98653e-06
280.5	2.00176e-06
280.6	2.0174e-06
280.7	2.03346e-06
280.8	2.04992e-06
280.9	2.06678e-06
281	2.08401e-06
281.1	2.10163e-06
281.2	2.1196e-06
281.3	2.13793e-06
281.4	2.15661e-06
281.5	2.17562e-06
281.6	2.19241e-06
281.7	2.20241e-06
281.8	2.21248e-06
281.9	2.22265e-06
282	2.23289e-06
282.1	2.24321e-06
282.2	2.25361e-06
282.3	2.26408e-06
282.4	2.27463e-06
282.5	2.28526e-06
282.6	2.29596e-06
282.7	2.30674e-06
282.8	2.31759e-06
282.9	2.32851e-06
283	2.33949e-06
283.1	2.35055e-06
283.2	2.36168e-06
283.3	2.37287e-06
283.4	2.38413e-06
283.5	2.39545e-06
283.6	2.40684e-06
283.7	2.41829e-06
283.8	2.42981e-06
283.9	2.44139e-06
284	2.45302e-06
284.1	2.46472e-06
284.2	2.47648e-06
284.3	2.48829e-06
284.4	2.50016e-06
284.5	2.50495e-06
284.6	2.50463e-06
284.7	2.50431e-06
284.8	2.50399e-06
284.9	2.50366e-06
285	2.50334e-06
285.1	2.50302e-06
285.2	2.5027e-06
285.3	2.50237e-06
285.4	2.50205e-06
285.5	2.50173e-06
285.6	2.50141e-06
285.7	2.50108e-06
285.8	2.50076e-06
285.9	2.50044e-06
286	2.50012e-06
286.1	2.4998e-06
286.2	2.49947e-06
286.3	2.49915e-06
286.4	2.49883e-06
286.5	2.49851e-06
286.6	2.49818e-06
286.7	2.49786e-06
286.8	2.49754e-06
286.9	2.49722e-06
287	2.4969e-06
287.1	2.49658e-06
287.2	2.49625e-06
287.3	2.49593e-06
287.4	2.49561e-06
287.5	2.49529e-06
287.6	2.49497e-06
287.7	2.49465e-06
287.8	2.48339e-06
287.9	2.47097e-06
288	2.45862e-06
288.1	2.44633e-06
288.2	2.43411e-06
288.3	2.42195e-06
288.4	2.40987e-06
288.5	2.39786e-06
288.6	2.38591e-06
288.7	2.37404e-06
288.8	2.36225e-06
288.9	2.35053e-06
289	2.33888e-06
289.1	2.32731e-06
289.2	2.31582e-06
289.3	2.3044e-06
289.4	2.29307e-06
289.5	2.28182e-06
289.6	2.27065e-06
289.7	2.25957e-06
289.8	2.24857e-06
289.9	2.23766e-06
290	2.22683e-06
290.1	2.2161e-06
290.2	2.20545e-06
290.3	2.19489e-06
290.4	2.18443e-06
290.5	2.17407e-06
290.6	2.15836e-06
290.7	2.13924e-06
290.8	2.12048e-06
290.9	2.10209e-06
291	2.08408e-06
291.1	2.06646e-06
291.2	2.04924e-06
291.3	2.03243e-06
291.4	2.01605e-06
291.5	2.00009e-06
291.6	1.98458e-06
291.7	1.96952e-06
291.8	1.95492e-06
291.9	1.9408e-06
292	1.92716e-06
292.1	1.91401e-06
292.2	1.90137e-06
292.3	1.88924e-06
292.4	1.87763e-06
292.5	1.86657e-06
292.6	1.85604e-06
292.7	1.84448e-06
292.8	1.8327e-06
292.9	1.82186e-06
293	1.81197e-06
293.1	1.80304e-06
293.2	1.7951e-06
293.3	1.78814e-06
293.4	1.7822e-06
293.5	1.77726e-06
293.6	1.77335e-06
293.7	1.77047e-06
293.8	1.76862e-06
293.9	1.76781e-06
294	1.76804e-06
294.1	1.7693e-06
294.2	1.77161e-06
294.3	1.77495e-06
294.4	1.77915e-06
294.5	1.78405e-06
294.6	1.78981e-06
294.7	1.79643e-06
294.8	1.80389e-06
294.9	1.81219e-06
295	1.82131e-06
295.1	1.83124e-06
295.2	1.84196e-06
295.3	1.85347e-06
295.4	1.86575e-06
295.5	1.87878e-06
295.6	1.89255e-06
295.7	1.90704e-06
295.8	1.92224e-06
295.9	1.93812e-06
296	1.95468e-06
296.1	1.97189e-06
296.2	1.98975e-06
296.3	2.00195e-06
296.4	2.01434e-06
296.5	2.02698e-06
296.6	2.03988e-06
296.7	2.05303e-06
296.8	2.06642e-06
296.9	2.08006e-06
297	2.09393e-06
297.1	2.10803e-06
297.2	2.12237e-06
297.3	2.13692e-06
297.4	2.15169e-06
297.5	2.16668e-06
297.6	2.18188e-06
297.7	2.19728e-06
297.8	2.21288e-06
297.9	2.22868e-06
298	2.24467e-06
298.1	2.26085e-06
298.2	2.27721e-06
298.3	2.29375e-06
298.4	2.31047e-06
298.5	2.32737e-06
298.6	2.34443e-06
298.7	2.35594e-06
298.8	2.36199e-06
298.9	2.36807e-06
299	2.37416e-06
299.1	2.38027e-06
299.2	2.3864e-06
299.3	2.39255e-06
299.4	2.39872e-06
299.5	2.40491e-06
299.6	2.41112e-06
299.7	2.41734e-06
299.8	2.42359e-06
299.9	2.42985e-06
300	2.43613e-06
300.1	2.44243e-06
300.2	2.44875e-06
300.3	2.45508e-06
300.4	2.46143e-06
300.5	2.4678e-06
300.6	2.47419e-06
300.7	2.48059e-06
300.8	2.48701e-06
300.9	2.49345e-06
301	2.49991e-06
301.1	2.50638e-06
301.2	2.51287e-06
301.3	2.51937e-06
301.4	2.5259e-06
301.5	2.53243e-06
301.6	2.53899e-06
301.7	2.54556e-06
301.8	2.55071e-06
301.9	2.54482e-06
302	2.53895e-06
302.1	2.53308e-06
302.2	2.52723e-06
302.3	2.52139e-06
302.4	2.51557e-06
302.5	2.50975e-06
302.6	2.50395e-06
302.7	2.49817e-06
302.8	2.4924e-06
302.9	2.48664e-06
303	2.48089e-06
303.1	2.47516e-06
303.2	2.46944e-06
303.3	2.46374e-06
303.4	2.45805e-06
303.5	2.45237e-06
303.6	2.44671e-06
303.7	2.44106e-06
303.8	2.43543e-06
303.9	2.42981e-06
304	2.42421e-06
304.1	2.41862e-06
304.2	2.41304e-06
304.3	2.40748e-06
304.4	2.40194e-06
304.5	2.39641e-06
304.6	2.39089e-06
304.7	2.38539e-06
304.8	2.37991e-06
304.9	2.37444e-06
305	2.36367e-06
305.1	2.34701e-06
305.2	2.33052e-06
305.3	2.31417e-06
305.4	2.29799e-06
305.5	2.28197e-06
305.6	2.26612e-06
305.7	2.25044e-06
305.8	2.23493e-06
305.9	2.21961e-06
306	2.20446e-06
306.1	2.1895e-06
306.2	2.17472e-06
306.3	2.16014e-06
306.4	2.14576e-06
306.5	2.13158e-06
306.6	2.1176e-06
306.7	2.10383e-06
306.8	2.09027e-06
306.9	2.07694e-06
307	2.06382e-06
307.1	2.05093e-06
307.2	2.03827e-06
307.3	2.02584e-06
307.4	2.01365e-06
307.5	1.99803e-06
307.6	1.98014e-06
307.7	1.96286e-06
307.8	1.94621e-06
307.9	1.93021e-06
308	1.91488e-06
308.1	1.90021e-06
308.2	1.88625e-06
308.3	1.87299e-06
308.4	1.86046e-06
308.5	1.84866e-06
308.6	1.83762e-06
308.7	1.82735e-06
308.8	1.81785e-06
308.9	1.80915e-06
309	1.80126e-06
309.1	1.79417e-06
309.2	1.78792e-06
309.3	1.78249e-06
309.4	1.77753e-06
309.5	1.77354e-06
309.6	1.77059e-06
309.7	1.76868e-06
309.8	1.76782e-06
309.9	1.76801e-06
310	1.76924e-06
310.1	1.77152e-06
310.2	1.77484e-06
310.3	1.77919e-06
310.4	1.78458e-06
310.5	1.79098e-06
310.6	1.79838e-06
310.7	1.80679e-06
310.8	1.81617e-06
310.9	1.82652e-06
311	1.83782e-06
311.1	1.84804e-06
311.2	1.85836e-06
311.3	1.86925e-06
311.4	1.88071e-06
311.5	1.89273e-06
311.6	1.90529e-06
311.7	1.91839e-06
311.8	1.93201e-06
311.9	1.94614e-06
312	1.96078e-06
312.1	1.9759e-06
312.2	1.9915e-06
312.3	2.00758e-06
312.4	2.02411e-06
312.5	2.04108e-06
312.6	2.05849e-06
312.7	2.07632e-06
312.8	2.09457e-06
312.9	2.11322e-06
313	2.13226e-06
313.1	2.15043e-06
313.2	2.16112e-06
313.3	2.17192e-06
313.4	2.18282e-06
313.5	2.19383e-06
313.6	2.20494e-06
313.7	2.21615e-06
313.8	2.22747e-06
313.9	2.23888e-06
314	2.25039e-06
314.1	2.26199e-06
314.2	2.27369e-06
314.3	2.28548e-06
314.4	2.29736e-06
314.5	2.30934e-06
314.6	2.3214e-06
314.7	2.33355e-06
314.8	2.34578e-06
314.9	2.3581e-06
315	2.3705e-06
315.1	2.38299e-06
315.2	2.39555e-06
315.3	2.40819e-06
315.4	2.42091e-06
315.5	2.43371e-06
315.6	2.44659e-06
315.7	2.45954e-06
315.8	2.47256e-06
315.9	2.48269e-06
316	2.48369e-06
316.1	2.48468e-06
316.2	2.48568e-06
316.3	2.48668e-06
316.4	2.48768e-06
316.5	2.48867e-06
316.6	2.48967e-06
316.7	2.49067e-06
316.8	2.49167e-06
316.9	2.49267e-06
317	2.49367e-06
317.1	2.49467e-06
317.2	2.49567e-06
317.3	2.49668e-06
317.4	2.49768e-06
317.5	2.49868e-06
317.6	2.49968e-06
317.7	2.50069e-06
317.8	2.50169e-06
317.9	2.50269e-06
318	2.5037e-06
318.1	2.5047e-06
318.2	2.50571e-06
318.3	2.50671e-06
318.4	2.50772e-06
318.5	2.50873e-06
318.6	2.50973e-06
318.7	2.51074e-06
318.8	2.51175e-06
318.9	2.51276e-06
319	2.51376e-06
319.1	2.51477e-06
319.2	2.50853e-06
319.3	2.49729e-06
319.4	2.4861e-06
319.5	2.47496e-06
319.6	2.46388e-06
319.7	2.45284e-06
319.8	2.44187e-06
319.9	2.43094e-06
320	2.42007e-06
320.1	2.40926e-06
320.2	2.3985e-06
320.3	2.3878e-06
320.4	2.37715e-06
320.5	2.36657e-06
320.6	2.35604e-06
320.7	2.34558e-06
320.8	2.33517e-06
320.9	2.32483e-06
321	2.31455e-06
321.1	2.30434e-06
321.2	2.29419e-06
321.3	2.2841e-06
321.4	2.27408e-06
321.5	2.26413e-06
321.6	2.25424e-06
321.7	2.24442e-06
321.8	2.23468e-06
321.9	2.225e-06
322	2.2154e-06
322.1	2.2009e-06
322.2	2.18192e-06
322.3	2.16326e-06
322.4	2.14491e-06
322.5	2.12689e-06
322.6	2.10921e-06
322.7	2.09187e-06
322.8	2.07488e-06
322.9	2.05825e-06
323	2.04199e-06
323.1	2.02611e-06
323.2	2.01061e-06
323.3	1.99552e-06
323.4	1.98082e-06
323.5	1.96655e-06
323.6	1.95269e-06
323.7	1.93927e-06
323.8	1.92629e-06
323.9	1.91376e-06
324	1.9017e-06
324.1	1.8901e-06
324.2	1.87897e-06
324.3	1.86558e-06
324.4	1.85246e-06
324.5	1.84023e-06
324.6	1.8289e-06
324.7	1.81848e-06
324.8	1.80901e-06
324.9	1.80048e-06
325	1.79291e-06
325.1	1.78632e-06
325.2	1.78072e-06
325.3	1.77611e-06
325.4	1.77251e-06
325.5	1.76991e-06
325.6	1.76833e-06
325.7	1.76777e-06
325.8	1.76822e-06
325.9	1.76969e-06
326	1.77211e-06
326.1	1.77541e-06
326.2	1.77963e-06
326.3	1.78475e-06
326.4	1.79078e-06
326.5	1.79771e-06
326.6	1.80552e-06
326.7	1.8142e-06
326.8	1.82374e-06
326.9	1.83413e-06
327	1.84535e-06
327.1	1.85739e-06
327.2	1.87023e-06
327.3	1.88385e-06
327.4	1.89825e-06
327.5	1.91339e-06
327.6	1.92927e-06
327.7	1.94586e-06
327.8	1.96077e-06
327.9	1.97297e-06
328	1.98549e-06
328.1	1.99831e-06
328.2	2.01144e-06
328.3	2.02486e-06
328.4	2.03858e-06
328.5	2.05258e-06
328.6	2.06686e-06
328.7	2.08141e-06
328.8	2.09624e-06
328.9	2.11133e-06
329	2.12667e-06
329.1	2.14226e-06
329.2	2.15811e-06
329.3	2.17419e-06
329.4	2.1905e-06
329.5	2.20705e-06
329.6	2.22383e-06
329.7	2.24082e-06
329.8	2.25803e-06
329.9	2.27545e-06
330	2.29307e-06
330.1	2.31089e-06
330.2	2.32053e-06
330.3	2.32768e-06
330.4	2.33486e-06
330.5	2.34207e-06
330.6	2.34931e-06
330.7	2.35658e-06
330.8	2.36387e-06
330.9	2.3712e-06
331	2.37855e-06
331.1	2.38593e-06
331.2	2.39335e-06
331.3	2.40078e-06
331.4	2.40825e-06
331.5	2.41574e-06
331.6	2.42326e-06
331.7	2.43081e-06
331.8	2.43838e-06
331.9	2.44598e-06
332	2.4536e-06
332.1	2.46125e-06
332.2	2.46892e-06
332.3	2.47663e-06
332.4	2.48435e-06
332.5	2.4921e-06
332.6	2.49988e-06
332.7	2.50767e-06
332.8	2.5155e-06
332.9	2.52334e-06
333	2.53121e-06
333.1	2.53911e-06
333.2	2.54702e-06
333.3	2.54345e-06
333.4	2.53892e-06
333.5	2.53439e-06
333.6	2.52988e-06
333.7	2.52537e-06
333.8	2.52087e-06
333.9	2.51638e-06
334	2.5119e-06
334.1	2.50742e-06
334.2	2.50295e-06
334.3	2.49849e-06
334.4	2.49404e-06
334.5	2.4896e-06
334.6	2.48516e-06
334.7	2.48073e-06
334.8	2.47631e-06
334.9	2.4719e-06
335	2.4675e-06
335.1	2.4631e-06
335.2	2.45872e-06
335.3	2.45434e-06
335.4	2.44997e-06
335.5	2.44561e-06
335.6	2.44125e-06
335.7	2.43691e-06
335.8	2.43257e-06
335.9	2.42825e-06
336	2.42393e-06
336.1	2.41962e-06
336.2	2.41532e-06
336.3	2.41102e-06
336.4	2.40674e-06
336.5	2.39247e-06
336.6	2.37675e-06
336.7	2.36116e-06
336.8	2.3457e-06
336.9	2.33037e-06
337	2.31518e-06
337.1	2.30012e-06
337.2	2.28521e-06
337.3	2.27044e-06
337.4	2.25581e-06
337.5	2.24134e-06
337.6	2.22702e-06
337.7	2.21285e-06
337.8	2.19884e-06
337.9	2.185e-06
338	2.17131e-06
338.1	2.1578e-06
338.2	2.14445e-06
338.3	2.13128e-06
338.4	2.11829e-06
338.5	2.10547e-06
338.6	2.09284e-06
338.7	2.0804e-06
338.8	2.06815e-06
338.9	2.05609e-06
339	2.04329e-06
339.1	2.02456e-06
339.2	2.00637e-06
339.3	1.98873e-06
339.4	1.97167e-06
339.5	1.95519e-06
339.6	1.9393e-06
339.7	1.92404e-06
339.8	1.9094e-06
339.9	1.89541e-06
340	1.88207e-06
340.1	1.86941e-06
340.2	1.85744e-06
340.3	1.84616e-06
340.4	1.8356e-06
340.5	1.82576e-06
340.6	1.81666e-06
340.7	1.80831e-06
340.8	1.80071e-06
340.9	1.79388e-06
341	1.78706e-06
341.1	1.78123e-06
341.2	1.77644e-06
341.3	1.7727e-06
341.4	1.77e-06
341.5	1.76836e-06
341.6	1.76777e-06
341.7	1.76824e-06
341.8	1.76977e-06
341.9	1.77235e-06
342	1.77598e-06
342.1	1.78066e-06
342.2	1.78637e-06
342.3	1.7931e-06
342.4	1.80085e-06
342.5	1.8096e-06
342.6	1.81934e-06
342.7	1.82822e-06
342.8	1.83767e-06
342.9	1.84778e-06
343	1.85852e-06
343.1	1.86988e-06
343.2	1.88185e-06
343.3	1.89443e-06
343.4	1.9076e-06
343.5	1.92134e-06
343.6	1.93565e-06
343.7	1.95051e-06
343.8	1.96591e-06
343.9	1.98184e-06
344	1.99828e-06
344.1	2.01523e-06
344.2	2.03266e-06
344.3	2.05057e-06
344.4	2.06895e-06
344.5	2.08778e-06
344.6	2.10705e-06
344.7	2.11895e-06
344.8	2.13033e-06
344.9	2.14184e-06
345	2.15349e-06
345.1	2.16527e-06
345.2	2.17718e-06
345.3	2.18921e-06
345.4	2.20137e-06
345.5	2.21366e-06
345.6	2.22606e-06
345.7	2.23859e-06
345.8	2.25123e-06
345.9	2.26399e-06
346	2.27686e-06
346.1	2.28984e-06
346.2	2.30293e-06
346.3	2.31613e-06
346.4	2.32944e-06
346.5	2.34284e-06
346.6	2.35636e-06
346.7	2.36997e-06
346.8	2.38368e-06
346.9	2.39749e-06
347	2.41139e-06
347.1	2.42538e-06
347.2	2.43947e-06
347.3	2.45365e-06
347.4	2.45782e-06
347.5	2.46011e-06
347.6	2.4624e-06
347.7	2.4647e-06
347.8	2.46699e-06
347.9	2.46929e-06
348	2.47159e-06
348.1	2.47389e-06
348.2	2.4762e-06
348.3	2.4785e-06
348.4	2.48081e-06
348.5	2.48312e-06
348.6	2.48544e-06
348.7	2.48775e-06
348.8	2.49007e-06
348.9	2.49239e-06
349	2.49471e-06
349.1	2.49704e-06
349.2	2.49936e-06
349.3	2.50169e-06
349.4	2.50402e-06
349.5	2.50636e-06
349.6	2.50869e-06
349.7	2.51103e-06
349.8	2.51337e-06
349.9	2.51571e-06
350	2.51806e-06
350.1	2.5204e-06
350.2	2.52275e-06
350.3	2.5251e-06
350.4	2.52745e-06
350.5	2.52981e-06
350.6	2.52808e-06
350.7	2.51808e-06
350.8	2.50812e-06
350.9	2.49819e-06
351	2.48831e-06
351.1	2.47847e-06
351.2	2.46866e-06
351.3	2.4589e-06
351.4	2.44918e-06
351.5	2.4395e-06
351.6	2.42987e-06
351.7	2.42027e-06
351.8	2.41072e-06
351.9	2.40121e-06
352	2.39175e-06
352.1	2.38233e-06
352.2	2.37296e-06
352.3	2.36363e-06
352.4	2.35435e-06
352.5	2.34512e-06
352.6	2.33594e-06
352.7	2.3268e-06
352.8	2.31771e-06
352.9	2.30867e-06
353	2.29968e-06
353.1	2.29074e-06
353.2	2.28186e-06
353.3	2.27302e-06
353.4	2.26424e-06
353.5	2.2555e-06
353.6	2.24148e-06
353.7	2.22285e-06
353.8	2.20449e-06
353.9	2.1864e-06
354	2.16858e-06
354.1	2.15105e-06
354.2	2.13382e-06
354.3	2.11688e-06
354.4	2.10025e-06
354.5	2.08393e-06
354.6	2.06794e-06
354.7	2.05227e-06
354.8	2.03694e-06
354.9	2.02196e-06
355	2.00732e-06
355.1	1.99305e-06
355.2	1.97915e-06
355.3	1.96561e-06
355.4	1.95247e-06
355.5	1.93971e-06
355.6	1.92735e-06
355.7	1.9154e-06
355.8	1.90339e-06
355.9	1.88829e-06
356	1.874e-06
356.1	1.86054e-06
356.2	1.84793e-06
356.3	1.83618e-06
356.4	1.82532e-06
356.5	1.81535e-06
356.6	1.8063e-06
356.7	1.79817e-06
356.8	1.79099e-06
356.9	1.78475e-06
357	1.77948e-06
357.1	1.77518e-06
357.2	1.77185e-06
357.3	1.7695e-06
357.4	1.76815e-06
357.5	1.76777e-06
357.6	1.76839e-06
357.7	1.76997e-06
357.8	1.77251e-06
357.9	1.77601e-06
358	1.78047e-06
358.1	1.78588e-06
358.2	1.79222e-06
358.3	1.7995e-06
358.4	1.80769e-06
358.5	1.81679e-06
358.6	1.82678e-06
358.7	1.83765e-06
358.8	1.84938e-06
358.9	1.86196e-06
359	1.87536e-06
359.1	1.88958e-06
359.2	1.90459e-06
359.3	1.92037e-06
359.4	1.933e-06
359.5	1.94513e-06
359.6	1.95763e-06
359.7	1.97048e-06
359.8	1.9837e-06
359.9	1.99726e-06
360	2.01117e-06
360.1	2.02541e-06
360.2	2.03997e-06
360.3	2.05486e-06
360.4	2.07006e-06
360.5	2.08557e-06
360.6	2.10138e-06
360.7	2.11748e-06
360.8	2.13387e-06
360.9	2.15054e-06
361	2.16748e-06
361.1	2.18469e-06
361.2	2.20216e-06
361.3	2.21989e-06
361.4	2.23786e-06
361.5	2.25608e-06
361.6	2.27453e-06
361.7	2.28336e-06
361.8	2.29154e-06
361.9	2.29976e-06
362	2.30802e-06
362.1	2.31632e-06
362.2	2.32467e-06
362.3	2.33305e-06
362.4	2.34148e-06
362.5	2.34995e-06
362.6	2.35845e-06
362.7	2.367e-06
362.8	2.37558e-06
362.9	2.38421e-06
363	2.39287e-06
363.1	2.40157e-06
363.2	2.41031e-06
363.3	2.41908e-06
363.4	2.4279e-06
363.5	2.43674e-06
363.6	2.44563e-06
363.7	2.45455e-06
363.8	2.4635e-06
363.9	2.47249e-06
364	2.48151e-06
364.1	2.49057e-06
364.2	2.49966e-06
364.3	2.50878e-06
364.4	2.51794e-06
364.5	2.52713e-06
364.6	2.53635e-06
364.7	2.5367e-06
364.8	2.53353e-06
364.9	2.53036e-06
365	2.52719e-06
365.1	2.52402e-06
365.2	2.52086e-06
365.3	2.5177e-06
365.4	2.51455e-06
365.5	2.5114e-06
365.6	2.50825e-06
365.7	2.50511e-06
365.8	2.50197e-06
365.9	2.49884e-06
366	2.49571e-06
366.1	2.49258e-06
366.2	2.48946e-06
366.3	2.48634e-06
366.4	2.48323e-06
366.5	2.48012e-06
366.6	2.47701e-06
366.7	2.47391e-06
366.8	2.47081e-06
366.9	2.46772e-06
367	2.46463e-06
367.1	2.46154e-06
367.2	2.45846e-06
367.3	2.45538e-06
367.4	2.45231e-06
367.5	2.44924e-06
367.6	2.44617e-06
367.7	2.44311e-06
367.8	2.44005e-06
367.9	2.43295e-06
368	2.41815e-06
368.1	2.40345e-06
368.2	2.38886e-06
368.3	2.37437e-06
368.4	2.36e-06
368.5	2.34573e-06
368.6	2.33158e-06
368.7	2.31754e-06
368.8	2.30362e-06
368.9	2.28982e-06
369	2.27614e-06
369.1	2.26259e-06
369.2	2.24916e-06
369.3	2.23586e-06
369.4	2.22269e-06
369.5	2.20965e-06
369.6	2.19675e-06
369.7	2.18399e-06
369.8	2.17136e-06
369.9	2.15888e-06
370	2.14654e-06
370.1	2.13436e-06
370.2	2.12232e-06
370.3	2.11043e-06
370.4	2.0987e-06
370.5	2.08713e-06
370.6	2.06969e-06
370.7	2.05088e-06
370.8	2.03256e-06
370.9	2.01474e-06
371	1.99743e-06
371.1	1.98064e-06
371.2	1.9644e-06
371.3	1.94871e-06
371.4	1.93358e-06
371.5	1.91904e-06
371.6	1.90508e-06
371.7	1.89174e-06
371.8	1.87901e-06
371.9	1.86691e-06
372	1.85546e-06
372.1	1.84467e-06
372.2	1.83454e-06
372.3	1.82509e-06
372.4	1.81633e-06
372.5	1.80815e-06
372.6	1.79955e-06
372.7	1.79195e-06
372.8	1.78538e-06
372.9	1.77983e-06
373	1.77532e-06
373.1	1.77185e-06
373.2	1.76944e-06
373.3	1.76809e-06
373.4	1.76779e-06
373.5	1.76856e-06
373.6	1.77039e-06
373.7	1.77327e-06
373.8	1.7772e-06
373.9	1.78217e-06
374	1.78818e-06
374.1	1.79522e-06
374.2	1.80316e-06
374.3	1.81085e-06
374.4	1.81926e-06
374.5	1.82839e-06
374.6	1.83822e-06
374.7	1.84874e-06
374.8	1.85995e-06
374.9	1.87183e-06
375	1.88436e-06
375.1	1.89754e-06
375.2	1.91134e-06
375.3	1.92577e-06
375.4	1.9408e-06
375.5	1.95641e-06
375.6	1.97261e-06
375.7	1.98936e-06
375.8	2.00666e-06
375.9	2.02449e-06
376	2.04284e-06
376.1	2.0617e-06
376.2	2.07628e-06
376.3	2.08808e-06
376.4	2.10005e-06
376.5	2.11218e-06
376.6	2.12449e-06
376.7	2.13695e-06
376.8	2.14957e-06
376.9	2.16235e-06
377	2.17529e-06
377.1	2.18838e-06
377.2	2.20161e-06
377.3	2.21499e-06
377.4	2.22852e-06
377.5	2.24218e-06
377.6	2.25599e-06
377.7	2.26992e-06
377.8	2.284e-06
377.9	2.2982e-06
378	2.31253e-06
378.1	2.32699e-06
378.2	2.34157e-06
378.3	2.35627e-06
378.4	2.37109e-06
378.5	2.38603e-06
378.6	2.40108e-06
378.7	2.41625e-06
378.8	2.42719e-06
378.9	2.43074e-06
379	2.43429e-06
379.1	2.43784e-06
379.2	2.4414e-06
379.3	2.44497e-06
379.4	2.44854e-06
379.5	2.45212e-06
379.6	2.4557e-06
379.7	2.45929e-06
379.8	2.46289e-06
379.9	2.46649e-06
380	2.47009e-06
380.1	2.47371e-06
380.2	2.47732e-06
380.3	2.48095e-06
380.4	2.48457e-06
380.5	2.48821e-06
380.6	2.49185e-06
380.7	2.49549e-06
380.8	2.49914e-06
380.9	2.50279e-06
381	2.50645e-06
381.1	2.51012e-06
381.2	2.51379e-06
381.3	2.51747e-06
381.4	2.52115e-06
381.5	2.52484e-06
381.6	2.52853e-06
381.7	2.53222e-06
381.8	2.53593e-06
381.9	2.53963e-06
382	2.54203e-06
382.1	2.53331e-06
382.2	2.52462e-06
382.3	2.51596e-06
382.4	2.50733e-06
382.5	2.49873e-06
382.6	2.49016e-06
382.7	2.48162e-06
382.8	2.47311e-06
382.9	2.46463e-06
383	2.45618e-06
383.1	2.44776e-06
383.2	2.43937e-06
383.3	2.43102e-06
383.4	2.42269e-06
383.5	2.4144e-06
383.6	2.40614e-06
383.7	2.39792e-06
383.8	2.38973e-06
383.9	2.38157e-06
384	2.37345e-06
384.1	2.36536e-06
384.2	2.3573e-06
384.3	2.34928e-06
384.4	2.3413e-06
384.5	2.33335e-06
384.6	2.32544e-06
384.7	2.31757e-06
384.8	2.30973e-06
384.9	2.30193e-06
385	2.29416e-06
385.1	2.27974e-06
385.2	2.26163e-06
385.3	2.24374e-06
385.4	2.22608e-06
385.5	2.20866e-06
385.6	2.19149e-06
385.7	2.17455e-06
385.8	2.15788e-06
385.9	2.14146e-06
386	2.1253e-06
386.1	2.10942e-06
386.2	2.09382e-06
386.3	2.07849e-06
386.4	2.06346e-06
386.5	2.04873e-06
386.6	2.03429e-06
386.7	2.02017e-06
386.8	2.00636e-06
386.9	1.99287e-06
387	1.97972e-06
387.1	1.96689e-06
387.2	1.95441e-06
387.3	1.94228e-06
387.4	1.9283e-06
387.5	1.91226e-06
387.6	1.89698e-06
387.7	1.88247e-06
387.8	1.86876e-06
387.9	1.85584e-06
388	1.84376e-06
388.1	1.83251e-06
388.2	1.82212e-06
388.3	1.81261e-06
388.4	1.80397e-06
388.5	1.79624e-06
388.6	1.78941e-06
388.7	1.78351e-06
388.8	1.77853e-06
388.9	1.77449e-06
389	1.77139e-06
389.1	1.76924e-06
389.2	1.76803e-06
389.3	1.7678e-06
389.4	1.76858e-06
389.5	1.77036e-06
389.6	1.77313e-06
389.7	1.77689e-06
389.8	1.78164e-06
389.9	1.78737e-06
390	1.79407e-06
390.1	1.80172e-06
390.2	1.81032e-06
390.3	1.81985e-06
390.4	1.8303e-06
390.5	1.84165e-06
390.6	1.85389e-06
390.7	1.86699e-06
390.8	1.88095e-06
390.9	1.89523e-06
391	1.90668e-06
391.1	1.91857e-06
391.2	1.93089e-06
391.3	1.94363e-06
391.4	1.95678e-06
391.5	1.97033e-06
391.6	1.98429e-06
391.7	1.99862e-06
391.8	2.01334e-06
391.9	2.02843e-06
392	2.04389e-06
392.1	2.0597e-06
392.2	2.07585e-06
392.3	2.09235e-06
392.4	2.10917e-06
392.5	2.12632e-06
392.6	2.14379e-06
392.7	2.16156e-06
392.8	2.17963e-06
392.9	2.198e-06
393	2.21665e-06
393.1	2.23553e-06
393.2	2.24459e-06
393.3	2.25371e-06
393.4	2.26288e-06
393.5	2.27212e-06
393.6	2.28141e-06
393.7	2.29076e-06
393.8	2.30017e-06
393.9	2.30963e-06
394	2.31914e-06
394.1	2.32872e-06
394.2	2.33834e-06
394.3	2.34802e-06
394.4	2.35775e-06
394.5	2.36754e-06
394.6	2.37737e-06
394.7	2.38725e-06
394.8	2.39719e-06
394.9	2.40717e-06
395	2.41721e-06
395.1	2.42729e-06
395.2	2.43742e-06
395.3	2.44759e-06
395.4	2.45781e-06
395.5	2.46808e-06
395.6	2.47839e-06
395.7	2.48875e-06
395.8	2.49915e-06
395.9	2.5096e-06
396	2.52009e-06
396.1	2.5247e-06
396.2	2.52287e-06
396.3	2.52105e-06
396.4	2.51922e-06
396.5	2.5174e-06
396.6	2.51558e-06
396.7	2.51376e-06
396.8	2.51194e-06
396.9	2.51013e-06
397	2.50831e-06
397.1	2.5065e-06
397.2	2.50469e-06
397.3	2.50288e-06
397.4	2.50107e-06
397.5	2.49926e-06
397.6	2.49745e-06
397.7	2.49564e-06
397.8	2.49384e-06
397.9	2.49204e-06
398	2.49023e-06
398.1	2.48843e-06
398.2	2.48663e-06
398.3	2.48484e-06
398.4	2.48304e-06
398.5	2.48124e-06
398.6	2.47945e-06
398.7	2.47766e-06
398.8	2.47587e-06
398.9	2.47408e-06
399	2.47229e-06
399.1	2.4705e-06
399.2	2.46871e-06
399.3	2.46693e-06
399.4	2.45439e-06
399.5	2.4407e-06
399.6	2.4271e-06
399.7	2.41358e-06
399.8	2.40014e-06
399.9	2.3868e-06
400	2.37355e-06
400.1	2.36038e-06
400.2	2.34732e-06
400.3	2.33434e-06
400.4	2.32146e-06
400.5	2.30868e-06
400.6	2.296e-06
400.7	2.28342e-06
400.8	2.27095e-06
400.9	2.25857e-06
401	2.24631e-06
401.1	2.23415e-06
401.2	2.2221e-06
401.3	2.21017e-06
401.4	2.19834e-06
401.5	2.18664e-06
401.6	2.17505e-06
401.7	2.16357e-06
401.8	2.15222e-06
401.9	2.14099e-06
402	2.12989e-06
402.1	2.11469e-06
402.2	2.09554e-06
402.3	2.07682e-06
402.4	2.05853e-06
402.5	2.04069e-06
402.6	2.0233e-06
402.7	2.00638e-06
402.8	1.98994e-06
402.9	1.974e-06
403	1.95856e-06
403.1	1.94364e-06
403.2	1.92925e-06
403.3	1.9154e-06
403.4	1.9021e-06
403.5	1.88937e-06
403.6	1.87721e-06
403.7	1.86564e-06
403.8	1.85467e-06
403.9	1.84431e-06
404	1.83456e-06
404.1	1.82501e-06
404.2	1.81476e-06
404.3	1.80549e-06
404.4	1.79721e-06
404.5	1.78992e-06
404.6	1.78366e-06
404.7	1.77842e-06
404.8	1.77422e-06
404.9	1.77106e-06
405	1.76896e-06
405.1	1.7679e-06
405.2	1.7679e-06
405.3	1.76895e-06
405.4	1.77106e-06
405.5	1.77421e-06
405.6	1.77841e-06
405.7	1.78364e-06
405.8	1.78977e-06
405.9	1.79616e-06
406	1.80335e-06
406.1	1.81132e-06
406.2	1.82006e-06
406.3	1.82956e-06
406.4	1.83982e-06
406.5	1.85081e-06
406.6	1.86253e-06
406.7	1.87496e-06
406.8	1.88808e-06
406.9	1.90189e-06
407	1.91637e-06
407.1	1.9315e-06
407.2	1.94726e-06
407.3	1.96365e-06
407.4	1.98065e-06
407.5	1.99823e-06
407.6	2.0164e-06
407.7	2.03356e-06
407.8	2.04559e-06
407.9	2.05784e-06
408	2.07029e-06
408.1	2.08295e-06
408.2	2.0958e-06
408.3	2.10886e-06
408.4	2.12211e-06
408.5	2.13555e-06
408.6	2.14918e-06
408.7	2.16299e-06
408.8	2.17698e-06
408.9	2.19114e-06
409	2.20548e-06
409.1	2.21999e-06
409.2	2.23466e-06
409.3	2.2495e-06
409.4	2.2645e-06
409.5	2.27965e-06
409.6	2.29496e-06
409.7	2.31041e-06
409.8	2.32602e-06
409.9	2.34177e-06
410	2.35766e-06
410.1	2.37369e-06
410.2	2.38986e-06
410.3	2.39675e-06
410.4	2.40151e-06
410.5	2.40628e-06
410.6	2.41106e-06
410.7	2.41585e-06
410.8	2.42066e-06
410.9	2.42547e-06
411	2.4303e-06
411.1	2.43514e-06
411.2	2.43998e-06
411.3	2.44484e-06
411.4	2.44971e-06
411.5	2.45459e-06
411.6	2.45948e-06
411.7	2.46438e-06
411.8	2.46929e-06
411.9	2.47421e-06
412	2.47914e-06
412.1	2.48409e-06
412.2	2.48904e-06
412.3	2.494e-06
412.4	2.49897e-06
412.5	2.50395e-06
412.6	2.50894e-06
412.7	2.51394e-06
412.8	2.51895e-06
412.9	2.52397e-06
413	2.52901e-06
413.1	2.53404e-06
413.2	2.53909e-06
413.3	2.54415e-06
413.4	2.54922e-06
413.5	2.54299e-06
413.6	2.53561e-06
413.7	2.52825e-06
413.8	2.52091e-06
413.9	2.5136e-06
414	2.5063e-06
414.1	2.49902e-06
414.2	2.49177e-06
414.3	2.48454e-06
414.4	2.47732e-06
414.5	2.47013e-06
414.6	2.46297e-06
414.7	2.45582e-06
414.8	2.4487e-06
414.9	2.44159e-06
415	2.43452e-06
415.1	2.42746e-06
415.2	2.42043e-06
415.3	2.41342e-06
415.4	2.40643e-06
415.5	2.39947e-06
415.6	2.39253e-06
415.7	2.38562e-06
415.8	2.37873e-06
415.9	2.37186e-06
416	2.36502e-06
416.1	2.3582e-06
416.2	2.35141e-06
416.3	2.34465e-06
416.4	2.33791e-06
416.5	2.3312e-06
416.6	2.31537e-06
416.7	2.29792e-06
416.8	2.28067e-06
416.9	2.26361e-06
417	2.24675e-06
417.1	2.23009e-06
417.2	2.21364e-06
417.3	2.1974e-06
417.4	2.18138e-06
417.5	2.16558e-06
417.6	2.15001e-06
417.7	2.13467e-06
417.8	2.11957e-06
417.9	2.10471e-06
418	2.09009e-06
418.1	2.07573e-06
418.2	2.06163e-06
418.3	2.04779e-06
418.4	2.03422e-06
418.5	2.02092e-06
418.6	2.0079e-06
418.7	1.99517e-06
418.8	1.98272e-06
418.9	1.97057e-06
419	1.95395e-06
419.1	1.93717e-06
419.2	1.92109e-06
419.3	1.90572e-06
419.4	1.89108e-06
419.5	1.87718e-06
419.6	1.86405e-06
419.7	1.8517e-06
419.8	1.84014e-06
419.9	1.82939e-06
420	1.81946e-06
420.1	1.81037e-06
420.2	1.80213e-06
420.3	1.79476e-06
420.4	1.78825e-06
420.5	1.78263e-06
420.6	1.7779e-06
420.7	1.77407e-06
420.8	1.77104e-06
420.9	1.76896e-06
421	1.76791e-06
421.1	1.76788e-06
421.2	1.76888e-06
421.3	1.77091e-06
421.4	1.77396e-06
421.5	1.77802e-06
421.6	1.78309e-06
421.7	1.78917e-06
421.8	1.79623e-06
421.9	1.80428e-06
422	1.81328e-06
422.1	1.82325e-06
422.2	1.83414e-06
422.3	1.84596e-06
422.4	1.85868e-06
422.5	1.87103e-06
422.6	1.882e-06
422.7	1.89347e-06
422.8	1.90544e-06
422.9	1.91789e-06
423	1.93081e-06
423.1	1.9442e-06
423.2	1.95805e-06
423.3	1.97234e-06
423.4	1.98706e-06
423.5	2.00222e-06
423.6	2.01779e-06
423.7	2.03376e-06
423.8	2.05014e-06
423.9	2.0669e-06
424	2.08404e-06
424.1	2.10155e-06
424.2	2.11942e-06
424.3	2.13764e-06
424.4	2.15621e-06
424.5	2.17511e-06
424.6	2.19433e-06
424.7	2.2044e-06
424.8	2.21436e-06
424.9	2.22439e-06
425	2.23451e-06
425.1	2.24471e-06
425.2	2.25498e-06
425.3	2.26532e-06
425.4	2.27574e-06
425.5	2.28623e-06
425.6	2.2968e-06
425.7	2.30743e-06
425.8	2.31814e-06
425.9	2.32892e-06
426	2.33976e-06
426.1	2.35067e-06
426.2	2.36165e-06
426.3	2.37269e-06
426.4	2.3838e-06
426.5	2.39497e-06
426.6	2.4062e-06
426.7	2.4175e-06
426.8	2.42885e-06
426.9	2.44027e-06
427	2.45174e-06
427.1	2.46328e-06
427.2	2.47487e-06
427.3	2.48652e-06
427.4	2.49822e-06
427.5	2.50752e-06
427.6	2.50704e-06
427.7	2.50655e-06
427.8	2.50607e-06
427.9	2.50558e-06
428	2.5051e-06
428.1	2.50462e-06
428.2	2.50413e-06
428.3	2.50365e-06
428.4	2.50316e-06
428.5	2.50268e-06
428.6	2.5022e-06
428.7	2.50171e-06
428.8	2.50123e-06
428.9	2.50075e-06
429	2.50026e-06
429.1	2.49978e-06
429.2	2.4993e-06
429.3	2.49881e-06
429.4	2.49833e-06
429.5	2.49785e-06
429.6	2.49737e-06
429.7	2.49688e-06
429.8	2.4964e-06
429.9	2.49592e-06
430	2.49544e-06
430.1	2.49495e-06
430.2	2.49447e-06
430.3	2.49399e-06
430.4	2.49351e-06
430.5	2.49303e-06
430.6	2.49254e-06
430.7	2.49206e-06
430.8	2.48524e-06
430.9	2.47265e-06
431	2.46013e-06
431.1	2.44768e-06
431.2	2.4353e-06
431.3	2.42298e-06
431.4	2.41074e-06
431.5	2.39857e-06
431.6	2.38647e-06
431.7	2.37445e-06
431.8	2.3625e-06
431.9	2.35063e-06
432	2.33884e-06
432.1	2.32712e-06
432.2	2.31549e-06
432.3	2.30393e-06
432.4	2.29246e-06
432.5	2.28107e-06
432.6	2.26977e-06
432.7	2.25855e-06
432.8	2.24742e-06
432.9	2.23638e-06
433	2.22543e-06
433.1	2.21457e-06
433.2	2.2038e-06
433.3	2.19313e-06
433.4	2.18255e-06
433.5	2.17207e-06
433.6	2.15884e-06
433.7	2.13961e-06
433.8	2.12074e-06
433.9	2.10224e-06
434	2.08413e-06
434.1	2.06642e-06
434.2	2.04911e-06
434.3	2.03222e-06
434.4	2.01575e-06
434.5	1.99972e-06
434.6	1.98413e-06
434.7	1.96901e-06
434.8	1.95435e-06
434.9	1.94017e-06
435	1.92648e-06
435.1	1.91329e-06
435.2	1.90061e-06
435.3	1.88845e-06
435.4	1.87682e-06
435.5	1.86573e-06
435.6	1.85519e-06
435.7	1.84417e-06
435.8	1.83241e-06
435.9	1.82158e-06
436	1.81171e-06
436.1	1.8028e-06
436.2	1.79487e-06
436.3	1.78794e-06
436.4	1.78202e-06
436.5	1.77711e-06
436.6	1.77323e-06
436.7	1.77038e-06
436.8	1.76857e-06
436.9	1.7678e-06
437	1.76807e-06
437.1	1.76938e-06
437.2	1.77172e-06
437.3	1.77511e-06
437.4	1.77942e-06
437.5	1.78435e-06
437.6	1.79015e-06
437.7	1.79679e-06
437.8	1.80427e-06
437.9	1.81258e-06
438	1.8217e-06
438.1	1.83163e-06
438.2	1.84235e-06
438.3	1.85385e-06
438.4	1.86611e-06
438.5	1.87912e-06
438.6	1.89286e-06
438.7	1.90732e-06
438.8	1.92248e-06
438.9	1.93832e-06
439	1.95483e-06
439.1	1.972e-06
439.2	1.9898e-06
439.3	2.0034e-06
439.4	2.01571e-06
439.5	2.02828e-06
439.6	2.0411e-06
439.7	2.05416e-06
439.8	2.06747e-06
439.9	2.08101e-06
440	2.09479e-06
440.1	2.10879e-06
440.2	2.12301e-06
440.3	2.13746e-06
440.4	2.15212e-06
440.5	2.16699e-06
440.6	2.18206e-06
440.7	2.19734e-06
440.8	2.21282e-06
440.9	2.22848e-06
441	2.24434e-06
441.1	2.26038e-06
441.2	2.27661e-06
441.3	2.29301e-06
441.4	2.30959e-06
441.5	2.32633e-06
441.6	2.34324e-06
441.7	2.35836e-06
441.8	2.36427e-06
441.9	2.3702e-06
442	2.37615e-06
442.1	2.38211e-06
442.2	2.3881e-06
442.3	2.3941e-06
442.4	2.40012e-06
442.5	2.40616e-06
442.6	2.41221e-06
442.7	2.41829e-06
442.8	2.42438e-06
442.9	2.43049e-06
443	2.43661e-06
443.1	2.44276e-06
443.2	2.44892e-06
443.3	2.45509e-06
443.4	2.46129e-06
443.5	2.4675e-06
443.6	2.47373e-06
443.7	2.47997e-06
443.8	2.48623e-06
443.9	2.49251e-06
444	2.4988e-06
444.1	2.50511e-06
444.2	2.51143e-06
444.3	2.51777e-06
444.4	2.52412e-06
444.5	2.53049e-06
444.6	2.53688e-06
444.7	2.54328e-06
444.8	2.5497e-06
444.9	2.54716e-06
445	2.54111e-06
445.1	2.53508e-06
445.2	2.52906e-06
445.3	2.52305e-06
445.4	2.51706e-06
445.5	2.51109e-06
445.6	2.50512e-06
445.7	2.49917e-06
445.8	2.49324e-06
445.9	2.48732e-06
446	2.48141e-06
446.1	2.47552e-06
446.2	2.46964e-06
446.3	2.46378e-06
446.4	2.45793e-06
446.5	2.45209e-06
446.6	2.44628e-06
446.7	2.44047e-06
446.8	2.43468e-06
446.9	2.42891e-06
447	2.42315e-06
447.1	2.41741e-06
447.2	2.41169e-06
447.3	2.40597e-06
447.4	2.40028e-06
447.5	2.3946e-06
447.6	2.38894e-06
447.7	2.38329e-06
447.8	2.37766e-06
447.9	2.37205e-06
448	2.36497e-06
448.1	2.34816e-06
448.2	2.33151e-06
448.3	2.31502e-06
448.4	2.2987e-06
448.5	2.28254e-06
448.6	2.26654e-06
448.7	2.25073e-06
448.8	2.23509e-06
448.9	2.21963e-06
449	2.20435e-06
449.1	2.18926e-06
449.2	2.17437e-06
449.3	2.15967e-06
449.4	2.14517e-06
449.5	2.13088e-06
449.6	2.11679e-06
449.7	2.10292e-06
449.8	2.08926e-06
449.9	2.07583e-06
450	2.06262e-06
450.1	2.04964e-06
450.2	2.0369e-06
450.3	2.0244e-06
450.4	2.01213e-06
450.5	1.998e-06
450.6	1.98005e-06
450.7	1.96272e-06
450.8	1.94602e-06
450.9	1.92998e-06
451	1.9146e-06
451.1	1.8999e-06
451.2	1.8859e-06
451.3	1.87262e-06
451.4	1.86007e-06
451.5	1.84826e-06
451.6	1.83721e-06
451.7	1.82693e-06
451.8	1.81744e-06
451.9	1.80875e-06
452	1.80087e-06
452.1	1.7938e-06
452.2	1.78757e-06
452.3	1.78218e-06
452.4	1.77735e-06
452.5	1.77341e-06
452.6	1.7705e-06
452.7	1.76863e-06
452.8	1.76781e-06
452.9	1.76803e-06
453	1.7693e-06
453.1	1.77161e-06
453.2	1.77497e-06
453.3	1.77935e-06
453.4	1.78476e-06
453.5	1.79119e-06
453.6	1.79862e-06
453.7	1.80704e-06
453.8	1.81645e-06
453.9	1.82682e-06
454	1.83813e-06
454.1	1.84884e-06
454.2	1.85914e-06
454.3	1.87002e-06
454.4	1.88146e-06
454.5	1.89345e-06
454.6	1.90598e-06
454.7	1.91903e-06
454.8	1.93261e-06
454.9	1.94669e-06
455	1.96126e-06
455.1	1.97633e-06
455.2	1.99186e-06
455.3	2.00786e-06
455.4	2.02431e-06
455.5	2.0412e-06
455.6	2.05852e-06
455.7	2.07626e-06
455.8	2.09441e-06
455.9	2.11296e-06
456	2.1319e-06
456.1	2.15121e-06
456.2	2.16302e-06
456.3	2.17371e-06
456.4	2.1845e-06
456.5	2.19539e-06
456.6	2.20638e-06
456.7	2.21747e-06
456.8	2.22866e-06
456.9	2.23995e-06
457	2.25133e-06
457.1	2.2628e-06
457.2	2.27436e-06
457.3	2.28602e-06
457.4	2.29776e-06
457.5	2.30959e-06
457.6	2.32151e-06
457.7	2.33352e-06
457.8	2.3456e-06
457.9	2.35777e-06
458	2.37002e-06
458.1	2.38235e-06
458.2	2.39476e-06
458.3	2.40725e-06
458.4	2.41981e-06
458.5	2.43245e-06
458.6	2.44516e-06
458.7	2.45795e-06
458.8	2.4708e-06
458.9	2.48373e-06
459	2.48615e-06
459.1	2.48698e-06
459.2	2.48782e-06
459.3	2.48866e-06
459.4	2.4895e-06
459.5	2.49034e-06
459.6	2.49118e-06
459.7	2.49202e-06
459.8	2.49286e-06
459.9	2.49369e-06
460	2.49453e-06
460.1	2.49538e-06
460.2	2.49622e-06
460.3	2.49706e-06
460.4	2.4979e-06
460.5	2.49874e-06
460.6	2.49958e-06
460.7	2.50042e-06
460.8	2.50127e-06
460.9	2.50211e-06
461	2.50295e-06
461.1	2.50379e-06
461.2	2.50464e-06
461.3	2.50548e-06
461.4	2.50633e-06
461.5	2.50717e-06
461.6	2.50801e-06
461.7	2.50886e-06
461.8	2.5097e-06
461.9	2.51055e-06
462	2.5114e-06
462.1	2.51224e-06
462.2	2.51055e-06
462.3	2.49914e-06
462.4	2.48779e-06
462.5	2.47649e-06
462.6	2.46524e-06
462.7	2.45404e-06
462.8	2.4429e-06
462.9	2.43182e-06
463	2.42079e-06
463.1	2.40982e-06
463.2	2.3989e-06
463.3	2.38805e-06
463.4	2.37725e-06
463.5	2.36652e-06
463.6	2.35584e-06
463.7	2.34523e-06
463.8	2.33468e-06
463.9	2.3242e-06
464	2.31377e-06
464.1	2.30342e-06
464.2	2.29313e-06
464.3	2.28291e-06
464.4	2.27275e-06
464.5	2.26267e-06
464.6	2.25265e-06
464.7	2.24271e-06
464.8	2.23284e-06
464.9	2.22304e-06
465	2.21331e-06
465.1	2.20153e-06
465.2	2.18244e-06
465.3	2.16365e-06
465.4	2.14519e-06
465.5	2.12706e-06
465.6	2.10927e-06
465.7	2.09183e-06
465.8	2.07474e-06
465.9	2.05802e-06
466	2.04167e-06
466.1	2.0257e-06
466.2	2.01013e-06
466.3	1.99496e-06
466.4	1.98019e-06
466.5	1.96585e-06
466.6	1.95194e-06
466.7	1.93846e-06
466.8	1.92544e-06
466.9	1.91287e-06
467	1.90076e-06
467.1	1.88913e-06
467.2	1.87798e-06
467.3	1.86529e-06
467.4	1.85217e-06
467.5	1.83994e-06
467.6	1.82862e-06
467.7	1.81821e-06
467.8	1.80875e-06
467.9	1.80023e-06
468	1.79269e-06
468.1	1.78612e-06
468.2	1.78054e-06
468.3	1.77596e-06
468.4	1.77239e-06
468.5	1.76983e-06
468.6	1.76829e-06
468.7	1.76777e-06
468.8	1.76827e-06
468.9	1.76978e-06
469	1.77227e-06
469.1	1.77561e-06
469.2	1.77986e-06
469.3	1.78502e-06
469.4	1.79108e-06
469.5	1.79802e-06
469.6	1.80584e-06
469.7	1.81453e-06
469.8	1.82408e-06
469.9	1.83447e-06
470	1.84568e-06
470.1	1.85771e-06
470.2	1.87053e-06
470.3	1.88414e-06
470.4	1.89851e-06
470.5	1.91362e-06
470.6	1.92947e-06
470.7	1.94602e-06
470.8	1.96213e-06
470.9	1.97427e-06
471	1.98672e-06
471.1	1.99948e-06
471.2	2.01253e-06
471.3	2.02588e-06
471.4	2.03951e-06
471.5	2.05343e-06
471.6	2.06762e-06
471.7	2.08208e-06
471.8	2.0968e-06
471.9	2.11179e-06
472	2.12702e-06
472.1	2.1425e-06
472.2	2.15823e-06
472.3	2.17419e-06
472.4	2.19039e-06
472.5	2.20681e-06
472.6	2.22345e-06
472.7	2.24031e-06
472.8	2.25739e-06
472.9	2.27467e-06
473	2.29215e-06
473.1	2.30983e-06
473.2	2.32285e-06
473.3	2.32986e-06
473.4	2.3369e-06
473.5	2.34397e-06
473.6	2.35107e-06
473.7	2.35819e-06
473.8	2.36534e-06
473.9	2.37252e-06
474	2.37973e-06
474.1	2.38696e-06
474.2	2.39422e-06
474.3	2.40151e-06
474.4	2.40882e-06
474.5	2.41616e-06
474.6	2.42353e-06
474.7	2.43092e-06
474.8	2.43834e-06
474.9	2.44578e-06
475	2.45324e-06
475.1	2.46073e-06
475.2	2.46825e-06
475.3	2.47579e-06
475.4	2.48335e-06
475.5	2.49094e-06
475.6	2.49855e-06
475.7	2.50618e-06
475.8	2.51384e-06
475.9	2.52152e-06
476	2.52922e-06
476.1	2.53694e-06
476.2	2.54469e-06
476.3	2.54587e-06
476.4	2.54117e-06
476.5	2.53648e-06
476.6	2.5318e-06
476.7	2.52713e-06
476.8	2.52246e-06
476.9	2.51781e-06
477	2.51316e-06
477.1	2.50852e-06
477.2	2.50389e-06
477.3	2.49927e-06
477.4	2.49465e-06
477.5	2.49005e-06
477.6	2.48545e-06
477.7	2.48086e-06
477.8	2.47628e-06
477.9	2.47171e-06
478	2.46715e-06
478.1	2.4626e-06
478.2	2.45805e-06
478.3	2.45352e-06
478.4	2.44899e-06
478.5	2.44447e-06
478.6	2.43997e-06
478.7	2.43547e-06
478.8	2.43098e-06
478.9	2.4265e-06
479	2.42203e-06
479.1	2.41756e-06
479.2	2.41311e-06
479.3	2.40867e-06
479.4	2.40424e-06
479.5	2.39387e-06
479.6	2.37799e-06
479.7	2.36224e-06
479.8	2.34663e-06
479.9	2.33115e-06
480	2.31581e-06
480.1	2.30061e-06
480.2	2.28556e-06
480.3	2.27065e-06
480.4	2.25589e-06
480.5	2.24128e-06
480.6	2.22682e-06
480.7	2.21253e-06
480.8	2.19839e-06
480.9	2.18442e-06
481	2.17062e-06
481.1	2.15699e-06
481.2	2.14353e-06
481.3	2.13025e-06
481.4	2.11715e-06
481.5	2.10424e-06
481.6	2.09151e-06
481.7	2.07897e-06
481.8	2.06663e-06
481.9	2.05448e-06
482	2.04254e-06
482.1	2.02459e-06
482.2	2.00633e-06
482.3	1.98863e-06
482.4	1.9715e-06
482.5	1.95496e-06
482.6	1.93903e-06
482.7	1.92372e-06
482.8	1.90904e-06
482.9	1.89501e-06
483	1.88165e-06
483.1	1.86896e-06
483.2	1.85696e-06
483.3	1.84568e-06
483.4	1.83511e-06
483.5	1.82527e-06
483.6	1.81617e-06
483.7	1.80783e-06
483.8	1.80025e-06
483.9	1.79345e-06
484	1.78683e-06
484.1	1.78104e-06
484.2	1.77629e-06
484.3	1.77259e-06
484.4	1.76992e-06
484.5	1.76832e-06
484.6	1.76777e-06
484.7	1.76827e-06
484.8	1.76984e-06
484.9	1.77245e-06
485	1.77612e-06
485.1	1.78082e-06
485.2	1.78656e-06
485.3	1.79333e-06
485.4	1.80111e-06
485.5	1.80988e-06
485.6	1.81965e-06
485.7	1.82888e-06
485.8	1.83834e-06
485.9	1.84844e-06
486	1.85917e-06
486.1	1.87051e-06
486.2	1.88246e-06
486.3	1.89501e-06
486.4	1.90814e-06
486.5	1.92184e-06
486.6	1.9361e-06
486.7	1.95091e-06
486.8	1.96625e-06
486.9	1.98211e-06
487	1.99849e-06
487.1	2.01536e-06
487.2	2.03271e-06
487.3	2.05054e-06
487.4	2.06883e-06
487.5	2.08757e-06
487.6	2.10674e-06
487.7	2.12077e-06
487.8	2.13205e-06
487.9	2.14346e-06
488	2.155e-06
488.1	2.16666e-06
488.2	2.17846e-06
488.3	2.19038e-06
488.4	2.20242e-06
488.5	2.21458e-06
488.6	2.22686e-06
488.7	2.23925e-06
488.8	2.25176e-06
488.9	2.26439e-06
489	2.27712e-06
489.1	2.28996e-06
489.2	2.30291e-06
489.3	2.31597e-06
489.4	2.32913e-06
489.5	2.34239e-06
489.6	2.35575e-06
489.7	2.36921e-06
489.8	2.38276e-06
489.9	2.39641e-06
490	2.41016e-06
490.1	2.424e-06
490.2	2.43792e-06
490.3	2.45194e-06
490.4	2.46033e-06
490.5	2.46246e-06
490.6	2.4646e-06
490.7	2.46673e-06
490.8	2.46887e-06
490.9	2.47101e-06
491	2.47316e-06
491.1	2.4753e-06
491.2	2.47745e-06
491.3	2.4796e-06
491.4	2.48175e-06
491.5	2.4839e-06
491.6	2.48605e-06
491.7	2.48821e-06
491.8	2.49037e-06
491.9	2.49253e-06
492	2.49469e-06
492.1	2.49685e-06
492.2	2.49902e-06
492.3	2.50118e-06
492.4	2.50335e-06
492.5	2.50552e-06
492.6	2.5077e-06
492.7	2.50987e-06
492.8	2.51205e-06
492.9	2.51423e-06
493	2.51641e-06
493.1	2.51859e-06
493.2	2.52077e-06
493.3	2.52296e-06
493.4	2.52515e-06
493.5	2.52734e-06
493.6	2.52953e-06
493.7	2.5201e-06
493.8	2.50997e-06
493.9	2.49988e-06
494	2.48983e-06
494.1	2.47982e-06
494.2	2.46985e-06
494.3	2.45993e-06
494.4	2.45004e-06
494.5	2.44021e-06
494.6	2.43041e-06
494.7	2.42066e-06
494.8	2.41095e-06
494.9	2.40129e-06
495	2.39168e-06
495.1	2.38211e-06
495.2	2.37258e-06
495.3	2.36311e-06
495.4	2.35368e-06
495.5	2.3443e-06
495.6	2.33497e-06
495.7	2.3257e-06
495.8	2.31647e-06
495.9	2.30729e-06
496	2.29816e-06
496.1	2.28909e-06
496.2	2.28007e-06
496.3	2.2711e-06
496.4	2.26219e-06
496.5	2.25333e-06
496.6	2.24227e-06
496.7	2.22351e-06
496.8	2.20502e-06
496.9	2.18681e-06
497	2.16887e-06
497.1	2.15122e-06
497.2	2.13387e-06
497.3	2.11683e-06
497.4	2.10009e-06
497.5	2.08367e-06
497.6	2.06758e-06
497.7	2.05182e-06
497.8	2.03641e-06
497.9	2.02134e-06
498	2.00663e-06
498.1	1.99228e-06
498.2	1.9783e-06
498.3	1.96471e-06
498.4	1.95151e-06
498.5	1.9387e-06
498.6	1.92629e-06
498.7	1.9143e-06
498.8	1.90273e-06
498.9	1.88803e-06
499	1.87373e-06
499.1	1.86026e-06
499.2	1.84764e-06
499.3	1.83589e-06
499.4	1.82503e-06
499.5	1.81507e-06
499.6	1.80603e-06
499.7	1.79792e-06
499.8	1.79075e-06
499.9	1.78454e-06
